1000 300
0.0341226 0.464505
0.0343168 0.496253
0.0408431 0.499517
0.0454419 0.498441
0.0499265 0.501321
0.05695 0.498667
0.0540238 0.507698
0.0598 0.511167
0.0653889 0.510741
0.0625 0.499912
0.0674377 0.498541
0.0779848 0.497717
0.0821496 0.491293
0.0896088 0.488313
0.094642 0.485
0.0990731 0.482692
0.10303 0.483602
0.107608 0.478529
0.1125 0.476839
0.117992 0.476398
0.123338 0.478397
0.127763 0.481461
0.125861 0.493087
0.121137 0.489792
0.116458 0.489534
0.111461 0.490147
0.106184 0.49371
0.0990528 0.497887
0.0932407 0.500579
0.0885384 0.505751
0.0815677 0.509119
0.0774438 0.514757
0.0734196 0.518877
0.0685124 0.520403
0.0629758 0.522831
0.0568778 0.521191
0.0505142 0.518868
0.0444626 0.515008
0.0377875 0.511597
0.0283461 0.561453
0.0353997 0.659239
0.0414834 0.696713
0.050937 0.727535
0.0613484 0.747882
0.0726899 0.760756
0.0850356 0.765139
0.0936436 0.762042
0.101866 0.755804
0.11034 0.738227
0.119225 0.708798
0.126157 0.678343
0.133514 0.637827
0.14015 0.586261
0.138862 0.509836
0.13842 0.496412
0.150899 0.481558
0.156839 0.483097
0.15466 0.492286
0.1608 0.494856
0.165226 0.500137
0.169788 0.504409
0.17392 0.510256
0.181873 0.516585
0.1894 0.517496
0.194308 0.520172
0.185389 0.524219
0.190181 0.530396
0.195626 0.531667
0.203598 0.53243
0.199065 0.524682
0.202991 0.52066
0.20738 0.520663
0.210369 0.529616
0.216956 0.525107
0.212618 0.517743
0.216888 0.512544
0.221388 0.510807
0.225471 0.512648
0.230674 0.505041
0.226791 0.497905
0.232268 0.489748
0.242536 0.482396
0.245825 0.475779
0.254262 0.482518
0.263274 0.476333
0.26143 0.486735
0.265709 0.491515
0.270589 0.490536
0.275623 0.491977
0.280474 0.491579
0.285068 0.495436
0.280073 0.501721
0.273813 0.50363
0.268729 0.502614
0.250403 0.54602
0.246527 0.594461
0.304802 0.595521
0.305539 0.640925
0.241825 0.643714
0.238868 0.677304
0.248516 0.707437
0.229113 0.72092
0.184304 0.704768
0.173515 0.732699
0.146904 0.726032
0.160368 0.752995
0.19868 0.750567
0.216538 0.756925
0.258257 0.738753
0.271979 0.756604
0.284718 0.743615
0.293872 0.707676
0.299562 0.671723
0.314752 0.672305
0.32307 0.697251
0.333558 0.719054
0.345003 0.73335
0.358758 0.731141
0.368743 0.715851
0.39935 0.717394
0.376836 0.689968
0.392079 0.681343
0.382573 0.666354
0.389945 0.650714
0.396194 0.615457
0.40435 0.559893
0.498105 0.583007
0.490677 0.645493
0.4835 0.678512
0.488732 0.69253
0.492889 0.711483
0.473852 0.701052
0.463483 0.718355
0.45208 0.731587
0.439327 0.741416
0.41006 0.739948
0.424245 0.746456
0.441214 0.766429
0.438214 0.769762
0.435611 0.773889
0.432214 0.773571
0.428375 0.777917
0.425875 0.78125
0.4226 0.784333
0.4195 0.786111
0.416621 0.787932
0.420388 0.794639
0.423389 0.796111
0.426167 0.799076
0.429376 0.802091
0.433137 0.80197
0.436216 0.802145
0.438591 0.799546
0.4415 0.801667
0.444376 0.802086
0.44675 0.799167
0.449003 0.802086
0.452505 0.800005
0.449786 0.793571
0.452625 0.792083
0.4555 0.795
0.4587 0.791667
0.463391 0.787596
0.460625 0.784583
0.457625 0.78125
0.455167 0.78537
0.451071 0.785476
0.447214 0.783571
0.443 0.785
0.4475 0.79
0.444625 0.792083
0.441375 0.792083
0.439 0.788333
0.435375 0.792083
0.432786 0.791191
0.430625 0.794583
0.427786 0.791667
0.425214 0.788333
0.430056 0.784259
0.4325 0.780714
0.434667 0.782778
0.437 0.785
0.438625 0.777917
0.441409 0.776212
0.444625 0.777917
0.45 0.778333
0.453389 0.777222
0.456125 0.77375
0.46 0.774333
0.463 0.77875
0.465071 0.775952
0.467948 0.781302
0.470945 0.773889
0.467357 0.774048
0.463375 0.767917
0.4665 0.765
0.4695 0.765
0.472214 0.764524
0.474376 0.766669
0.476929 0.760716
0.48 0.752668
0.47575 0.754167
0.473 0.755833
0.470278 0.753889
0.4673 0.755
0.463611 0.758704
0.461 0.765
0.4585 0.765
0.4552 0.765667
0.451056 0.770555
0.447375 0.774583
0.4445 0.77
0.447214 0.765476
0.4445 0.763333
0.449375 0.762083
0.451875 0.760417
0.454375 0.757917
0.457625 0.755417
0.4606 0.754333
0.464056 0.750556
0.4675 0.746667
0.471389 0.74537
0.474214 0.744524
0.476625 0.746667
0.4795 0.745
0.483 0.743334
0.478 0.739444
0.481929 0.737381
0.4855 0.735557
0.498142 0.727329
0.505327 0.738318
0.513825 0.739974
0.520271 0.730026
0.525607 0.714311
0.529647 0.695181
0.541717 0.696344
0.532883 0.671156
0.587232 0.674544
0.548352 0.723804
0.557137 0.741575
0.567145 0.749732
0.576133 0.740587
0.583808 0.717809
0.591877 0.727421
0.600033 0.733996
0.608297 0.737981
0.615164 0.739043
0.622743 0.739567
0.629484 0.738348
0.636583 0.737726
0.644663 0.733089
0.653079 0.725193
0.660658 0.713591
0.666875 0.742119
0.677093 0.760042
0.691346 0.758148
0.701532 0.727156
0.709027 0.685915
0.664593 0.681622
0.674447 0.639913
0.713521 0.638563
0.715493 0.583328
0.748585 0.581073
0.74864 0.532916
0.714971 0.531728
0.674782 0.55957
0.676078 0.516514
0.684061 0.511006
0.704535 0.502307
0.695197 0.502094
0.6907 0.503712
0.686519 0.499223
0.681129 0.500325
0.676342 0.49657
0.670722 0.500556
0.658046 0.506805
0.665534 0.493161
0.672773 0.484402
0.663103 0.475425
0.657053 0.469852
0.643013 0.461181
0.635022 0.467174
0.638723 0.474276
0.631223 0.475945
0.625165 0.469061
0.620999 0.491029
0.615369 0.490895
0.610953 0.492538
0.606973 0.493148
0.600108 0.493928
0.594018 0.496696
0.603576 0.500718
0.5978 0.506492
0.592041 0.509872
0.587439 0.564043
0.580337 0.520375
0.588166 0.503201
0.583706 0.503432
0.578718 0.500543
0.574218 0.497543
0.569751 0.498333
0.558239 0.500369
0.553677 0.495437
0.547754 0.493209
0.561258 0.489071
0.556574 0.483328
0.5515 0.481461
0.546134 0.48094
0.541459 0.485341
0.535455 0.487943
0.539195 0.494772
0.532088 0.495772
0.527808 0.496791
0.522002 0.496835
0.52385 0.506696
0.518491 0.50855
0.51486 0.502407
0.509492 0.502845
0.512637 0.514847
0.507225 0.515547
0.499774 0.52094
0.495074 0.507686
0.503875 0.504135
0.49897 0.499162
0.493624 0.491732
0.488886 0.484296
0.483178 0.476365
0.47653 0.472357
0.487644 0.457964
0.483049 0.453101
0.486309 0.44246
0.491309 0.446587
0.495214 0.443095
0.499 0.441667
0.503239 0.438623
0.50886 0.4398
0.513717 0.431377
0.51831 0.424206
0.522375 0.426667
0.525542 0.435518
0.531234 0.44546
0.522615 0.447949
0.518 0.441389
0.513283 0.448043
0.51746 0.4582
0.510674 0.460072
0.506192 0.45641
0.5025 0.456667
0.49885 0.4575
0.492857 0.460826
0.496894 0.468487
0.501752 0.474465
0.506535 0.47553
0.511274 0.476021
0.515459 0.473018
0.520425 0.471556
0.523961 0.463827
0.528459 0.463238
0.533474 0.460087
0.542791 0.45
0.547944 0.452407
0.5535 0.452246
0.558314 0.45435
0.562083 0.44788
0.566173 0.441216
0.569822 0.442489
0.579571 0.442272
0.5845 0.441667
0.589864 0.446818
0.59565 0.445
0.602375 0.447639
0.5979 0.4555
0.592282 0.459203
0.586455 0.457273
0.581545 0.455909
0.576783 0.456467
0.567224 0.459013
0.563337 0.463635
0.575168 0.471415
0.5805 0.471576
0.58492 0.471928
0.589792 0.472301
0.595897 0.470228
0.601222 0.465937
0.605972 0.462323
0.612237 0.463788
0.609506 0.452984
0.607677 0.441292
0.617506 0.432528
0.621636 0.430303
0.6259 0.426467
0.629792 0.419722
0.634352 0.421667
0.638725 0.413373
0.651766 0.409957
0.65691 0.402428
0.666194 0.402595
0.67324 0.398607
0.677336 0.392832
0.697323 0.400915
0.704748 0.413683
0.711154 0.405897
0.716357 0.402778
0.719757 0.395499
0.722633 0.39982
0.725282 0.400531
0.7289 0.402333
0.731375 0.397917
0.7263 0.391667
0.729375 0.39125
0.732375 0.38875
0.734625 0.384583
0.737625 0.382083
0.7403 0.378
0.743673 0.375
0.741214 0.368333
0.739056 0.366852
0.735214 0.368333
0.730667 0.368889
0.73225 0.364583
0.728167 0.36463
0.7238 0.363
0.719966 0.36429
0.717481 0.371044
0.719625 0.375417
0.722409 0.373788
0.7255 0.371667
0.72875 0.374167
0.732611 0.376111
0.736056 0.37537
0.729833 0.382037
0.726625 0.38125
0.724357 0.383571
0.7223 0.387333
0.719537 0.384894
0.715917 0.383358
0.712179 0.389591
0.707512 0.394398
0.703191 0.388293
0.696821 0.387066
0.69359 0.38675
0.690184 0.385758
0.685737 0.385773
0.682303 0.387158
0.67819 0.384886
0.681486 0.379648
0.688761 0.377572
0.685629 0.374093
0.682943 0.370166
0.670079 0.368189
0.6745 0.358445
0.669477 0.352192
0.661372 0.343606
0.657465 0.35008
0.660426 0.359877
0.655976 0.370844
0.66013 0.373102
0.66705 0.379353
0.65859 0.385691
0.654354 0.390406
0.641621 0.396551
0.636455 0.398788
0.63226 0.403267
0.627929 0.401667
0.624456 0.408768
0.620208 0.413611
0.616063 0.414722
0.607516 0.408333
0.602 0.406667
0.5965 0.406667
0.58869 0.398809
0.5928 0.3945
0.597 0.393333
0.601 0.391667
0.605 0.391667
0.608855 0.391105
0.616711 0.39921
0.621543 0.39413
0.618128 0.383402
0.625587 0.386449
0.63 0.384091
0.634283 0.384275
0.639763 0.385175
0.643867 0.376494
0.637667 0.373889
0.632282 0.367319
0.627357 0.369127
0.623167 0.373254
0.619466 0.368333
0.610773 0.373368
0.6075 0.375
0.604 0.375
0.600167 0.374444
0.596833 0.378889
0.593111 0.379074
0.588763 0.382895
0.585 0.391667
0.576179 0.398212
0.571284 0.40546
0.574425 0.414608
0.584083 0.408409
0.588167 0.415
0.592 0.413333
0.596227 0.420606
0.601929 0.419286
0.607602 0.424669
0.603452 0.432302
0.598773 0.433333
0.593136 0.432576
0.588773 0.431818
0.5846 0.4245
0.581207 0.428412
0.572269 0.428932
0.568993 0.423731
0.556244 0.436722
0.55074 0.437933
0.54575 0.435278
0.540091 0.432112
0.543071 0.421984
0.550375 0.422361
0.55495 0.421333
0.557892 0.41365
0.551544 0.406594
0.559472 0.399837
0.554625 0.396111
0.549409 0.39
0.544836 0.382111
0.552452 0.380079
0.557643 0.383889
0.561849 0.384571
0.573708 0.386518
0.577978 0.379627
0.586554 0.372188
0.5915 0.36627
0.596 0.362333
0.5998 0.356333
0.603722 0.36037
0.6083 0.357533
0.613397 0.358505
0.622147 0.354488
0.625921 0.346228
0.631816 0.347807
0.628333 0.356296
0.635711 0.360088
0.640262 0.362302
0.645855 0.36085
0.643342 0.35114
0.636079 0.345351
0.639735 0.344804
0.647243 0.342066
0.6434 0.334833
0.639032 0.33
0.634662 0.330795
0.6302 0.3355
0.627088 0.327941
0.623559 0.334412
0.62003 0.33621
0.6158 0.341167
0.611778 0.345556
0.604222 0.347037
0.608555 0.338704
0.603168 0.334877
0.59995 0.339241
0.597044 0.344642
0.593165 0.348946
0.5884 0.356844
0.579009 0.359825
0.575072 0.367396
0.562319 0.36875
0.55763 0.368913
0.552643 0.365635
0.547802 0.36922
0.535809 0.367835
0.531227 0.361515
0.526786 0.360397
0.522196 0.35471
0.516881 0.359762
0.51145 0.362
0.50645 0.363333
0.498734 0.363642
0.503026 0.356692
0.499963 0.349404
0.50427 0.346578
0.50844 0.348143
0.513409 0.34803
0.518595 0.345317
0.525636 0.343485
0.530357 0.346111
0.53323 0.336471
0.537342 0.335176
0.542087 0.329922
0.548002 0.324563
0.544603 0.32436
0.541242 0.321477
0.538493 0.322019
0.533472 0.323608
0.528777 0.317877
0.52585 0.316641
0.523287 0.313788
0.520396 0.314631
0.518375 0.307917
0.51565 0.307696
0.512313 0.303895
0.5215 0.302333
0.526643 0.303095
0.524375 0.305417
0.529 0.308333
0.531612 0.312579
0.533989 0.311476
0.536597 0.312282
0.539375 0.312083
0.542625 0.314583
0.545 0.315
0.547071 0.314048
0.549375 0.315417
0.551923 0.319863
0.556595 0.322619
0.55975 0.314833
0.564503 0.319149
0.575362 0.31024
0.579333 0.315728
0.577013 0.328316
0.564967 0.336053
0.561071 0.33373
0.557289 0.338509
0.553147 0.333235
0.549 0.336667
0.545093 0.337868
0.5409 0.344167
0.535413 0.350507
0.539342 0.357807
0.544087 0.354541
0.547375 0.351458
0.550735 0.351863
0.5537 0.346556
0.556711 0.354825
0.56105 0.351
0.564439 0.355014
0.57589 0.347207
0.579333 0.340926
0.588238 0.342494
0.591324 0.339839
0.595302 0.336603
0.592643 0.334048
0.588188 0.332071
0.590357 0.326905
0.588008 0.321611
0.592625 0.324583
0.5955 0.326667
0.598167 0.331296
0.6016 0.327333
0.606146 0.328287
0.612841 0.32722
0.616689 0.325334
0.609681 0.322615
0.6065 0.32
0.603625 0.32125
0.598375 0.322083
0.5955 0.318333
0.592375 0.315417
0.589833 0.315556
0.588428 0.310077
0.5945 0.309286
0.5982 0.310667
0.6005 0.316667
0.603625 0.312083
0.6065 0.313333
0.612167 0.31537
0.6155 0.316111
0.618667 0.318274
0.621456 0.318796
0.624471 0.317441
0.6308 0.318667
0.635275 0.31675
0.638405 0.316272
0.640567 0.31915
0.643906 0.318711
0.647593 0.324911
0.658092 0.329652
0.661954 0.328379
0.671725 0.324943
0.675372 0.322114
0.678661 0.325528
0.683125 0.325
0.687313 0.327708
0.687222 0.339579
0.681265 0.337157
0.676495 0.333528
0.673637 0.332039
0.669909 0.334545
0.673562 0.342511
0.677914 0.348006
0.690915 0.349752
0.695614 0.353251
0.702278 0.352222
0.700091 0.361958
0.70592 0.36322
0.710073 0.356951
0.719732 0.356908
0.723055 0.353518
0.7263 0.356667
0.728875 0.35375
0.731375 0.355417
0.734375 0.35875
0.737375 0.36125
0.742682 0.360498
0.744986 0.365745
0.749409 0.36803
0.754773 0.371364
0.75869 0.375794
0.76354 0.376067
0.765929 0.386905
0.7703 0.3858
0.774292 0.393889
0.778591 0.391515
0.78366 0.397267
0.787548 0.40627
0.791792 0.400253
0.795929 0.401349
0.7999 0.399667
0.80334 0.404129
0.806202 0.400061
0.810625 0.40125
0.813375 0.402083
0.808667 0.405556
0.807375 0.412083
0.804445 0.412169
0.799132 0.413246
0.791717 0.414565
0.78374 0.416066
0.775167 0.414028
0.779065 0.407464
0.771 0.407424
0.767318 0.40303
0.762409 0.397121
0.758326 0.391232
0.754214 0.390238
0.75075 0.384167
0.74672 0.381556
0.7435 0.383333
0.740167 0.387222
0.744306 0.391904
0.741625 0.392083
0.737375 0.39125
0.734625 0.395417
0.739 0.398333
0.742268 0.401375
0.747233 0.397667
0.7505 0.402018
0.7545 0.407857
0.75874 0.4106
0.76335 0.4125
0.750283 0.418043
0.7455 0.411667
0.740615 0.409314
0.7375 0.406905
0.735625 0.403333
0.732786 0.405
0.726662 0.408665
0.73117 0.411935
0.734494 0.41398
0.73795 0.415833
0.742132 0.423421
0.73685 0.4285
0.731642 0.42329
0.728005 0.41793
0.721745 0.414583
0.7163 0.417933
0.711 0.421282
0.706416 0.430446
0.692595 0.429736
0.688272 0.421991
0.68313 0.422635
0.670185 0.424679
0.663073 0.422032
0.654294 0.420045
0.650786 0.43133
0.646967 0.435828
0.638117 0.432813
0.642452 0.441639
0.63475 0.445556
0.630393 0.43869
0.624891 0.443696
0.6205 0.45096
0.626666 0.456667
0.631239 0.457754
0.63874 0.4538
0.647507 0.450727
0.659269 0.446028
0.666594 0.451865
0.67866 0.440514
0.682881 0.438016
0.687417 0.438056
0.691868 0.444298
0.696071 0.444683
0.698391 0.458913
0.69315 0.459681
0.688326 0.455
0.683346 0.454615
0.676034 0.457617
0.679191 0.465515
0.682724 0.472333
0.687494 0.471503
0.69251 0.47338
0.700979 0.472076
0.712821 0.485824
0.719949 0.480656
0.730498 0.482243
0.73995 0.479952
0.749507 0.490438
0.757595 0.49602
0.761761 0.491087
0.766384 0.491666
0.771825 0.490806
0.758901 0.47735
0.763583 0.474722
0.7685 0.475384
0.7735 0.475628
0.778836 0.476003
0.784124 0.479201
0.789126 0.483137
0.777472 0.489686
0.782403 0.491493
0.787482 0.493742
0.795776 0.492486
0.80458 0.48469
0.797776 0.505426
0.806054 0.513686
0.805982 0.548168
0.834885 0.559853
0.827944 0.592144
0.805545 0.58526
0.803265 0.622471
0.799063 0.658132
0.820465 0.677212
0.793289 0.687498
0.75418 0.667434
0.76024 0.706534
0.767901 0.72443
0.778277 0.722516
0.786398 0.708358
0.831979 0.73977
0.846383 0.757576
0.861112 0.763248
0.874243 0.75793
0.887208 0.746182
0.899347 0.727062
0.907544 0.70843
0.916245 0.686059
0.92374 0.65753
0.930073 0.627701
0.934548 0.597658
0.937942 0.55644
0.940595 0.508608
0.93266 0.497238
0.928274 0.492206
0.916609 0.487698
0.911474 0.488169
0.906486 0.489481
0.901603 0.493636
0.896134 0.49152
0.88988 0.496967
0.895904 0.502823
0.890003 0.508672
0.885111 0.511817
0.879765 0.51667
0.874483 0.519194
0.869522 0.522395
0.864583 0.522359
0.859727 0.521448
0.854193 0.520439
0.847676 0.516708
0.841122 0.511689
0.829786 0.52168
0.835538 0.504135
0.825268 0.489337
0.832919 0.489232
0.83852 0.496177
0.843159 0.501631
0.847452 0.50347
0.852448 0.507397
0.857912 0.507697
0.863452 0.507756
0.867926 0.508005
0.87235 0.506833
0.877562 0.50484
0.88295 0.50155
0.861306 0.480808
0.866487 0.480055
0.871284 0.478543
0.875645 0.474944
0.880214 0.47499
0.884579 0.470273
0.889135 0.469487
0.89269 0.462685
0.897194 0.463476
0.901591 0.45997
0.907381 0.460283
0.913809 0.457542
0.918103 0.456963
0.931522 0.46635
0.942216 0.465804
0.934105 0.456124
0.928995 0.450224
0.933674 0.438768
0.929313 0.431647
0.942158 0.421191
0.933722 0.420185
0.929198 0.413153
0.933674 0.401667
0.929112 0.393333
0.933528 0.384296
0.941512 0.378019
0.928451 0.37341
0.932941 0.36808
0.932838 0.350719
0.928434 0.354266
0.9185 0.358762
0.915444 0.351296
0.912111 0.346852
0.908502 0.339533
0.905786 0.34119
0.903375 0.342083
0.900167 0.338704
0.902625 0.332083
0.9055 0.331667
0.908699 0.32761
0.913409 0.330909
0.917599 0.33685
0.927165 0.33794
0.931192 0.332709
0.939778 0.328961
0.926535 0.319326
0.931185 0.311252
0.925826 0.300841
0.930095 0.287538
0.923127 0.283783
0.924263 0.270351
0.931308 0.253421
0.917576 0.223256
0.907642 0.249727
0.915967 0.252577
0.920263 0.261802
0.913463 0.264634
0.90846 0.265133
0.902464 0.268406
0.897464 0.286814
0.902607 0.284881
0.908092 0.281049
0.913945 0.281414
0.916245 0.297942
0.9115 0.296667
0.906458 0.29875
0.9013 0.301267
0.89567 0.304168
0.892457 0.319379
0.89773 0.319485
0.902178 0.315049
0.9089 0.3115
0.913024 0.314524
0.917151 0.316606
0.905635 0.320445
0.902125 0.32375
0.8995 0.328333
0.896825 0.333392
0.893 0.336667
0.889394 0.340349
0.896423 0.346166
0.89936 0.345944
0.902357 0.349286
0.905415 0.351909
0.90845 0.355332
0.90261 0.359046
0.899425 0.354975
0.89169 0.354524
0.887735 0.361074
0.895818 0.362273
0.891342 0.370614
0.896278 0.377037
0.9005 0.372727
0.905071 0.372936
0.908833 0.371667
0.9125 0.364649
0.916024 0.371508
0.918535 0.381322
0.912166 0.383611
0.916656 0.393125
0.907717 0.388768
0.902091 0.387273
0.896026 0.389912
0.891545 0.384091
0.886678 0.37984
0.876834 0.38881
0.885333 0.394444
0.88931 0.398492
0.893083 0.404583
0.89855 0.399167
0.9037 0.401167
0.907591 0.405151
0.912452 0.401032
0.918364 0.406364
0.915227 0.416667
0.910869 0.415702
0.90705 0.422167
0.902974 0.422368
0.900548 0.411984
0.895833 0.415476
0.888041 0.41625
0.88425 0.408833
0.877969 0.405125
0.873973 0.40114
0.863629 0.404048
0.858546 0.405303
0.853615 0.403333
0.848583 0.405278
0.84294 0.4086
0.836717 0.40454
0.831903 0.411458
0.825491 0.424981
0.831961 0.424102
0.837958 0.418472
0.84246 0.4254
0.847463 0.422407
0.85225 0.420139
0.856935 0.423841
0.860658 0.418509
0.864853 0.41951
0.874357 0.418214
0.878214 0.423571
0.883204 0.426052
0.891195 0.424855
0.89495 0.432167
0.899108 0.430797
0.90355 0.437333
0.908024 0.438492
0.912282 0.431232
0.918239 0.427174
0.917077 0.441923
0.911083 0.448472
0.9045 0.45049
0.89925 0.4475
0.89495 0.448167
0.890717 0.443985
0.886891 0.436594
0.874232 0.433055
0.862605 0.432018
0.864788 0.442715
0.859136 0.441364
0.854041 0.436806
0.84974 0.440067
0.84534 0.442067
0.84095 0.441333
0.836461 0.433974
0.829791 0.438889
0.833273 0.447727
0.837916 0.452639
0.843269 0.458974
0.848463 0.459074
0.85306 0.460333
0.856318 0.452727
0.861923 0.456923
0.867658 0.452193
0.872201 0.445519
0.87775 0.443194
0.883014 0.445966
0.887 0.455909
0.8805 0.458939
0.875591 0.458636
0.871071 0.462143
0.865978 0.466739
0.8585 0.46875
0.854858 0.479557
0.849555 0.477518
0.844494 0.475477
0.839342 0.470053
0.834649 0.465945
0.830276 0.459729
0.822377 0.454587
0.814373 0.440485
0.80407 0.456597
0.795288 0.464691
0.790223 0.457851
0.793007 0.448343
0.787545 0.44697
0.783529 0.451418
0.779292 0.44653
0.775068 0.447278
0.771026 0.445877
0.767763 0.44114
0.76425 0.446167
0.759632 0.445055
0.755369 0.448175
0.750535 0.449444
0.746209 0.447105
0.7415 0.45
0.736769 0.447179
0.731643 0.450238
0.72665 0.4495
0.722738 0.445794
0.719132 0.449386
0.714443 0.449637
0.709433 0.453365
0.710584 0.438041
0.7155 0.435
0.719786 0.430714
0.724458 0.429444
0.72869 0.435476
0.733289 0.436228
0.741773 0.436667
0.752 0.435303
0.74702 0.429667
0.755045 0.425606
0.759 0.428333
0.763291 0.429167
0.7675 0.422917
0.771587 0.426739
0.775591 0.432424
0.779884 0.42641
0.784 0.435909
0.795897 0.436603
0.791455 0.432576
0.787636 0.42606
0.7956 0.422333
0.800146 0.425958
0.804357 0.422323
0.807625 0.420833
0.810389 0.41463
0.812611 0.412037
0.8155 0.409444
0.818834 0.40537
0.8215 0.4
0.823929 0.397381
0.819214 0.395
0.8167 0.397333
0.8145 0.394048
0.811375 0.392083
0.808372 0.392285
0.80346 0.389127
0.7994 0.385333
0.795756 0.380945
0.7907 0.378333
0.793155 0.38634
0.78984 0.389693
0.787273 0.382861
0.782654 0.379872
0.778326 0.374565
0.773833 0.374524
0.768807 0.367564
0.773326 0.359203
0.7783 0.357133
0.783 0.361944
0.791281 0.36663
0.787826 0.370791
0.793701 0.372097
0.798079 0.368333
0.802222 0.372222
0.805652 0.367365
0.8085 0.368333
0.812056 0.369074
0.819082 0.365922
0.817 0.365
0.814625 0.364583
0.8075 0.360714
0.810722 0.360185
0.813833 0.356111
0.817 0.356667
0.820005 0.352695
0.816214 0.349762
0.8125 0.351667
0.810214 0.348333
0.807786 0.353571
0.804136 0.356225
0.800079 0.354649
0.796029 0.355392
0.787553 0.355702
0.7918 0.351833
0.795278 0.342277
0.800413 0.34002
0.803944 0.336111
0.808 0.336667
0.803997 0.344043
0.807718 0.34467
0.811625 0.34125
0.814 0.341667
0.8165 0.342619
0.819214 0.345
0.821583 0.340944
0.822739 0.333632
0.818611 0.33537
0.8151 0.333333
0.811214 0.333095
0.807357 0.329286
0.804786 0.328333
0.801625 0.32875
0.798304 0.333308
0.795289 0.331692
0.790444 0.33537
0.786974 0.341842
0.783167 0.344365
0.779318 0.339697
0.774543 0.343696
0.769224 0.346149
0.763038 0.340769
0.759024 0.334365
0.756265 0.325784
0.752545 0.321667
0.7479 0.328011
0.744375 0.327917
0.741625 0.327917
0.739375 0.332083
0.737 0.331667
0.7345 0.331667
0.731625 0.33125
0.728375 0.33125
0.7255 0.333333
0.7225 0.331667
0.717251 0.331827
0.7197 0.334
0.722 0.34125
0.726 0.339444
0.729786 0.338333
0.7325 0.34
0.734929 0.342619
0.737214 0.342143
0.739625 0.34125
0.742409 0.339545
0.745864 0.335918
0.750658 0.338333
0.7545 0.342143
0.758091 0.35197
0.765239 0.355869
0.761152 0.361522
0.7537 0.358333
0.749448 0.352895
0.745296 0.346773
0.742547 0.351871
0.739591 0.352879
0.7363 0.351667
0.7322 0.347667
0.727833 0.34537
0.724375 0.345417
0.7205 0.349286
0.718528 0.345381
0.709833 0.342222
0.705625 0.342778
0.699738 0.341667
0.69286 0.336067
0.69745 0.330833
0.702591 0.32803
0.707088 0.326036
0.716249 0.321424
0.7195 0.321667
0.7225 0.321667
0.7255 0.325
0.728944 0.322778
0.732625 0.322083
0.7355 0.321667
0.737929 0.320714
0.7404 0.319
0.744 0.319
0.747705 0.318231
0.7455 0.310714
0.74275 0.309583
0.740375 0.306667
0.73825 0.309583
0.7355 0.311667
0.732611 0.310556
0.728875 0.304167
0.7235 0.304048
0.721167 0.307778
0.7255 0.308333
0.727786 0.311667
0.730389 0.31463
0.725786 0.316905
0.722214 0.313571
0.719 0.311667
0.716625 0.312083
0.713301 0.311089
0.714625 0.304583
0.717357 0.302619
0.720357 0.300714
0.711316 0.298456
0.714375 0.295417
0.718 0.295
0.720786 0.291667
0.723167 0.293148
0.7257 0.296667
0.728375 0.295417
0.733944 0.293889
0.731389 0.299444
0.734625 0.302083
0.7374 0.299
0.7415 0.299286
0.740214 0.293095
0.7435 0.294048
0.746625 0.294583
0.748952 0.298828
0.745167 0.302037
0.748692 0.308549
0.753 0.305
0.7575 0.313333
0.762426 0.319815
0.766692 0.327949
0.7715 0.328718
0.776166 0.327063
0.781591 0.326061
0.786667 0.325139
0.792861 0.324628
0.7965 0.321667
0.7998 0.322667
0.8035 0.320714
0.808 0.321667
0.8105 0.325952
0.813625 0.325417
0.816833 0.324259
0.819611 0.327222
0.822786 0.326905
0.824609 0.32082
0.8215 0.318333
0.818591 0.312879
0.815833 0.315741
0.812 0.318333
0.809056 0.313889
0.805611 0.31537
0.802125 0.314167
0.7985 0.314048
0.795278 0.312778
0.792279 0.314983
0.7835 0.312778
0.788245 0.310781
0.792627 0.304789
0.797214 0.306429
0.800929 0.307857
0.7995 0.300714
0.802625 0.30125
0.8053 0.305333
0.808 0.305
0.810375 0.305417
0.813198 0.309702
0.815669 0.304696
0.818611 0.302037
0.8215 0.307667
0.824506 0.312263
0.826226 0.305775
0.823625 0.30125
0.825977 0.294949
0.82251 0.291255
0.819874 0.294192
0.816041 0.293757
0.811875 0.29822
0.808 0.295
0.804611 0.293889
0.801375 0.292083
0.798786 0.291667
0.7965 0.298333
0.793632 0.295941
0.788395 0.296403
0.7835 0.298333
0.778727 0.29803
0.7735 0.301667
0.777607 0.312857
0.770917 0.313056
0.766065 0.307754
0.760476 0.303293
0.756975 0.299662
0.762243 0.296095
0.765143 0.292013
0.76942 0.293133
0.774605 0.288333
0.763937 0.283828
0.760318 0.285606
0.758004 0.291667
0.754104 0.28817
0.750175 0.288108
0.747667 0.28494
0.743929 0.286429
0.74575 0.280417
0.7415 0.283333
0.738409 0.286212
0.736071 0.285952
0.7335 0.285
0.7305 0.288333
0.7275 0.284333
0.724786 0.285
0.720667 0.282222
0.718375 0.285417
0.715786 0.288333
0.7117 0.288333
0.708295 0.286935
0.6975 0.285454
0.691108 0.283116
0.686891 0.288623
0.68225 0.2825
0.678031 0.28429
0.676101 0.289641
0.673404 0.290316
0.670048 0.289946
0.668754 0.281534
0.671389 0.279444
0.6745 0.280714
0.677848 0.275204
0.674 0.273333
0.668743 0.272009
0.669786 0.265
0.667277 0.260925
0.6724 0.265667
0.6755 0.265
0.679057 0.266295
0.685167 0.272302
0.68925 0.266528
0.694625 0.272222
0.700591 0.270606
0.697262 0.260238
0.703047 0.256822
0.706519 0.245356
0.715203 0.24938
0.717333 0.257222
0.719625 0.25875
0.722864 0.25803
0.727136 0.25803
0.730864 0.25803
0.735 0.257667
0.739 0.257667
0.743165 0.254692
0.745193 0.261583
0.741045 0.264394
0.737167 0.26537
0.733214 0.265
0.7305 0.267381
0.728167 0.270185
0.725375 0.265417
0.7225 0.268333
0.718944 0.267222
0.715409 0.263788
0.712683 0.262173
0.712749 0.271207
0.709603 0.276792
0.711667 0.279444
0.7146 0.280667
0.716625 0.274583
0.7195 0.275
0.722611 0.278704
0.7255 0.275
0.730167 0.278704
0.732625 0.274583
0.734929 0.272619
0.736786 0.275476
0.7395 0.275
0.7427 0.273333
0.745497 0.271676
0.748925 0.270063
0.752792 0.269028
0.757497 0.269987
0.760909 0.26547
0.764143 0.269887
0.7605 0.275
0.756846 0.280173
0.7633 0.277
0.767912 0.275147
0.772796 0.27537
0.7787 0.280467
0.783611 0.280926
0.788333 0.281806
0.793101 0.283643
0.796437 0.286013
0.799307 0.280519
0.802625 0.284583
0.805558 0.283535
0.80863 0.283895
0.811857 0.287684
0.816548 0.279444
0.821006 0.278407
0.824849 0.281498
0.826912 0.285955
0.834679 0.288991
0.839623 0.291987
0.836833 0.293519
0.834819 0.301667
0.839902 0.301352
0.837278 0.306852
0.839893 0.312846
0.834024 0.313546
0.836375 0.315417
0.838569 0.324159
0.835625 0.325417
0.83326 0.324493
0.832492 0.336538
0.8355 0.335
0.83841 0.334925
0.848652 0.330079
0.8525 0.332242
0.855375 0.32875
0.858187 0.333434
0.86196 0.338461
0.854712 0.3406
0.850108 0.338563
0.84704 0.340766
0.838435 0.344199
0.836214 0.345476
0.833625 0.345417
0.830698 0.348927
0.836833 0.354259
0.833167 0.35463
0.828762 0.361084
0.831375 0.362083
0.835045 0.362879
0.833333 0.371404
0.830163 0.370543
0.826409 0.373714
0.829793 0.378095
0.827734 0.38307
0.823707 0.381692
0.820344 0.379109
0.8175 0.375
0.8145 0.375
0.81025 0.375
0.806587 0.379595
0.809375 0.382083
0.812611 0.383889
0.8155 0.385
0.818375 0.385417
0.821375 0.38875
0.82475 0.39
0.827233 0.391306
0.839741 0.393298
0.844674 0.39413
0.849625 0.388472
0.857309 0.391349
0.863133 0.390318
0.853954 0.38197
0.843958 0.380278
0.849958 0.372222
0.844358 0.366325
0.847178 0.361465
0.846344 0.351875
0.849351 0.34977
0.85265 0.356333
0.85775 0.353889
0.862706 0.350699
0.862795 0.363033
0.855691 0.367857
0.85962 0.376067
0.864031 0.376225
0.873864 0.379004
0.877157 0.368692
0.873487 0.358134
0.876088 0.345111
0.873057 0.33461
0.874892 0.318774
0.87146 0.318863
0.862245 0.320714
0.85957 0.322734
0.856786 0.321667
0.852375 0.322083
0.849278 0.321543
0.8545 0.316667
0.849137 0.312015
0.852389 0.310556
0.856786 0.311667
0.859375 0.312083
0.861434 0.305895
0.871371 0.303033
0.8585 0.301667
0.8555 0.305
0.850289 0.304148
0.853611 0.299444
0.849185 0.29621
0.851389 0.292778
0.856389 0.293889
0.859798 0.293033
0.867979 0.2909
0.874935 0.287396
0.866104 0.281253
0.870135 0.278707
0.867 0.271667
0.863876 0.271061
0.857138 0.271232
0.853389 0.27463
0.849188 0.276017
0.852214 0.281667
0.856214 0.278333
0.858321 0.283796
0.8542 0.287333
0.849207 0.284435
0.839272 0.282085
0.83477 0.277693
0.839203 0.269462
0.847885 0.26509
0.850375 0.26875
0.852929 0.265952
0.856525 0.262629
0.854333 0.260556
0.8505 0.26
0.847608 0.254867
0.850214 0.25119
0.852611 0.252778
0.855412 0.251516
0.858775 0.248091
0.860995 0.253905
0.863307 0.261717
0.8668 0.262333
0.870832 0.261111
0.8672 0.254333
0.8635 0.251
0.866571 0.244145
0.8613 0.240667
0.863813 0.235765
0.8585 0.238333
0.855625 0.242083
0.853214 0.24119
0.8505 0.241667
0.847274 0.245008
0.846876 0.234582
0.8495 0.231667
0.852375 0.232083
0.856046 0.231061
0.859742 0.226795
0.853836 0.224628
0.849941 0.222423
0.845239 0.221634
0.835815 0.204212
0.821242 0.186485
0.829684 0.213464
0.823511 0.220134
0.817308 0.225622
0.81108 0.221676
0.80622 0.233622
0.801167 0.233709
0.794772 0.234178
0.788004 0.22578
0.762817 0.223906
0.773916 0.245633
0.779594 0.24171
0.785333 0.245667
0.791767 0.250444
0.797543 0.248623
0.805018 0.251914
0.8005 0.258788
0.80969 0.257063
0.81462 0.2566
0.821065 0.251667
0.825009 0.242733
0.816542 0.242083
0.811092 0.24142
0.82105 0.235167
0.828153 0.231667
0.833233 0.226111
0.836824 0.237195
0.832072 0.246436
0.837789 0.253991
0.833912 0.26231
0.82494 0.264095
0.818978 0.265145
0.812636 0.271515
0.806935 0.268623
0.802423 0.273393
0.796077 0.266667
0.791375 0.269028
0.78726 0.261133
0.782357 0.263333
0.777177 0.261989
0.770961 0.259615
0.766801 0.25224
0.7615 0.253333
0.756038 0.255256
0.748943 0.247994
0.737509 0.230039
0.731069 0.230317
0.725631 0.231448
0.716357 0.229585
0.708021 0.228634
0.708626 0.207627
0.702721 0.218324
0.696817 0.220643
0.692659 0.233305
0.702086 0.235115
0.6975 0.244062
0.687783 0.24404
0.692389 0.253395
0.683992 0.25826
0.678989 0.251724
0.674842 0.254322
0.671 0.255667
0.668023 0.251624
0.672055 0.247222
0.665382 0.24542
0.6685 0.241
0.674941 0.237632
0.671625 0.23875
0.6657 0.235
0.662866 0.2328
0.670892 0.230918
0.668442 0.226159
0.665591 0.223788
0.661549 0.222881
0.66325 0.217083
0.658489 0.209674
0.666971 0.200189
0.652124 0.196465
0.638432 0.19618
0.633719 0.200297
0.62747 0.192136
0.608898 0.194934
0.61647 0.202143
0.620367 0.203056
0.623969 0.202279
0.6191 0.213667
0.622625 0.214583
0.6255 0.213333
0.628341 0.210055
0.629227 0.212879
0.632731 0.210385
0.636784 0.212997
0.641805 0.214084
0.646637 0.223329
0.650235 0.235928
0.643273 0.231515
0.638824 0.233391
0.635625 0.23125
0.632786 0.228333
0.638063 0.223226
0.634611 0.220556
0.631 0.221667
0.6275 0.221667
0.624625 0.224583
0.621375 0.222083
0.616611 0.217963
0.6143 0.213333
0.611045 0.215
0.604996 0.217014
0.609667 0.222778
0.613389 0.22537
0.615625 0.22875
0.6185 0.226667
0.620625 0.232083
0.623214 0.231667
0.62775 0.230417
0.630611 0.233889
0.633833 0.237963
0.6285 0.239286
0.625318 0.237727
0.621682 0.242273
0.618389 0.239444
0.615 0.237667
0.611611 0.233889
0.6084 0.231
0.605722 0.231296
0.603203 0.225632
0.600888 0.232897
0.590416 0.229421
0.59871 0.241288
0.595283 0.24337
0.5935 0.251667
0.597136 0.25197
0.600375 0.25
0.60275 0.245417
0.6043 0.240333
0.607375 0.24125
0.610214 0.241667
0.612833 0.24537
0.616786 0.246429
0.615333 0.251111
0.6195 0.251667
0.6243 0.248333
0.627786 0.246429
0.631625 0.244583
0.634875 0.24625
0.637246 0.242503
0.639733 0.247105
0.644764 0.245994
0.653585 0.246586
0.655635 0.258151
0.657516 0.269761
0.658766 0.282102
0.647663 0.281884
0.64375 0.2825
0.637107 0.282051
0.633 0.278333
0.630136 0.273485
0.6253 0.276667
0.623 0.275
0.621 0.278333
0.619071 0.279286
0.6165 0.280714
0.6127 0.278333
0.60925 0.27625
0.607375 0.27125
0.6038 0.274333
0.6003 0.278333
0.596833 0.27537
0.5935 0.276667
0.591214 0.281667
0.588365 0.281694
0.585807 0.289005
0.588375 0.29125
0.590667 0.292778
0.592786 0.288333
0.595214 0.285
0.597786 0.284524
0.600611 0.287593
0.604773 0.281667
0.609 0.284333
0.60625 0.289167
0.602611 0.292778
0.596 0.292917
0.5935 0.296667
0.597875 0.2975
0.600278 0.299444
0.6045 0.2975
0.607 0.298333
0.6093 0.296667
0.6118 0.302667
0.615786 0.301667
0.6185 0.298333
0.622 0.298333
0.614611 0.29463
0.611611 0.290556
0.61425 0.285833
0.617625 0.28875
0.620722 0.290185
0.623 0.285
0.627611 0.282778
0.629944 0.286111
0.6252 0.290667
0.6275 0.295
0.631703 0.292937
0.63406 0.287022
0.639745 0.291887
0.637012 0.299
0.643312 0.297708
0.647466 0.296751
0.659762 0.295429
0.670661 0.299644
0.674355 0.303675
0.67831 0.298912
0.682342 0.297105
0.686794 0.303039
0.691136 0.304242
0.694026 0.294474
0.700445 0.297977
0.696611 0.305185
0.70321 0.31157
0.698763 0.316228
0.69415 0.319667
0.69 0.319259
0.685559 0.314412
0.681222 0.311111
0.677068 0.314085
0.673146 0.316542
0.669625 0.312912
0.661889 0.311574
0.658113 0.311344
0.64745 0.309667
0.640852 0.306768
0.637017 0.307718
0.633237 0.305148
0.62929 0.301339
0.6248 0.302667
0.626938 0.309849
0.621864 0.308636
0.6183 0.308333
0.614 0.308333
0.6093 0.31
0.606125 0.305833
0.601833 0.306482
0.596071 0.304048
0.592375 0.304583
0.589833 0.300926
0.586671 0.302492
0.577587 0.296989
0.574224 0.287399
0.563141 0.287927
0.559278 0.282963
0.555032 0.288416
0.5515 0.290714
0.5485 0.291
0.5455 0.291667
0.5425 0.29
0.540214 0.287857
0.5375 0.289
0.5343 0.285
0.529786 0.283571
0.527071 0.280714
0.525214 0.277857
0.5295 0.276667
0.532214 0.278333
0.534611 0.273889
0.5375 0.277667
0.5405 0.278333
0.5434 0.281
0.546375 0.282083
0.5485 0.278333
0.551389 0.282407
0.555015 0.278181
0.5505 0.274048
0.553416 0.270355
0.55995 0.269482
0.57042 0.269465
0.574899 0.272564
0.583827 0.271403
0.588249 0.270643
0.591375 0.27125
0.595 0.268333
0.600056 0.269444
0.6033 0.265
0.6064 0.262333
0.609375 0.263333
0.613 0.262778
0.6115 0.269286
0.614611 0.269444
0.616667 0.272778
0.6187 0.266667
0.621167 0.266852
0.6235 0.265
0.6272 0.269333
0.632625 0.267917
0.635125 0.265833
0.636894 0.270914
0.641029 0.273431
0.64584 0.266076
0.641667 0.25963
0.637527 0.257341
0.635 0.254167
0.630214 0.251667
0.6275 0.254048
0.6325 0.257667
0.6293 0.261667
0.625389 0.259444
0.622167 0.255741
0.6168 0.259333
0.613375 0.255417
0.610625 0.255417
0.609071 0.249762
0.6065 0.251667
0.603625 0.254583
0.601214 0.258333
0.599 0.261667
0.596722 0.262037
0.593375 0.26125
0.590359 0.263203
0.590629 0.255408
0.580882 0.25119
0.571303 0.255107
0.56696 0.250989
0.560135 0.244946
0.555417 0.244722
0.550466 0.242928
0.5473 0.248333
0.5435 0.25
0.539944 0.246111
0.544 0.242333
0.5473 0.238333
0.541167 0.237963
0.537 0.241667
0.5335 0.244444
0.5315 0.240714
0.527214 0.240238
0.524611 0.236111
0.5275 0.233333
0.530278 0.232778
0.5335 0.235
0.53575 0.2325
0.5385 0.231667
0.5411 0.227667
0.544375 0.232083
0.546864 0.226515
0.549819 0.230493
0.554685 0.227469
0.559162 0.228056
0.564166 0.237712
0.572638 0.228817
0.564806 0.2111
0.555799 0.199507
0.545905 0.194447
0.536219 0.194179
0.529496 0.210716
0.526367 0.214728
0.5325 0.215
0.535409 0.212879
0.5385 0.211667
0.5415 0.213667
0.546012 0.215438
0.550433 0.218752
0.543318 0.221061
0.537864 0.221364
0.534375 0.224583
0.532 0.225
0.529625 0.22125
0.527375 0.225417
0.5245 0.224333
0.521993 0.219877
0.518274 0.225408
0.522 0.23125
0.519833 0.235741
0.5165 0.237667
0.513156 0.239325
0.503989 0.241973
0.510536 0.248034
0.513625 0.25
0.5165 0.248333
0.5195 0.245
0.52275 0.242917
0.52725 0.247083
0.529944 0.247963
0.525214 0.251667
0.5225 0.251667
0.519625 0.254583
0.522786 0.259762
0.526786 0.258333
0.529214 0.25881
0.5315 0.256667
0.5345 0.260714
0.53725 0.257083
0.533786 0.251667
0.536786 0.250238
0.540214 0.254524
0.541786 0.25881
0.544643 0.255952
0.5475 0.258333
0.550928 0.254467
0.556682 0.259448
0.550689 0.265071
0.544357 0.264048
0.5474 0.269
0.544625 0.272083
0.5415 0.268333
0.539 0.266667
0.5365 0.266667
0.532389 0.267222
0.5295 0.268333
0.526786 0.268809
0.524611 0.266111
0.522 0.268333
0.519722 0.267963
0.516 0.267222
0.513 0.265
0.517944 0.260926
0.515167 0.257963
0.511375 0.257917
0.508622 0.25745
0.496292 0.262235
0.485832 0.260469
0.481104 0.254599
0.474174 0.259182
0.469252 0.260485
0.4657 0.265
0.462214 0.266905
0.45929 0.263515
0.453613 0.264167
0.4505 0.265
0.447167 0.265741
0.4445 0.262333
0.441 0.265
0.438611 0.259444
0.4415 0.255
0.4445 0.251667
0.4481 0.256667
0.452051 0.255017
0.457108 0.257497
0.462412 0.257269
0.465573 0.253501
0.460505 0.249271
0.469117 0.245496
0.477129 0.244595
0.472938 0.237607
0.469116 0.224946
0.481088 0.217977
0.464152 0.210877
0.457957 0.216395
0.452601 0.204107
0.447061 0.201164
0.438976 0.209684
0.4417 0.213333
0.445423 0.216282
0.449444 0.216353
0.45276 0.220355
0.450327 0.223355
0.447389 0.22463
0.4445 0.228333
0.44075 0.2325
0.435722 0.230556
0.438375 0.227917
0.441833 0.224259
0.437986 0.224061
0.434667 0.221667
0.431676 0.216704
0.427646 0.222559
0.431 0.226667
0.4307 0.233
0.428214 0.235
0.4257 0.233333
0.422827 0.237241
0.419033 0.244018
0.4225 0.248333
0.4254 0.248667
0.4275 0.244048
0.430375 0.24125
0.4335 0.236818
0.437625 0.23875
0.440375 0.24125
0.445389 0.240556
0.443214 0.237857
0.447625 0.234583
0.4503 0.236667
0.452987 0.231145
0.460093 0.230062
0.46464 0.235284
0.4567 0.241
0.452763 0.243534
0.450214 0.248333
0.4475 0.246667
0.442 0.246667
0.438375 0.24875
0.434833 0.24537
0.431625 0.24875
0.4284 0.253
0.436056 0.253889
0.433389 0.257222
0.430786 0.258333
0.426611 0.262037
0.422864 0.25803
0.419591 0.256212
0.416318 0.256818
0.405637 0.255937
0.418 0.265
0.414389 0.267222
0.411052 0.271065
0.416333 0.272222
0.419875 0.270833
0.422375 0.26875
0.424667 0.265556
0.428786 0.265476
0.431375 0.267917
0.435167 0.26463
0.437278 0.270185
0.439625 0.275417
0.442833 0.272037
0.447214 0.273095
0.450625 0.274583
0.453669 0.275295
0.458071 0.272579
0.46225 0.27375
0.4655 0.275
0.468739 0.271667
0.472833 0.274444
0.47653 0.278443
0.484877 0.274462
0.487975 0.284624
0.499234 0.288268
0.50445 0.289333
0.509082 0.288038
0.508703 0.278566
0.50343 0.276138
0.507067 0.266662
0.5102 0.269667
0.513136 0.275303
0.5165 0.274048
0.523071 0.277381
0.520625 0.277917
0.51825 0.280833
0.515375 0.283333
0.512591 0.286212
0.5165 0.290714
0.52 0.287917
0.522389 0.290556
0.525167 0.288333
0.529 0.29
0.532375 0.292083
0.535214 0.295
0.5395 0.297381
0.54275 0.2975
0.547786 0.30119
0.5505 0.299286
0.55359 0.29701
0.5594 0.297667
0.563594 0.304518
0.555792 0.303544
0.553475 0.309564
0.550389 0.307963
0.545929 0.304048
0.543625 0.305417
0.540786 0.305
0.5375 0.301667
0.535333 0.304444
0.5325 0.301667
0.529136 0.29803
0.524786 0.296429
0.518682 0.297424
0.5148 0.297333
0.510604 0.296054
0.505214 0.302619
0.500603 0.307414
0.488892 0.299506
0.477658 0.295323
0.473778 0.290926
0.470333 0.294815
0.465332 0.296256
0.459236 0.293654
0.462169 0.289521
0.466052 0.286395
0.468621 0.281733
0.463667 0.282222
0.460391 0.280543
0.457172 0.283495
0.452014 0.284943
0.4485 0.281667
0.4455 0.278333
0.4435 0.283333
0.441333 0.281667
0.4385 0.285
0.436167 0.290185
0.4335 0.291667
0.430833 0.294444
0.439056 0.296111
0.444375 0.295417
0.4415 0.291667
0.445667 0.287778
0.447625 0.292083
0.450352 0.292897
0.45445 0.298
0.448628 0.301641
0.445625 0.303333
0.442167 0.302037
0.4375 0.302619
0.435214 0.30119
0.433 0.301667
0.430214 0.301667
0.4274 0.297667
0.424786 0.298333
0.422125 0.295833
0.4195 0.298333
0.416687 0.299434
0.415571 0.289394
0.4187 0.288667
0.420944 0.283889
0.426125 0.282917
0.424167 0.288704
0.428375 0.28875
0.431333 0.285556
0.429667 0.281111
0.43325 0.28125
0.436 0.278333
0.43325 0.272917
0.428611 0.27463
0.425375 0.274583
0.422625 0.277917
0.417833 0.278704
0.414152 0.279706
0.4042 0.286
0.406744 0.293109
0.402375 0.292083
0.399561 0.291054
0.394838 0.29223
0.392214 0.289762
0.39025 0.29125
0.38775 0.290417
0.3855 0.291667
0.379375 0.287917
0.3825 0.285
0.3855 0.281667
0.388389 0.280185
0.390611 0.277222
0.393375 0.282083
0.39661 0.283839
0.39975 0.282917
0.4015 0.278333
0.397862 0.273652
0.394833 0.273519
0.39261 0.269222
0.388987 0.266216
0.3857 0.271667
0.3827 0.273
0.378776 0.272389
0.380333 0.278889
0.374651 0.27863
0.377 0.283333
0.371429 0.284683
0.374389 0.289444
0.36781 0.290763
0.372 0.295
0.3772 0.296
0.381318 0.295606
0.383944 0.297963
0.386625 0.302083
0.390136 0.301364
0.3935 0.301667
0.396229 0.302136
0.40239 0.300221
0.405371 0.298751
0.404445 0.30752
0.408241 0.307919
0.406053 0.315788
0.407881 0.324842
0.410196 0.335389
0.420228 0.331365
0.423375 0.32875
0.4268 0.330333
0.430046 0.332879
0.433375 0.334583
0.433056 0.326111
0.4365 0.328333
0.439875 0.330417
0.443007 0.332451
0.446542 0.33809
0.45125 0.3355
0.45545 0.339333
0.45925 0.341833
0.46305 0.335167
0.467167 0.334524
0.47005 0.3435
0.475902 0.337283
0.477628 0.32437
0.472409 0.326667
0.46845 0.320167
0.4635 0.32
0.458674 0.325
0.4535 0.322895
0.447895 0.323937
0.443 0.323889
0.445054 0.319058
0.441071 0.317381
0.439375 0.322083
0.436 0.32
0.4325 0.317381
0.430167 0.320185
0.4275 0.32
0.424625 0.32125
0.41893 0.322423
0.4212 0.319
0.423786 0.313571
0.417862 0.309721
0.4205 0.308333
0.423214 0.305
0.425786 0.308333
0.428389 0.309444
0.4315 0.309286
0.434625 0.31125
0.4375 0.311667
0.440375 0.30875
0.443375 0.31125
0.447249 0.311545
0.451101 0.310074
0.45575 0.311875
0.459167 0.307778
0.463333 0.307222
0.4685 0.307222
0.47354 0.309667
0.478523 0.309544
0.489495 0.315018
0.489155 0.330221
0.501022 0.326222
0.504383 0.32332
0.507786 0.31373
0.512456 0.317679
0.517343 0.321603
0.523846 0.327243
0.528561 0.330578
0.52075 0.334
0.514818 0.333788
0.509935 0.330362
0.50639 0.336495
0.503623 0.33461
0.499567 0.336796
0.50175 0.340833
0.488971 0.343803
0.487377 0.356195
0.476223 0.3517
0.472233 0.351889
0.46514 0.352733
0.460833 0.355159
0.468778 0.361296
0.473618 0.364608
0.485985 0.367804
0.481035 0.371254
0.477091 0.370455
0.470978 0.37587
0.4655 0.371667
0.46026 0.3718
0.452417 0.367314
0.447836 0.369033
0.443076 0.367558
0.439618 0.361667
0.445418 0.358623
0.449389 0.360087
0.456636 0.360606
0.452662 0.350906
0.44791 0.350542
0.442879 0.350172
0.437788 0.347988
0.440641 0.341964
0.438375 0.337917
0.4355 0.34
0.431773 0.343788
0.4285 0.341667
0.425409 0.340455
0.4225 0.339
0.41995 0.342518
0.421477 0.351279
0.424278 0.350556
0.42825 0.350417
0.433 0.35125
0.435718 0.35373
0.43025 0.35625
0.426611 0.357222
0.424375 0.362083
0.420977 0.359091
0.411408 0.354746
0.408288 0.348731
0.399633 0.349015
0.396056 0.349444
0.392214 0.350238
0.398568 0.341288
0.395 0.341667
0.391357 0.344048
0.3885 0.345
0.3853 0.345
0.3823 0.34
0.379389 0.341296
0.374955 0.339545
0.3705 0.341667
0.367254 0.338956
0.371625 0.335833
0.376875 0.3325
0.379375 0.332083
0.384167 0.333333
0.386409 0.333788
0.3895 0.336667
0.392 0.335
0.394125 0.332917
0.399429 0.333869
0.3967 0.33
0.399203 0.325242
0.394833 0.321296
0.392056 0.324259
0.389167 0.328704
0.38275 0.327917
0.3805 0.324048
0.377625 0.32125
0.373214 0.318333
0.3708 0.314333
0.374875 0.3125
0.377375 0.312083
0.3805 0.314333
0.3835 0.318333
0.3867 0.321667
0.39 0.318333
0.397995 0.317098
0.396455 0.311145
0.394 0.311667
0.391625 0.31125
0.388389 0.310556
0.385786 0.311667
0.383 0.307667
0.3792 0.304
0.375375 0.302083
0.3723 0.305
0.369045 0.300455
0.365213 0.303774
0.368278 0.310556
0.365134 0.31557
0.3615 0.321934
0.3675 0.321667
0.370833 0.32463
0.375 0.325
0.373333 0.331111
0.3682 0.331
0.364377 0.329847
0.359584 0.336331
0.363342 0.344825
0.368857 0.348973
0.372625 0.34875
0.3755 0.35
0.378214 0.348333
0.380625 0.352083
0.383 0.351667
0.3855 0.355
0.388375 0.354583
0.392167 0.357593
0.395611 0.357845
0.398554 0.358872
0.394416 0.365749
0.391537 0.368808
0.389611 0.362762
0.386167 0.36463
0.3827 0.361667
0.379625 0.362083
0.377375 0.357917
0.374625 0.362083
0.372375 0.357917
0.369635 0.360474
0.364083 0.359305
0.359095 0.351676
0.35023 0.350193
0.346833 0.344444
0.350265 0.331863
0.346802 0.329797
0.345648 0.31895
0.349883 0.316861
0.347393 0.308333
0.344558 0.305672
0.351218 0.296522
0.346673 0.297318
0.343572 0.29484
0.347237 0.287189
0.344375 0.284583
0.341809 0.28473
0.34957 0.276032
0.345 0.275
0.341185 0.275459
0.339479 0.2675
0.342864 0.265606
0.346085 0.262473
0.337682 0.258931
0.340611 0.258704
0.341722 0.251296
0.338625 0.247917
0.336133 0.250819
0.328829 0.252038
0.322167 0.251296
0.325 0.255
0.331144 0.259893
0.3285 0.261667
0.325833 0.262222
0.323167 0.265741
0.320944 0.260556
0.318389 0.257222
0.316 0.258333
0.3135 0.255
0.3107 0.256667
0.307167 0.252037
0.303959 0.254386
0.302201 0.262116
0.3055 0.262778
0.308375 0.262083
0.313625 0.264583
0.316625 0.267917
0.3195 0.27
0.3225 0.275
0.326046 0.272273
0.329643 0.270714
0.332581 0.271282
0.328786 0.276905
0.332167 0.281296
0.334416 0.28507
0.328833 0.28463
0.324955 0.282879
0.321167 0.283148
0.317833 0.278704
0.314864 0.276515
0.312125 0.270833
0.3096 0.271
0.306722 0.272037
0.302368 0.27145
0.298869 0.273641
0.304944 0.277593
0.302014 0.281278
0.299362 0.284591
0.3045 0.286667
0.307375 0.285417
0.309611 0.282037
0.312125 0.2825
0.313625 0.28875
0.3165 0.289
0.319375 0.28875
0.323167 0.292037
0.3265 0.291667
0.329625 0.293333
0.332389 0.292778
0.33515 0.297235
0.331 0.301667
0.327625 0.30125
0.323864 0.301364
0.3205 0.298333
0.3177 0.3
0.314 0.297667
0.310611 0.293889
0.307375 0.294583
0.304625 0.294583
0.301481 0.292756
0.289052 0.29234
0.2839 0.2882
0.277615 0.284102
0.272548 0.282302
0.267893 0.282616
0.263836 0.286398
0.261537 0.284377
0.2595 0.281208
0.257335 0.28323
0.254 0.28125
0.255778 0.289167
0.249898 0.29955
0.259528 0.297152
0.265676 0.29394
0.2704 0.296
0.274818 0.299697
0.2795 0.299394
0.2835 0.305
0.287591 0.309091
0.292782 0.303719
0.303299 0.302191
0.306625 0.304583
0.309214 0.301667
0.3115 0.305
0.3158 0.307333
0.313071 0.309762
0.309 0.311667
0.304963 0.310569
0.306376 0.317653
0.309833 0.318889
0.3125 0.318333
0.3155 0.318333
0.319389 0.322037
0.3225 0.321667
0.325167 0.323519
0.3298 0.326
0.327389 0.319444
0.3295 0.315
0.324375 0.312083
0.321833 0.312778
0.318389 0.313889
0.3205 0.307381
0.32675 0.308333
0.3305 0.308889
0.333682 0.307424
0.336298 0.312536
0.332375 0.317917
0.334786 0.321667
0.336809 0.325558
0.333611 0.329815
0.336773 0.335024
0.3315 0.333333
0.327389 0.332778
0.324611 0.336111
0.3225 0.330714
0.3195 0.330714
0.3165 0.329
0.3135 0.328333
0.3105 0.328333
0.307635 0.325219
0.308056 0.334031
0.3115 0.337381
0.314625 0.337917
0.318167 0.338704
0.321125 0.339167
0.322625 0.345417
0.326278 0.343518
0.3298 0.340667
0.333625 0.34125
0.336885 0.344777
0.334943 0.352206
0.332214 0.348333
0.328955 0.350454
0.324947 0.352374
0.319 0.349
0.315944 0.346481
0.312625 0.345417
0.309213 0.342169
0.299625 0.337692
0.2959 0.343
0.291853 0.345
0.298943 0.353686
0.293478 0.356979
0.287172 0.351391
0.281846 0.343454
0.28565 0.3355
0.29025 0.334
0.2951 0.3295
0.297034 0.318168
0.292357 0.317222
0.2875 0.322778
0.28246 0.322467
0.2779 0.314867
0.27165 0.3105
0.266007 0.308453
0.26239 0.307241
0.259961 0.316569
0.263684 0.318963
0.26811 0.318514
0.273413 0.324565
0.277996 0.332707
0.269344 0.335022
0.263674 0.332703
0.266083 0.326481
0.260843 0.327583
0.255035 0.323915
0.244002 0.328126
0.240492 0.328333
0.237389 0.329444
0.2336 0.332667
0.230375 0.33125
0.234389 0.32463
0.239214 0.320238
0.241816 0.317473
0.237333 0.318333
0.235214 0.315
0.232375 0.316667
0.2305 0.321667
0.22825 0.324167
0.225625 0.32125
0.221389 0.316111
0.218416 0.311309
0.2238 0.310333
0.226722 0.312778
0.2295 0.311667
0.233333 0.308889
0.2375 0.309286
0.240579 0.308718
0.23875 0.301667
0.23525 0.30375
0.231375 0.303333
0.228375 0.302917
0.221368 0.302982
0.224558 0.300688
0.227389 0.296852
0.231944 0.29537
0.2355 0.296667
0.230258 0.27502
0.242509 0.275335
0.251582 0.271689
0.254643 0.274048
0.2575 0.271667
0.2605 0.271
0.263214 0.274524
0.265773 0.275303
0.268496 0.269365
0.27406 0.268067
0.280239 0.273116
0.287929 0.275
0.284227 0.269091
0.290463 0.25875
0.285587 0.254855
0.2787 0.257667
0.269436 0.256576
0.266197 0.260673
0.26325 0.265833
0.258214 0.263095
0.2547 0.265
0.251 0.261667
0.248389 0.252778
0.251375 0.252083
0.254375 0.255417
0.258214 0.256905
0.2617 0.258333
0.26483 0.252632
0.262375 0.247917
0.2595 0.248333
0.2565 0.249
0.253375 0.245417
0.249944 0.243889
0.2455 0.243375
0.249136 0.235303
0.252375 0.234583
0.254786 0.238333
0.2575 0.237667
0.260591 0.237121
0.263978 0.238981
0.268863 0.242539
0.274465 0.25074
0.281326 0.246014
0.2856 0.239333
0.290167 0.241825
0.294662 0.245816
0.30522 0.243764
0.3092 0.246
0.313 0.245667
0.3165 0.247667
0.31925 0.24625
0.321375 0.242083
0.324722 0.243889
0.327375 0.244583
0.330478 0.243264
0.334031 0.2438
0.339125 0.240417
0.344089 0.233599
0.336611 0.236111
0.332375 0.235417
0.329214 0.235
0.326875 0.234167
0.323375 0.235417
0.3178 0.236333
0.3145 0.236667
0.311 0.237667
0.307348 0.235516
0.311417 0.228946
0.316056 0.227593
0.3207 0.231333
0.325 0.227667
0.330071 0.227857
0.334784 0.229203
0.332726 0.221973
0.328751 0.219427
0.324688 0.217957
0.321434 0.218904
0.318476 0.22097
0.314528 0.219397
0.306201 0.215513
0.29874 0.204584
0.28761 0.206677
0.293312 0.214246
0.297527 0.227332
0.292455 0.228636
0.287583 0.224722
0.282669 0.22579
0.277737 0.232084
0.263238 0.225926
0.2593 0.227333
0.2555 0.228333
0.2525 0.225
0.2493 0.225
0.245885 0.229615
0.240888 0.220761
0.2465 0.215667
0.248611 0.21537
0.252 0.216667
0.258233 0.219578
0.255333 0.215556
0.251722 0.209815
0.257056 0.19419
0.245345 0.194678
0.196031 0.214036
0.1902 0.22
0.186 0.217667
0.183 0.221667
0.180375 0.217917
0.1775 0.218333
0.174786 0.216429
0.173214 0.221667
0.171167 0.223333
0.169667 0.217778
0.168167 0.211667
0.172115 0.209615
0.176136 0.20803
0.1795 0.208333
0.1825 0.21
0.185591 0.207121
0.188523 0.207801
0.183509 0.195431
0.179597 0.195868
0.1765 0.197133
0.173184 0.194518
0.168659 0.198942
0.165169 0.207231
0.158066 0.214208
0.162864 0.217121
0.167167 0.221667
0.1645 0.225
0.1615 0.228333
0.158115 0.230385
0.154741 0.233037
0.14234 0.232911
0.134371 0.238741
0.1317 0.234667
0.1285 0.232619
0.1233 0.23
0.126497 0.227238
0.129791 0.225687
0.125497 0.219819
0.122625 0.21875
0.131571 0.204596
0.120616 0.211542
0.117176 0.212859
0.112752 0.21367
0.106819 0.22172
0.110864 0.22197
0.115 0.223333
0.118375 0.22125
0.1205 0.227667
0.117625 0.23125
0.1155 0.235
0.1125 0.231667
0.109611 0.232037
0.103901 0.232569
0.107389 0.236111
0.105171 0.242038
0.109167 0.24537
0.111625 0.24125
0.114375 0.242083
0.1175 0.241667
0.120833 0.237963
0.1253 0.238333
0.128625 0.24125
0.131833 0.24463
0.127333 0.247778
0.123 0.245
0.1195 0.246667
0.122125 0.2525
0.125389 0.251296
0.129786 0.251667
0.135258 0.24926
0.132433 0.255087
0.128838 0.259605
0.126389 0.262778
0.1235 0.261667
0.1205 0.258333
0.117389 0.253889
0.115214 0.25119
0.1125 0.251667
0.1095 0.253333
0.106625 0.25125
0.103122 0.248515
0.100073 0.245845
0.0983063 0.255704
0.102389 0.257593
0.105389 0.259444
0.1085 0.261667
0.1115 0.26
0.114375 0.26125
0.1185 0.262619
0.115875 0.2675
0.111167 0.267963
0.1075 0.269762
0.1055 0.272619
0.103375 0.267917
0.1005 0.264333
0.0967952 0.267494
0.100044 0.274692
0.102811 0.279173
0.106167 0.281296
0.110214 0.283095
0.11725 0.2825
0.122319 0.286629
0.119585 0.287619
0.115213 0.288321
0.112944 0.289074
0.110625 0.29125
0.107625 0.28875
0.104245 0.28937
0.0979222 0.285279
0.0938818 0.290564
0.102032 0.296067
0.0972826 0.301957
0.104516 0.303269
0.106611 0.298704
0.109214 0.298333
0.11162 0.302056
0.114684 0.301156
0.117353 0.295508
0.121076 0.302292
0.1255 0.298333
0.130143 0.305095
0.139352 0.311761
0.142007 0.302627
0.13881 0.292184
0.129735 0.288405
0.125707 0.282871
0.1235 0.277366
0.120167 0.277963
0.114833 0.278333
0.109944 0.276111
0.113214 0.273095
0.118375 0.27125
0.121375 0.26875
0.124643 0.270714
0.128292 0.272846
0.138026 0.277891
0.134686 0.265736
0.138004 0.262145
0.147544 0.262422
0.152056 0.262037
0.155625 0.25875
0.151056 0.25463
0.154 0.251
0.157625 0.25125
0.1605 0.248333
0.153944 0.242778
0.1577 0.241667
0.161167 0.237963
0.1645 0.235
0.167375 0.232083
0.169667 0.228889
0.174389 0.228704
0.1775 0.228333
0.1805 0.228333
0.183526 0.231654
0.185625 0.227917
0.188375 0.225417
0.191482 0.232286
0.188167 0.23463
0.185624 0.240665
0.189167 0.243333
0.193922 0.243986
0.190953 0.253805
0.187 0.25175
0.180978 0.248435
0.178786 0.248333
0.1728 0.246
0.177611 0.240185
0.180419 0.238303
0.175389 0.238704
0.172375 0.235417
0.170167 0.240185
0.167625 0.24125
0.163875 0.24375
0.166214 0.248333
0.16875 0.25125
0.163375 0.252083
0.160625 0.257917
0.158214 0.261667
0.1635 0.261667
0.166 0.26
0.16825 0.2625
0.1725 0.26
0.1705 0.255
0.1747 0.253333
0.177278 0.25463
0.180601 0.258518
0.187663 0.263022
0.192171 0.266363
0.194539 0.282185
0.188685 0.277168
0.181561 0.27964
0.178786 0.280238
0.1775 0.274048
0.1809 0.268333
0.1773 0.264667
0.174318 0.267727
0.170611 0.267222
0.166375 0.27125
0.163125 0.27125
0.1605 0.268333
0.156214 0.268333
0.153625 0.26875
0.150625 0.27125
0.148855 0.277204
0.1527 0.28
0.1553 0.28
0.158056 0.274259
0.160389 0.280556
0.164 0.278333
0.168833 0.27537
0.172611 0.277222
0.175278 0.279444
0.1705 0.282619
0.166955 0.283788
0.1625 0.286111
0.1575 0.285
0.150158 0.287523
0.152235 0.292891
0.155375 0.292083
0.158625 0.292083
0.161682 0.295909
0.164611 0.292778
0.167625 0.294583
0.169786 0.29119
0.173 0.289
0.1765 0.288333
0.179833 0.288704
0.182324 0.294209
0.190133 0.297129
0.195731 0.303109
0.191255 0.31845
0.195595 0.324021
0.182219 0.323593
0.177643 0.322302
0.171285 0.323329
0.1685 0.325
0.165722 0.322778
0.1687 0.315
0.17305 0.315621
0.174987 0.308625
0.181578 0.310326
0.177675 0.304144
0.179669 0.297854
0.175611 0.297593
0.1723 0.298333
0.166 0.301667
0.1689 0.304333
0.171375 0.307917
0.1653 0.311667
0.16 0.31
0.162944 0.305741
0.159375 0.302083
0.156643 0.300714
0.153 0.301
0.15101 0.307029
0.155786 0.306905
0.153454 0.313972
0.1565 0.315
0.16025 0.317083
0.162864 0.320455
0.158722 0.323519
0.155375 0.324583
0.152554 0.323296
0.143804 0.323658
0.140363 0.326245
0.130421 0.321431
0.12537 0.313841
0.1194 0.314667
0.114605 0.312395
0.1115 0.311667
0.1085 0.308277
0.105489 0.312917
0.101764 0.309757
0.0930811 0.312243
0.09755 0.318
0.101962 0.323273
0.106708 0.324677
0.108613 0.317711
0.111406 0.322271
0.116786 0.325794
0.123071 0.325635
0.127727 0.333485
0.131691 0.340863
0.140921 0.340714
0.14427 0.342227
0.153533 0.334696
0.1565 0.332778
0.159611 0.332778
0.162167 0.333519
0.164625 0.33125
0.167833 0.333889
0.170583 0.335329
0.173806 0.331427
0.177773 0.338485
0.18244 0.338443
0.191894 0.339457
0.196 0.341667
0.204334 0.328947
0.213643 0.329197
0.216591 0.323788
0.219167 0.323148
0.223357 0.323571
0.221214 0.328333
0.225375 0.33125
0.227786 0.335
0.222625 0.335417
0.2195 0.337667
0.216833 0.334259
0.214375 0.33875
0.211945 0.343465
0.217214 0.345
0.214375 0.347917
0.2195 0.351
0.216214 0.353571
0.211984 0.356455
0.215786 0.359762
0.218833 0.363148
0.2215 0.361
0.224167 0.357593
0.227167 0.361296
0.2305 0.361
0.2335 0.363333
0.236688 0.363095
0.241471 0.356994
0.246415 0.354022
0.239526 0.349466
0.237071 0.349286
0.235214 0.355
0.232786 0.355
0.2278 0.352333
0.2245 0.349286
0.222136 0.345909
0.225625 0.34125
0.228625 0.344583
0.231375 0.347917
0.234375 0.345417
0.23125 0.339167
0.236167 0.338704
0.239 0.338333
0.241355 0.33925
0.245229 0.341491
0.25736 0.342026
0.261548 0.346111
0.266173 0.346219
0.261891 0.359627
0.257933 0.366426
0.246727 0.367576
0.241716 0.370581
0.244206 0.37951
0.236316 0.375098
0.233833 0.370926
0.231 0.3725
0.2282 0.370333
0.224375 0.367917
0.221167 0.371296
0.2165 0.368333
0.213592 0.367146
0.209553 0.36976
0.196137 0.360606
0.192606 0.35726
0.182583 0.354722
0.17755 0.354
0.173309 0.348492
0.169418 0.346283
0.166574 0.34891
0.1665 0.339286
0.1637 0.343333
0.160389 0.343889
0.1575 0.341667
0.154267 0.345512
0.157167 0.352407
0.161159 0.352736
0.164481 0.35718
0.168761 0.36558
0.173273 0.364697
0.17875 0.3675
0.1828 0.3715
0.191945 0.37541
0.196 0.378333
0.208643 0.383631
0.213355 0.382086
0.216227 0.381364
0.218722 0.376852
0.222611 0.379444
0.2255 0.375
0.227 0.38125
0.230825 0.380499
0.233513 0.381392
0.229453 0.38518
0.227428 0.389888
0.22425 0.38625
0.220167 0.38537
0.2175 0.392333
0.220625 0.394583
0.223864 0.394697
0.227598 0.398345
0.23221 0.395399
0.23606 0.391667
0.243032 0.392357
0.247919 0.387365
0.26106 0.393124
0.266316 0.384947
0.271142 0.381243
0.268554 0.376111
0.2715 0.371391
0.27393 0.362616
0.278037 0.369239
0.274986 0.372229
0.274854 0.380661
0.279118 0.379423
0.282251 0.376341
0.287797 0.37931
0.283941 0.387142
0.291634 0.39168
0.293822 0.383258
0.298591 0.383853
0.303172 0.382166
0.310716 0.385885
0.315406 0.387635
0.320643 0.388333
0.325792 0.387361
0.332816 0.389599
0.334571 0.376812
0.3295 0.375455
0.324548 0.372778
0.320681 0.366889
0.317162 0.366462
0.315377 0.373602
0.318898 0.376403
0.312573 0.376006
0.309433 0.375458
0.306319 0.374329
0.308865 0.366583
0.3127 0.365
0.308904 0.359388
0.309482 0.3512
0.3125 0.355
0.3153 0.356667
0.3185 0.358333
0.322058 0.356545
0.32685 0.359885
0.331423 0.359968
0.33609 0.364288
0.346605 0.36345
0.350218 0.370264
0.358006 0.366097
0.363727 0.374242
0.368093 0.369726
0.372 0.367222
0.3715 0.373333
0.374625 0.372083
0.377214 0.368333
0.378833 0.372778
0.3816 0.372333
0.384323 0.371962
0.387926 0.373097
0.39375 0.379583
0.398035 0.373231
0.409262 0.369464
0.42104 0.367776
0.4243 0.371667
0.4275 0.37
0.43 0.364333
0.433796 0.36227
0.432722 0.37045
0.4305 0.375
0.434089 0.375938
0.438167 0.374074
0.444954 0.375854
0.449776 0.378161
0.45482 0.380467
0.458773 0.388485
0.463463 0.387593
0.468543 0.388043
0.4751 0.386467
0.480865 0.389145
0.484648 0.38125
0.497235 0.377647
0.503 0.376026
0.508395 0.375
0.514091 0.373636
0.51925 0.371167
0.523696 0.371855
0.528292 0.377304
0.533404 0.37892
0.531225 0.39074
0.540881 0.393889
0.545636 0.398485
0.541553 0.407807
0.546682 0.412879
0.537569 0.413038
0.526712 0.417045
0.523338 0.404578
0.518682 0.409848
0.508833 0.405476
0.513326 0.402101
0.517545 0.394848
0.520647 0.38652
0.51369 0.386111
0.5089 0.388167
0.505318 0.396364
0.5015 0.389921
0.49469 0.389286
0.4979 0.398
0.491786 0.401698
0.488796 0.414876
0.495239 0.411812
0.500792 0.409444
0.504409 0.415909
0.513605 0.416404
0.5094 0.421333
0.505735 0.428529
0.498846 0.425513
0.4935 0.426449
0.48931 0.431508
0.484731 0.425939
0.481307 0.433712
0.475426 0.440228
0.473505 0.451056
0.470585 0.451337
0.467558 0.451893
0.463863 0.455728
0.467159 0.457987
0.473211 0.461342
0.470308 0.464383
0.467456 0.467711
0.462681 0.46773
0.452174 0.480937
0.446505 0.481683
0.44 0.480278
0.4339 0.478
0.429182 0.471212
0.435147 0.465784
0.4395 0.466667
0.444981 0.467222
0.452149 0.462117
0.448645 0.454382
0.443273 0.45197
0.439079 0.452018
0.435556 0.447222
0.4315 0.438333
0.427222 0.435
0.422828 0.429664
0.418489 0.434912
0.421658 0.443947
0.418315 0.452077
0.425556 0.447963
0.429132 0.45307
0.432447 0.457456
0.424804 0.462681
0.421132 0.466053
0.416668 0.466167
0.416371 0.479242
0.421619 0.481045
0.426217 0.48292
0.430962 0.487681
0.436875 0.489912
0.442843 0.492342
0.435936 0.513324
0.430428 0.513622
0.425458 0.512644
0.420993 0.510713
0.416828 0.509849
0.413568 0.500124
0.41133 0.517435
0.401605 0.513896
0.398277 0.502234
0.394247 0.494664
0.38985 0.496647
0.385472 0.49103
0.38 0.492842
0.37393 0.493724
0.367935 0.496671
0.362649 0.500409
0.358256 0.504738
0.353475 0.507469
0.349104 0.511122
0.344969 0.513877
0.340913 0.515697
0.3369 0.520622
0.330155 0.523054
0.324542 0.520346
0.31931 0.517304
0.334136 0.511667
0.329548 0.509603
0.324109 0.506449
0.317538 0.502949
0.313286 0.512173
0.304921 0.509303
0.309238 0.503229
0.294147 0.49587
0.303479 0.483337
0.308612 0.484232
0.313922 0.489193
0.319486 0.489606
0.323675 0.492886
0.328485 0.494474
0.333433 0.495643
0.3383 0.499533
0.342746 0.496457
0.346905 0.495858
0.350918 0.492395
0.354853 0.491737
0.358413 0.488043
0.362764 0.484928
0.367291 0.483608
0.37159 0.480872
0.376976 0.480352
0.382573 0.480311
0.3895 0.483662
0.404808 0.481845
0.400907 0.470585
0.406034 0.465676
0.396834 0.460903
0.401618 0.455413
0.407293 0.450842
0.40361 0.442032
0.408166 0.435861
0.405557 0.425248
0.410022 0.419967
0.419288 0.419528
0.422341 0.418577
0.426526 0.421998
0.431278 0.423333
0.43569 0.43119
0.439651 0.433573
0.445653 0.432742
0.450497 0.432281
0.455267 0.431364
0.460318 0.429426
0.464283 0.42442
0.469081 0.41916
0.474228 0.41215
0.478205 0.400585
0.472136 0.4
0.467595 0.403413
0.463864 0.407273
0.460046 0.405757
0.457548 0.417381
0.45242 0.415666
0.4479 0.417333
0.44295 0.422833
0.440543 0.413261
0.435454 0.415303
0.43074 0.411137
0.427443 0.411416
0.424612 0.412747
0.422167 0.408889
0.419654 0.408333
0.423 0.403333
0.427136 0.40197
0.423875 0.3975
0.420063 0.398063
0.420322 0.388333
0.423375 0.38875
0.426 0.391667
0.4287 0.391667
0.43292 0.395129
0.43074 0.401167
0.43737 0.401377
0.442591 0.396667
0.446227 0.405151
0.455456 0.400797
0.451154 0.396795
0.446882 0.388764
0.44 0.385758
0.4347 0.385813
0.431625 0.385417
0.429214 0.381667
0.42675 0.380417
0.4245 0.381667
0.422 0.378333
0.419703 0.3773
0.410608 0.382337
0.407389 0.393494
0.410714 0.399464
0.407215 0.41067
0.395168 0.407449
0.389455 0.411302
0.3865 0.408333
0.383837 0.409819
0.381227 0.41343
0.386611 0.417963
0.391059 0.418784
0.394324 0.425551
0.387672 0.425094
0.383255 0.422445
0.377389 0.418519
0.371891 0.414565
0.37606 0.406235
0.382214 0.401871
0.386029 0.398342
0.389884 0.400812
0.394278 0.393704
0.397599 0.388206
0.389763 0.386228
0.384408 0.382165
0.379786 0.379762
0.376056 0.379444
0.372357 0.380714
0.368885 0.379008
0.360283 0.383696
0.356 0.379613
0.34624 0.382085
0.349874 0.38852
0.355705 0.394116
0.3645 0.392121
0.368962 0.388142
0.372625 0.38875
0.375389 0.389444
0.377786 0.387857
0.380643 0.385952
0.383081 0.389901
0.380485 0.393901
0.377999 0.398562
0.373703 0.398547
0.370564 0.397554
0.367136 0.406061
0.36122 0.403133
0.356159 0.408472
0.348518 0.403949
0.344387 0.3986
0.334543 0.405111
0.329055 0.400679
0.323043 0.40129
0.317506 0.40213
0.311692 0.401923
0.307214 0.393413
0.3025 0.397754
0.297167 0.397917
0.289924 0.400871
0.293916 0.408996
0.29998 0.4126
0.30575 0.409722
0.3141 0.413167
0.320475 0.412909
0.323674 0.413255
0.3275 0.416746
0.332833 0.417361
0.33974 0.413509
0.344577 0.415513
0.351333 0.417285
0.3563 0.424333
0.360667 0.420139
0.365273 0.418636
0.369196 0.427898
0.374222 0.428704
0.378816 0.431491
0.382556 0.438333
0.38598 0.43231
0.39135 0.436
0.388 0.445
0.394228 0.447521
0.391088 0.457226
0.38515 0.45339
0.380268 0.45081
0.376405 0.444926
0.372827 0.452318
0.366991 0.451643
0.37105 0.440667
0.364577 0.43641
0.359545 0.437273
0.354258 0.43467
0.347478 0.429496
0.34238 0.432733
0.337881 0.425635
0.335045 0.435455
0.330119 0.429127
0.3253 0.433533
0.320667 0.433194
0.317262 0.424365
0.31269 0.427063
0.308231 0.420897
0.30242 0.426467
0.295749 0.421609
0.297685 0.433718
0.299991 0.444526
0.304848 0.439638
0.309786 0.439286
0.316018 0.442407
0.322038 0.448974
0.327262 0.450714
0.33075 0.443833
0.335196 0.451232
0.340018 0.447222
0.345763 0.446418
0.355368 0.448437
0.361254 0.452644
0.356656 0.459266
0.350209 0.458309
0.346987 0.463071
0.342975 0.463805
0.33899 0.465066
0.334376 0.465607
0.3297 0.464375
0.324132 0.463846
0.318354 0.46061
0.313375 0.456536
0.308087 0.455166
0.302173 0.455352
0.288571 0.457372
0.291048 0.467056
0.282439 0.463569
0.277074 0.466381
0.270953 0.465009
0.265944 0.456598
0.273643 0.453889
0.278309 0.451508
0.286864 0.446364
0.282119 0.444683
0.277796 0.433148
0.284071 0.432302
0.280728 0.420329
0.276134 0.414349
0.272152 0.420874
0.268927 0.431635
0.273283 0.439203
0.267851 0.445779
0.256863 0.439089
0.247654 0.442314
0.243234 0.441021
0.233906 0.436604
0.2281 0.431833
0.2238 0.429833
0.220789 0.435977
0.217364 0.43798
0.215044 0.445485
0.211958 0.443258
0.208 0.440741
0.204 0.442234
0.205937 0.452917
0.196331 0.445256
0.19138 0.444867
0.186362 0.443621
0.180283 0.447174
0.17595 0.447
0.17125 0.4515
0.1665 0.456667
0.174364 0.461667
0.179208 0.465555
0.18358 0.4586
0.187426 0.466234
0.191674 0.461232
0.196398 0.460425
0.204351 0.464783
0.208833 0.461667
0.21335 0.4615
0.217147 0.458529
0.220595 0.451984
0.224833 0.447381
0.229605 0.445
0.233709 0.450449
0.228517 0.458184
0.223742 0.464925
0.219032 0.472088
0.211029 0.473235
0.214886 0.4793
0.210059 0.485245
0.206196 0.484058
0.202438 0.477292
0.197022 0.474275
0.19185 0.477167
0.202257 0.490318
0.198079 0.488684
0.193664 0.489799
0.188419 0.487598
0.184097 0.481351
0.179837 0.481442
0.175087 0.477715
0.170352 0.471024
0.16584 0.469454
0.161622 0.461146
0.157138 0.456405
0.152276 0.452353
0.141894 0.453409
0.141667 0.467332
0.130142 0.451294
0.125544 0.448342
0.12118 0.443517
0.117751 0.446144
0.114 0.445385
0.109947 0.445735
0.107071 0.434683
0.102024 0.429603
0.0968333 0.433472
0.0923261 0.435435
0.101237 0.44307
0.105034 0.449444
0.0982916 0.451819
0.0939752 0.451777
0.0904655 0.452918
0.0841162 0.446673
0.080984 0.439818
0.08366 0.427
0.0915 0.418333
0.0949211 0.417982
0.0995833 0.417222
0.105978 0.420362
0.111981 0.426852
0.116833 0.429167
0.123796 0.430926
0.130341 0.435252
0.142094 0.440262
0.143132 0.427267
0.143058 0.413471
0.154172 0.411887
0.159147 0.406569
0.171091 0.407273
0.167091 0.40197
0.16229 0.397105
0.155954 0.397879
0.145414 0.396552
0.142153 0.398741
0.131742 0.391176
0.1265 0.386905
0.121 0.38119
0.126587 0.372391
0.131789 0.375
0.142096 0.380709
0.1453 0.376333
0.154889 0.384259
0.159833 0.384583
0.165778 0.389445
0.17325 0.393333
0.176545 0.401061
0.181026 0.400439
0.185452 0.401032
0.194364 0.409091
0.189708 0.409861
0.18394 0.415266
0.178591 0.415303
0.174091 0.419242
0.16931 0.423571
0.165455 0.417879
0.161658 0.415
0.156929 0.422936
0.153047 0.430241
0.1605 0.431667
0.16495 0.434167
0.1555 0.441667
0.161 0.446667
0.16715 0.4435
0.172167 0.435417
0.177674 0.431667
0.182692 0.430641
0.188643 0.426071
0.193954 0.431818
0.195833 0.420714
0.205375 0.425248
0.210339 0.430021
0.215078 0.429635
0.211111 0.419444
0.206525 0.410082
0.211379 0.406046
0.215571 0.412634
0.2186 0.418952
0.221161 0.413796
0.225701 0.416606
0.230889 0.422222
0.235043 0.423637
0.2435 0.425
0.247996 0.423301
0.258579 0.409868
0.247674 0.404565
0.243326 0.408768
0.235337 0.408323
0.230262 0.409286
0.224989 0.403593
0.222466 0.405929
0.2193 0.403333
0.21641 0.403995
0.21415 0.395866
0.207992 0.396329
0.196334 0.395741
0.192364 0.392879
0.188554 0.389313
0.184295 0.385775
0.179283 0.385435
0.175262 0.378016
0.170375 0.382778
0.16531 0.376429
0.161833 0.368333
0.158132 0.369386
0.154658 0.366754
0.145172 0.357755
0.141767 0.360393
0.132245 0.359137
0.12865 0.354833
0.12495 0.346333
0.121921 0.339035
0.117738 0.338968
0.112136 0.335152
0.105122 0.335492
0.100854 0.333837
0.0952917 0.33125
0.0907811 0.331058
0.0991214 0.34238
0.102833 0.342037
0.107843 0.343711
0.104204 0.349002
0.100329 0.351729
0.0953324 0.348767
0.0903249 0.347413
0.0811958 0.343573
0.0775567 0.333799
0.0703139 0.329944
0.0675 0.331667
0.064625 0.332083
0.0622143 0.33119
0.0595 0.334048
0.0565 0.335
0.053875 0.3325
0.0565 0.324667
0.059375 0.325417
0.0616114 0.320571
0.0645 0.321667
0.0677 0.321667
0.0713588 0.318775
0.0751994 0.319412
0.0815381 0.311196
0.0731626 0.303675
0.0697 0.311667
0.0665 0.311667
0.0632917 0.310013
0.0587846 0.312574
0.0480943 0.318877
0.0438599 0.336521
0.0522 0.339333
0.0505 0.346667
0.054625 0.345417
0.0581 0.343333
0.0615 0.341667
0.0651364 0.341364
0.0684789 0.341123
0.0701587 0.347365
0.0635 0.35
0.0605 0.352333
0.0573889 0.352778
0.0545 0.355
0.05225 0.35375
0.049 0.355
0.047375 0.362083
0.0437489 0.366016
0.0477857 0.370238
0.0505 0.364333
0.0533889 0.366111
0.0557857 0.361667
0.0588 0.362667
0.0625 0.359286
0.0657 0.354
0.0682709 0.354618
0.0713527 0.35747
0.0792616 0.356525
0.0834533 0.366244
0.0913824 0.360268
0.0958333 0.363889
0.100429 0.363823
0.103983 0.359105
0.108165 0.355965
0.113318 0.348939
0.118241 0.354753
0.124342 0.360614
0.120273 0.366364
0.112909 0.364091
0.107921 0.369737
0.115115 0.376538
0.109239 0.381522
0.103357 0.378333
0.0979167 0.377778
0.0924014 0.37358
0.0803516 0.375188
0.0713799 0.369935
0.068483 0.364981
0.065625 0.364583
0.063375 0.36875
0.060625 0.36875
0.0555 0.3725
0.0576111 0.37463
0.0603 0.379667
0.063125 0.377083
0.0667445 0.373756
0.0684288 0.37993
0.0719217 0.383435
0.0657222 0.383562
0.0635 0.385952
0.0596111 0.387963
0.0565 0.385
0.0535 0.381
0.051375 0.374583
0.0477727 0.377424
0.0420506 0.377267
0.0458056 0.385076
0.0503182 0.385606
0.0534141 0.392743
0.0478808 0.394797
0.041329 0.397208
0.0509389 0.399603
0.0538843 0.40585
0.0589746 0.400411
0.0564281 0.395935
0.0608194 0.395347
0.0638268 0.395549
0.067951 0.394744
0.0718388 0.398431
0.0808535 0.393148
0.0842143 0.386429
0.0928006 0.386667
0.0991818 0.391212
0.104891 0.391812
0.11102 0.395
0.116 0.391389
0.120583 0.398611
0.124794 0.398725
0.1285 0.4045
0.132326 0.409721
0.129392 0.421733
0.124326 0.415
0.119792 0.415972
0.115426 0.409197
0.110591 0.411364
0.10635 0.4055
0.101643 0.405
0.0961363 0.401667
0.0920254 0.401667
0.0843823 0.405
0.0815201 0.413854
0.0717153 0.416917
0.0673261 0.411232
0.0628455 0.410814
0.0576984 0.410881
0.0543516 0.414656
0.050992 0.411827
0.04454 0.4102
0.039673 0.418991
0.0483357 0.417946
0.0506321 0.422075
0.0533942 0.424311
0.0566128 0.421696
0.0613571 0.423254
0.0681522 0.427174
0.0637222 0.433333
0.0708686 0.439441
0.0661 0.444167
0.0605 0.443333
0.0570013 0.43309
0.0534438 0.436149
0.0500864 0.432299
0.0453451 0.427864
0.0415341 0.437689
0.0349248 0.439083
0.0471428 0.445833
0.0417 0.454222
0.0495 0.458809
0.0533636 0.450606
0.0575526 0.45307
0.0630714 0.455635
0.06955 0.455958
0.0812524 0.460063
0.0677316 0.468418
0.0623536 0.469081
0.058 0.468333
0.0535833 0.468611
0.0471992 0.469987
0.0411733 0.467643
End
