479 441
0.21902 0.377534
0.232825 0.365089
0.219253 0.355836
0.233239 0.347234
0.229236 0.332887
0.235203 0.317685
0.24187 0.303123
0.250257 0.285571
0.262745 0.286594
0.2728 0.281274
0.263922 0.268904
0.277305 0.259959
0.285404 0.246935
0.294946 0.252805
0.301611 0.237
0.314746 0.237805
0.323689 0.228017
0.339085 0.222587
0.35462 0.22125
0.366174 0.232359
0.375739 0.218304
0.400308 0.22177
0.385352 0.235175
0.399103 0.246547
0.416183 0.236377
0.435484 0.23288
0.435627 0.2528
0.412008 0.262738
0.430217 0.276862
0.452893 0.270711
0.466944 0.257481
0.487516 0.291069
0.467543 0.308787
0.452082 0.292205
0.42934 0.305403
0.409273 0.291662
0.392471 0.278482
0.384046 0.261286
0.370209 0.247479
0.362724 0.26243
0.35144 0.27915
0.370597 0.286114
0.386 0.305548
0.408145 0.326957
0.433864 0.348215
0.447459 0.327564
0.477825 0.335552
0.461817 0.367093
0.439398 0.389095
0.412018 0.370426
0.387228 0.361225
0.356107 0.35786
0.373126 0.331039
0.355087 0.306569
0.334411 0.300268
0.312467 0.303074
0.302654 0.286217
0.322064 0.284555
0.33372 0.272167
0.342568 0.25663
0.351469 0.24146
0.335117 0.238983
0.323826 0.254291
0.307833 0.254069
0.311731 0.26982
0.295078 0.268905
0.284308 0.275796
0.284469 0.290439
0.290427 0.303881
0.273364 0.303581
0.257443 0.301369
0.254167 0.316129
0.248332 0.328616
0.252629 0.34094
0.269136 0.341137
0.269936 0.32122
0.28618 0.328417
0.299685 0.318179
0.317788 0.324982
0.339196 0.329728
0.323888 0.354381
0.302422 0.344722
0.284599 0.351824
0.268011 0.3627
0.250807 0.355714
0.24743 0.371935
0.261675 0.3803
0.26449 0.396146
0.263036 0.412457
0.246753 0.426429
0.268232 0.43086
0.285219 0.424366
0.289983 0.406234
0.283309 0.390004
0.283503 0.3726
0.303257 0.37069
0.309915 0.394048
0.332015 0.38073
0.357774 0.39273
0.385052 0.404765
0.418617 0.416458
0.391938 0.446712
0.363266 0.449791
0.36278 0.485148
0.327205 0.487734
0.335051 0.51747
0.304111 0.517332
0.278732 0.534273
0.250547 0.522357
0.270193 0.505529
0.279563 0.48409
0.298322 0.482786
0.312257 0.462656
0.335338 0.454877
0.35091 0.426014
0.329786 0.414293
0.308313 0.421745
0.306846 0.441776
0.286487 0.453082
0.267665 0.452932
0.250847 0.454068
0.261107 0.473753
0.250683 0.489881
0.236104 0.500793
0.231309 0.474834
0.221141 0.45399
0.237305 0.446621
0.22179 0.432256
0.216654 0.415406
0.232638 0.409087
0.246976 0.40118
0.237136 0.386383
0.217351 0.395939
End
