513 300
0.11032 0.456585
0.093247 0.416714
0.0918833 0.408855
0.0945421 0.408071
0.090058 0.403513
0.0941087 0.399938
0.0906036 0.395126
0.0961384 0.39214
0.0935672 0.39
0.0913545 0.385901
0.0939021 0.382786
0.0972737 0.383152
0.0937281 0.376777
0.0971361 0.377218
0.0990757 0.3732
0.0953692 0.370186
0.0997328 0.36721
0.0972778 0.363346
0.100433 0.359169
0.102197 0.352597
0.110634 0.314355
0.110942 0.306793
0.109491 0.299537
0.113023 0.301549
0.115249 0.296847
0.110976 0.293256
0.115518 0.29029
0.118003 0.286023
0.11177 0.286349
0.112524 0.280073
0.117284 0.280556
0.120523 0.278733
0.116634 0.276111
0.11306 0.273002
0.11534 0.269449
0.118908 0.27
0.122334 0.273762
0.123825 0.268482
0.126581 0.263141
0.129008 0.257573
0.126381 0.256111
0.123132 0.256111
0.122482 0.260556
0.119883 0.264167
0.115214 0.263557
0.11802 0.259204
0.11874 0.253602
0.104074 0.249494
0.0980414 0.249972
0.0933628 0.246537
0.0935704 0.239995
0.0899519 0.237898
0.0964912 0.233333
0.0929175 0.231111
0.0896694 0.227793
0.0925453 0.221569
0.0954487 0.216294
0.0994279 0.215623
0.103394 0.215558
0.106875 0.218145
0.10946 0.222687
0.103899 0.223667
0.0994152 0.223333
0.0964912 0.225667
0.102339 0.23
0.107212 0.23
0.111318 0.229339
0.110011 0.236621
0.105263 0.236667
0.101365 0.236667
0.0977908 0.237222
0.0974659 0.243333
0.101171 0.244311
0.105263 0.243333
0.109196 0.243665
0.121307 0.248174
0.125341 0.250333
0.130935 0.250863
0.134256 0.246256
0.137975 0.239446
0.134503 0.24
0.130604 0.243333
0.127031 0.246111
0.124445 0.241379
0.12833 0.239444
0.128079 0.23342
0.131092 0.235
0.134503 0.233333
0.138833 0.23358
0.142257 0.229926
0.140026 0.226111
0.136452 0.226667
0.132878 0.227222
0.130439 0.225975
0.132134 0.220239
0.136452 0.22
0.140351 0.22
0.144546 0.226014
0.147743 0.221723
0.144574 0.220556
0.142625 0.216111
0.140026 0.212778
0.136452 0.213333
0.132878 0.212778
0.130172 0.214884
0.130648 0.206672
0.134503 0.206667
0.138402 0.206667
0.142495 0.207667
0.146004 0.211
0.148473 0.213889
0.151361 0.217338
0.156724 0.212653
0.152047 0.21
0.15653 0.207
0.160039 0.204333
0.163618 0.204386
0.168192 0.202672
0.174033 0.199156
0.171215 0.196111
0.167641 0.196667
0.164068 0.197222
0.163418 0.192778
0.165887 0.187667
0.161793 0.186667
0.159357 0.189167
0.155945 0.186667
0.151462 0.186333
0.149123 0.190833
0.146199 0.186667
0.141326 0.190833
0.141326 0.195833
0.146004 0.195667
0.150097 0.196667
0.153509 0.195
0.15627 0.192778
0.159844 0.196667
0.155945 0.2
0.152047 0.203333
0.149123 0.205
0.146199 0.203333
0.142625 0.200556
0.138402 0.2
0.133528 0.200833
0.1307 0.198018
0.135478 0.195
0.13307 0.190187
0.136455 0.188229
0.138726 0.186111
0.142788 0.185
0.139525 0.181142
0.142467 0.177454
0.146784 0.180333
0.147444 0.174372
0.153583 0.173425
0.150422 0.177222
0.152372 0.180556
0.155945 0.18
0.159844 0.18
0.15882 0.173768
0.163856 0.175543
0.165107 0.180333
0.169409 0.180032
0.173202 0.186187
0.169591 0.186667
0.170565 0.191667
0.175364 0.193243
0.374899 0.188723
0.377858 0.182819
0.382066 0.183333
0.381408 0.17758
0.386076 0.177877
0.385965 0.183333
0.389307 0.185568
0.385965 0.19
0.382066 0.19
0.378168 0.19
0.375868 0.195673
0.381092 0.195833
0.37828 0.199694
0.382351 0.201053
0.385859 0.197705
0.389242 0.193875
0.399804 0.196792
0.403509 0.196667
0.403509 0.203333
0.399234 0.203119
0.397551 0.208232
0.395328 0.212023
0.397092 0.216991
0.393968 0.223201
0.397986 0.222778
0.400585 0.221667
0.404094 0.220333
0.409357 0.223333
0.407407 0.228333
0.403509 0.226667
0.400585 0.230833
0.397336 0.227222
0.39281 0.229755
0.395712 0.233333
0.391467 0.237752
0.394737 0.24
0.398246 0.243
0.393437 0.246111
0.389696 0.247
0.395712 0.25
0.392138 0.252778
0.389951 0.256662
0.390017 0.263279
0.393957 0.264333
0.391057 0.26938
0.394087 0.272778
0.392184 0.276352
0.385342 0.316625
0.396043 0.278894
0.397057 0.273009
0.397632 0.268333
0.397661 0.265
0.40108 0.259563
0.397336 0.259444
0.394087 0.257222
0.398635 0.254167
0.402624 0.252687
0.400975 0.247
0.405752 0.246369
0.407083 0.240556
0.403509 0.24
0.400195 0.236333
0.405458 0.233333
0.409334 0.236628
0.412872 0.232773
0.410981 0.229444
0.415124 0.226528
0.413255 0.221667
0.416829 0.219444
0.419124 0.221515
0.422878 0.21641
0.425248 0.212681
0.428942 0.209995
0.435721 0.206523
0.432554 0.204333
0.429045 0.202333
0.425146 0.205667
0.422677 0.202778
0.419103 0.203333
0.41423 0.2025
0.416179 0.208333
0.421053 0.21
0.418129 0.214167
0.413255 0.213333
0.410331 0.2175
0.406433 0.215
0.401559 0.213333
0.403021 0.209167
0.408382 0.21
0.411306 0.206667
0.407082 0.203889
0.408382 0.2
0.411306 0.196667
0.415205 0.196667
0.419103 0.196667
0.423002 0.196667
0.426901 0.196667
0.430799 0.193333
0.433073 0.197222
0.436452 0.192333
0.432749 0.188333
0.42885 0.188333
0.425276 0.190556
0.424626 0.186111
0.428363 0.181667
0.424951 0.18
0.421053 0.18
0.420078 0.185
0.421053 0.19
0.417154 0.19
0.413255 0.19
0.409162 0.191
0.405945 0.191667
0.403643 0.187434
0.406823 0.183
0.411306 0.183333
0.416179 0.183333
0.41423 0.179167
0.409941 0.176333
0.405109 0.175864
0.407407 0.17
0.405783 0.164679
0.409357 0.163333
0.413255 0.163333
0.418129 0.160833
0.415205 0.156667
0.411306 0.156667
0.407906 0.156399
0.41148 0.150443
0.414632 0.148422
0.416829 0.150556
0.41913 0.146781
0.423 0.146319
0.427116 0.146672
0.430823 0.150068
0.425536 0.153
0.421378 0.152778
0.420078 0.156667
0.426316 0.159667
0.429175 0.156111
0.432696 0.15518
0.435114 0.157582
0.436302 0.163397
0.432749 0.163333
0.42885 0.165
0.424756 0.165667
0.421248 0.165667
0.417154 0.166667
0.411306 0.17
0.41501 0.172333
0.418908 0.174333
0.423002 0.173333
0.426901 0.173333
0.430474 0.169444
0.433236 0.171667
0.436245 0.171424
0.430474 0.176111
0.432424 0.179444
0.434897 0.182486
0.438785 0.185994
0.440546 0.19
0.444477 0.189804
0.446582 0.195703
0.44347 0.198333
0.440546 0.196667
0.436647 0.2
0.440493 0.203243
0.445871 0.203456
0.450292 0.20312
0.455969 0.205259
0.453929 0.200103
0.450124 0.196077
0.45985 0.1876
0.463899 0.189564
0.467692 0.186573
0.468693 0.180398
0.463938 0.183333
0.460039 0.18
0.456574 0.181358
0.458129 0.173025
0.462569 0.169747
0.462313 0.176111
0.465692 0.175667
0.468085 0.172309
0.481453 0.169794
0.483786 0.166137
0.484704 0.16101
0.487512 0.156495
0.49078 0.155266
0.493502 0.157222
0.493746 0.150407
0.497189 0.152761
0.500564 0.153147
0.503408 0.152119
0.506554 0.156028
0.508097 0.160483
0.51114 0.166471
0.507147 0.166111
0.501949 0.165
0.502924 0.16
0.498441 0.159667
0.495127 0.163333
0.490643 0.163
0.487914 0.167
0.486355 0.171667
0.486745 0.176333
0.481173 0.176693
0.481164 0.183977
0.484405 0.181667
0.487329 0.183333
0.491228 0.18
0.494802 0.183889
0.497401 0.180556
0.49935 0.183889
0.502924 0.183333
0.506498 0.183889
0.507147 0.179444
0.502924 0.176667
0.49935 0.176111
0.495127 0.176667
0.491228 0.173333
0.494152 0.17
0.497563 0.168333
0.500975 0.17
0.504548 0.169444
0.507407 0.173
0.510916 0.175667
0.514692 0.176023
0.520965 0.180964
0.522414 0.186671
0.518327 0.185685
0.514813 0.185676
0.511696 0.1825
0.510396 0.187222
0.506823 0.19
0.502924 0.19
0.499025 0.19
0.495127 0.19
0.491228 0.186667
0.488791 0.191667
0.48538 0.19
0.482762 0.192466
0.486369 0.198243
0.491423 0.195667
0.495322 0.197667
0.492203 0.201667
0.488512 0.205119
0.493502 0.206111
0.492203 0.21
0.488875 0.213338
0.493762 0.217
0.488754 0.220853
0.491553 0.226111
0.490294 0.230305
0.491338 0.236339
0.494233 0.240427
0.495492 0.233533
0.499323 0.228604
0.496101 0.226667
0.494152 0.2225
0.499025 0.22
0.502687 0.222928
0.5065 0.216636
0.502339 0.216333
0.497076 0.213333
0.497271 0.205667
0.500487 0.2075
0.502924 0.21
0.506823 0.21
0.510811 0.209805
0.509357 0.203667
0.504873 0.203333
0.500975 0.2
0.4987 0.196111
0.503249 0.196111
0.507407 0.197
0.510721 0.193333
0.515205 0.193
0.512853 0.200935
0.516385 0.200514
0.519202 0.196345
0.521784 0.19292
0.526152 0.192568
0.530398 0.188726
0.526203 0.186086
0.528712 0.182014
0.531636 0.178113
0.535938 0.176954
0.540291 0.177127
0.544856 0.178799
0.54191 0.183333
0.538012 0.183333
0.534113 0.183333
0.535064 0.18951
0.539739 0.189094
0.542341 0.190369
0.545327 0.188295
0.548522 0.192631
0.55305 0.19607
0.555556 0.19
0.552632 0.188333
0.550033 0.187222
0.547433 0.183889
0.55042 0.180602
0.555966 0.184091
0.572153 0.170821
0.567623 0.166209
0.570663 0.165
0.574074 0.160833
0.57115 0.156667
0.56571 0.159485
0.567633 0.156159
0.567992 0.149689
0.57135 0.147679
0.574074 0.148333
0.576998 0.146667
0.572424 0.140807
0.576997 0.140248
0.579922 0.142145
0.582904 0.140936
0.582843 0.146671
0.586355 0.147067
0.588155 0.155263
0.58499 0.155667
0.582521 0.152778
0.579435 0.151667
0.576023 0.155
0.578623 0.159444
0.581222 0.160556
0.587356 0.162664
0.58447 0.163889
0.585551 0.169164
0.580897 0.166667
0.575634 0.166333
0.578623 0.170556
0.583233 0.172587
0.580258 0.176444
0.576562 0.17463
0.572448 0.175773
0.559481 0.189749
0.562865 0.192042
0.55848 0.195
0.558711 0.19975
0.562637 0.201879
0.565302 0.196484
0.568894 0.199845
0.566927 0.203889
0.565038 0.207045
0.571286 0.206333
0.567889 0.210621
0.571348 0.214081
0.574395 0.212163
0.579175 0.210328
0.582165 0.205452
0.585283 0.208333
0.588694 0.21
0.592008 0.213667
0.596166 0.216111
0.592593 0.22
0.588694 0.223333
0.58512 0.223889
0.583171 0.220556
0.587329 0.217
0.583171 0.212778
0.580897 0.216667
0.577358 0.216141
0.575738 0.220252
0.577398 0.226841
0.580409 0.225
0.58512 0.229444
0.582846 0.231667
0.580691 0.233777
0.583081 0.239721
0.58655 0.239
0.585765 0.247647
0.587808 0.25432
0.58946 0.244887
0.591346 0.239161
0.589669 0.235
0.589279 0.230333
0.594523 0.23175
0.592593 0.226667
0.596307 0.224471
0.598665 0.220443
0.600681 0.215996
0.604076 0.213475
0.608536 0.209161
0.605913 0.206111
0.602339 0.206667
0.600065 0.210556
0.596491 0.21
0.593177 0.206333
0.597856 0.203
0.602339 0.2
0.600065 0.196111
0.596491 0.196667
0.592593 0.2
0.588694 0.203333
0.584958 0.20029
0.588093 0.196796
0.590421 0.194225
0.593506 0.191845
0.598026 0.18966
0.602005 0.189084
0.60445 0.192504
0.608119 0.190482
0.612078 0.19275
0.61625 0.191161
0.619883 0.19
0.623457 0.189444
0.626056 0.186111
0.622027 0.182333
0.617895 0.183624
0.620194 0.177213
0.623936 0.173462
0.628922 0.17008
0.63528 0.168321
0.638972 0.173648
0.63372 0.174381
0.631254 0.177222
0.628005 0.176111
0.625731 0.18
0.629305 0.182778
0.630604 0.1875
0.633528 0.183333
0.637102 0.183889
0.637742 0.179462
0.641569 0.181684
0.640848 0.189683
0.635802 0.189444
0.633853 0.192778
0.62963 0.193333
0.625731 0.193333
0.620858 0.195
0.61436 0.197222
0.608187 0.196667
0.605913 0.200556
0.610136 0.201667
0.612951 0.204282
0.616404 0.201214
0.619482 0.200855
0.622124 0.199329
0.626541 0.199524
0.632436 0.197646
0.63763 0.19552
0.641293 0.196454
0.71443 0.232022
0.712391 0.238295
0.709444 0.243054
0.710165 0.249771
0.709233 0.256684
0.7096 0.263275
0.713053 0.25521
0.715557 0.250303
0.714425 0.244167
0.71945 0.24499
0.717349 0.24
0.720273 0.235833
0.723458 0.238378
0.727862 0.233204
0.725471 0.230556
0.729511 0.22693
0.723197 0.226667
0.720273 0.230833
0.717757 0.225122
0.722556 0.220791
0.726833 0.221629
0.731883 0.222957
0.757509 0.199971
0.754751 0.196797
0.754582 0.189562
0.75796 0.189444
0.75861 0.193889
0.761879 0.195238
0.766811 0.193967
0.764133 0.19
0.768354 0.189436
0.772361 0.190442
0.77805 0.189815
0.779527 0.184985
0.783399 0.184659
0.786869 0.187059
0.791206 0.185465
0.793833 0.183942
0.797113 0.184143
0.800195 0.179167
0.802794 0.182778
0.800215 0.187346
0.805286 0.18552
0.809528 0.18643
0.81219 0.190319
0.814815 0.186667
0.817827 0.1899
0.821473 0.193563
0.822612 0.188333
0.824561 0.183333
0.82846 0.183333
0.832359 0.183333
0.834633 0.179444
0.830409 0.176667
0.826511 0.176667
0.823587 0.173333
0.822125 0.168333
0.819038 0.166111
0.818389 0.170556
0.81384 0.168333
0.81449 0.163889
0.810721 0.164333
0.807018 0.161667
0.805068 0.166667
0.807342 0.170556
0.810916 0.173333
0.814815 0.173333
0.818129 0.177
0.822287 0.179444
0.818129 0.183
0.812865 0.18
0.809292 0.180556
0.807342 0.177222
0.804743 0.176111
0.802794 0.172778
0.79922 0.173333
0.795517 0.174333
0.792008 0.177
0.787524 0.18
0.784211 0.176333
0.778363 0.173667
0.778363 0.179667
0.774074 0.184333
0.769981 0.183333
0.766277 0.182333
0.763158 0.179167
0.761696 0.185
0.75861 0.183889
0.756107 0.180955
0.759293 0.175848
0.76009 0.170477
0.764133 0.173333
0.769396 0.176333
0.774074 0.175667
0.77193 0.17
0.768031 0.17
0.764117 0.166524
0.769149 0.163684
0.774822 0.160971
0.775244 0.166333
0.781132 0.162488
0.779716 0.166696
0.782001 0.170556
0.785446 0.169322
0.789033 0.171989
0.791665 0.169113
0.794798 0.166012
0.79922 0.166667
0.802144 0.165
0.798724 0.160613
0.803444 0.158305
0.808201 0.155322
0.811241 0.157222
0.814421 0.153521
0.818695 0.153864
0.823406 0.155228
0.816179 0.159667
0.820663 0.16
0.824561 0.161667
0.828187 0.158016
0.832475 0.156899
0.837622 0.156333
0.842105 0.156667
0.846004 0.156667
0.850877 0.158333
0.849903 0.153333
0.850877 0.147507
0.845809 0.149
0.8423 0.149
0.838043 0.149153
0.834658 0.149762
0.840044 0.142861
0.844675 0.139734
0.847947 0.143382
0.851292 0.139911
0.854622 0.145362
0.85794 0.149998
0.853801 0.153333
0.856075 0.157222
0.859612 0.156865
0.860297 0.162864
0.857505 0.165667
0.853996 0.165667
0.851527 0.162778
0.847368 0.163
0.845029 0.167498
0.841908 0.164332
0.838532 0.167222
0.837232 0.163333
0.83463 0.160564
0.830994 0.163667
0.826706 0.167667
0.830409 0.17
0.834113 0.171
0.839181 0.171667
0.836582 0.176111
0.840156 0.176667
0.844634 0.173003
0.845419 0.178333
0.850227 0.180556
0.84958 0.176115
0.849903 0.17
0.854386 0.173
0.859878 0.171999
0.857576 0.178764
0.853801 0.18
0.854234 0.186255
0.849903 0.186667
0.846979 0.185
0.844055 0.186667
0.84178 0.182778
0.838207 0.183333
0.835283 0.188333
0.830409 0.19
0.826316 0.191
0.828244 0.197434
0.832337 0.200176
0.833723 0.195
0.838207 0.193333
0.840481 0.189444
0.84373 0.192778
0.846329 0.193889
0.850098 0.194333
0.853658 0.195645
0.848278 0.199444
0.845679 0.200556
0.84191 0.199
0.838207 0.2
0.835727 0.205239
0.839909 0.207611
0.842025 0.214321
0.844055 0.21
0.845517 0.205833
0.850098 0.205667
0.853606 0.204333
0.85638 0.206552
0.856417 0.211667
0.857741 0.216923
0.853801 0.215
0.849903 0.213333
0.846229 0.215598
0.851267 0.219667
0.848127 0.222541
0.851961 0.226468
0.856319 0.223009
0.859028 0.228364
0.855356 0.230652
0.858281 0.23727
0.877566 0.277148
0.880884 0.272953
0.885933 0.270786
0.890723 0.273317
0.893367 0.276764
0.895651 0.281617
0.890838 0.283333
0.888402 0.278333
0.885185 0.277667
0.882554 0.281667
0.878128 0.282684
0.880292 0.287422
0.885575 0.286333
0.890253 0.289667
0.89425 0.288333
0.898333 0.287523
0.896947 0.293485
0.893112 0.296111
0.896951 0.299889
0.892463 0.300556
0.889214 0.300556
0.888564 0.296111
0.885965 0.2925
0.881228 0.293176
0.884073 0.297476
0.884609 0.303667
0.888309 0.306997
0.892785 0.306662
0.896195 0.306866
0.891963 0.312784
0.887083 0.313186
0.888995 0.318045
0.892028 0.320468
0.89703 0.32067
0.890354 0.325878
0.894626 0.326756
0.89207 0.331587
0.89732 0.332171
0.900726 0.338475
0.896639 0.34003
0.893283 0.338545
0.894862 0.346721
0.898917 0.3465
0.901924 0.350125
0.896754 0.353267
0.900801 0.356547
0.90489 0.359838
0.897239 0.360989
0.900781 0.364345
0.904159 0.366111
0.908385 0.365009
0.911371 0.362678
0.916159 0.369362
0.911306 0.37
0.906758 0.369444
0.899628 0.371174
0.904483 0.373333
0.900956 0.378762
0.904483 0.38
0.908382 0.376667
0.913255 0.374167
0.918164 0.377713
0.915205 0.38
0.911793 0.381667
0.908382 0.383333
0.906108 0.387222
0.902212 0.387361
0.904064 0.393573
0.909357 0.395833
0.908707 0.390556
0.911956 0.390556
0.91423 0.386667
0.917976 0.386613
0.91651 0.393154
0.914259 0.397671
0.91185 0.401247
0.908347 0.403089
0.905464 0.399169
0.903652 0.403027
0.913635 0.430785
0.908631 0.433909
0.912606 0.436111
0.916177 0.43501
0.91993 0.433397
0.922369 0.43948
0.918129 0.44
0.915854 0.443889
0.911956 0.440556
0.908425 0.439965
0.909801 0.445
0.912768 0.448333
0.910006 0.450556
0.916179 0.45
0.919883 0.447667
0.923355 0.446537
0.921638 0.453621
0.917511 0.456291
0.914607 0.459549
0.911341 0.455735
0.891183 0.495189
0.886579 0.48909
0.882296 0.484339
0.878197 0.480848
0.861544 0.474327
0.858104 0.471207
0.853748 0.471302
0.849903 0.470799
0.845543 0.470268
0.840887 0.472083
0.836528 0.473637
0.832144 0.469975
0.831336 0.47662
0.826549 0.474739
0.822325 0.474933
0.818806 0.477844
0.813748 0.477465
0.80916 0.482511
0.801066 0.486462
0.796914 0.482826
0.793697 0.486111
0.789356 0.485392
0.786038 0.489105
0.782428 0.486938
0.778192 0.488812
0.773652 0.488265
0.768729 0.49002
0.764173 0.489773
0.760209 0.488891
0.756323 0.488426
0.751573 0.488028
0.745491 0.485392
0.740829 0.484284
0.736384 0.481688
0.731682 0.477823
0.726694 0.47476
0.722359 0.470712
0.701443 0.481732
0.698964 0.473666
0.695283 0.478689
0.691871 0.474035
0.693104 0.468054
0.671801 0.467348
0.674363 0.461666
0.669801 0.458687
0.662717 0.457936
0.665972 0.465293
0.659571 0.465192
0.654759 0.465553
0.65034 0.465364
0.655196 0.457612
0.647409 0.45867
0.639794 0.459761
0.645028 0.465645
0.64026 0.467101
0.635092 0.466035
0.631358 0.461114
0.629326 0.470311
0.626136 0.464304
0.620074 0.463475
0.621182 0.470784
0.615829 0.470586
0.611426 0.468025
0.605282 0.469176
0.609555 0.475347
0.602961 0.475765
0.597461 0.473605
0.595596 0.47968
0.590664 0.479039
0.58559 0.476671
0.585749 0.483293
0.580156 0.481528
0.575385 0.485859
0.57243 0.481129
0.566285 0.480444
0.566819 0.486853
0.559536 0.487137
0.560752 0.481219
0.554967 0.482958
0.550447 0.481231
0.545373 0.48117
0.542125 0.477332
0.536961 0.47751
0.54628 0.513172
0.552117 0.515582
0.547433 0.518889
0.540927 0.515046
0.535139 0.513068
0.534893 0.521247
0.53923 0.525417
0.544277 0.525
0.547953 0.529
0.552075 0.531667
0.546784 0.536429
0.542885 0.539286
0.539951 0.532774
0.533793 0.532322
0.536842 0.538611
0.532728 0.540022
0.5346 0.545
0.538333 0.545216
0.531607 0.549837
0.534113 0.553333
0.539409 0.55102
0.54386 0.548333
0.547758 0.548333
0.552388 0.552083
0.557923 0.558333
0.552632 0.56
0.547563 0.557667
0.543729 0.558268
0.53779 0.558287
0.534113 0.56
0.530533 0.562144
0.530237 0.570019
0.534113 0.566667
0.538251 0.566539
0.539228 0.570942
0.542852 0.57665
0.537937 0.576611
0.535088 0.575
0.533138 0.575
0.530042 0.576569
0.528107 0.581032
0.528127 0.586776
0.531839 0.582778
0.534438 0.583889
0.537842 0.583207
0.543129 0.584583
0.540546 0.590333
0.540936 0.596667
0.545809 0.595
0.550682 0.595
0.555457 0.595
0.554219 0.603199
0.548977 0.604583
0.542641 0.604583
0.537281 0.605417
0.534986 0.597262
0.534773 0.589893
0.530698 0.591638
0.527201 0.593934
0.527296 0.599099
0.531136 0.602416
0.525396 0.605351
0.531189 0.61
0.526473 0.614062
0.523481 0.619309
0.530539 0.623148
0.533626 0.616667
0.537872 0.615952
0.54191 0.615
0.546227 0.611667
0.553351 0.611777
0.549058 0.617778
0.551255 0.62378
0.545484 0.623333
0.540936 0.623333
0.535331 0.62875
0.540936 0.630714
0.547914 0.631884
0.546719 0.641828
0.542668 0.639815
0.537315 0.637381
0.535738 0.64463
0.528956 0.642607
0.530532 0.63537
0.526666 0.628471
0.522234 0.626792
0.520006 0.63193
0.522894 0.63506
0.523616 0.640297
0.518342 0.639589
0.517701 0.647275
0.523311 0.646571
0.527534 0.652083
0.532895 0.652083
0.53923 0.652083
0.544422 0.651465
0.544128 0.661533
0.540156 0.661
0.535088 0.660714
0.531969 0.665667
0.528683 0.66119
0.523949 0.661667
0.521199 0.654583
0.515111 0.655787
0.51527 0.663889
0.511458 0.666175
0.519493 0.665952
0.523635 0.672083
0.528683 0.671667
0.535413 0.672222
0.538661 0.667778
0.542885 0.673333
0.54805 0.669333
0.554115 0.668121
0.558155 0.671111
0.554581 0.677381
0.549708 0.678333
0.546004 0.679
0.539822 0.679286
0.535088 0.682619
0.531514 0.677778
0.52859 0.682778
0.523392 0.68
0.518518 0.676667
0.51462 0.676667
0.510065 0.674683
0.507419 0.681483
0.51128 0.687125
0.517788 0.687917
0.513418 0.693533
0.51811 0.698324
0.521511 0.705
0.528593 0.707955
0.534012 0.71353
0.537362 0.708889
0.54256 0.708889
0.547027 0.712083
0.541189 0.717318
0.54779 0.720013
0.552242 0.713
0.555191 0.717172
0.558427 0.711577
0.552632 0.705952
0.557087 0.701667
0.562097 0.70463
0.561988 0.697
0.565021 0.692016
0.557923 0.691667
0.552875 0.694583
0.548516 0.699445
0.544509 0.701667
0.539961 0.701667
0.534844 0.70125
0.529797 0.697857
0.525341 0.7
0.522222 0.694333
0.52367 0.687381
0.52924 0.69
0.535088 0.691667
0.539961 0.69
0.54372 0.690714
0.547341 0.687857
0.552632 0.685952
0.558155 0.682222
0.562378 0.685
0.567227 0.681609
0.562622 0.675417
0.568215 0.672576
0.571185 0.663936
0.56572 0.665
0.561079 0.665556
0.558879 0.659615
0.563028 0.655556
0.568197 0.657406
0.568219 0.649994
0.561017 0.649458
0.563981 0.642756
0.570599 0.643657
0.57207 0.634899
0.567446 0.635667
0.565076 0.631064
0.566016 0.621625
0.571881 0.625417
0.574814 0.618637
0.569201 0.615
0.574081 0.609994
0.567206 0.607192
0.570732 0.601667
0.575955 0.602817
0.576106 0.596704
0.576572 0.588324
0.571568 0.591667
0.567251 0.595
0.566812 0.584682
0.572125 0.582619
0.576267 0.577917
0.576017 0.570006
0.569932 0.574583
0.564773 0.574393
0.556198 0.577776
0.554671 0.585867
0.548489 0.585417
0.551852 0.579
0.548733 0.575
0.544617 0.568808
0.548733 0.565
0.553189 0.568333
0.557771 0.568595
0.561404 0.565
0.566555 0.565952
0.57115 0.565
0.576284 0.562054
0.574506 0.554456
0.57115 0.555117
0.567445 0.554366
0.564652 0.558889
0.561821 0.551667
0.55653 0.548333
0.551007 0.542222
0.555138 0.538333
0.559872 0.541667
0.564907 0.544943
0.572191 0.543889
0.568783 0.538333
0.573517 0.535
0.577756 0.540556
0.581871 0.533333
0.577973 0.528333
0.574074 0.524048
0.569618 0.528333
0.565302 0.531667
0.561728 0.535556
0.559129 0.528704
0.552632 0.524444
0.55625 0.520269
0.560697 0.51734
0.564327 0.522619
0.56857 0.518304
0.574095 0.516725
0.579789 0.51762
0.583496 0.522222
0.58616 0.527
0.587998 0.532619
0.593567 0.53
0.593567 0.536667
0.599415 0.535
0.602534 0.539
0.607212 0.536667
0.612782 0.539286
0.607206 0.543339
0.600726 0.545458
0.596498 0.545067
0.592593 0.545
0.588694 0.541667
0.584795 0.541667
0.581401 0.546446
0.588235 0.553749
0.596711 0.560767
0.591655 0.568744
0.598441 0.568333
0.603314 0.564048
0.6077 0.568333
0.610136 0.574583
0.614035 0.578333
0.617565 0.573789
0.621832 0.573333
0.627485 0.569
0.623977 0.567667
0.619573 0.567261
0.615336 0.565477
0.620969 0.56255
0.625406 0.560556
0.62768 0.556667
0.631774 0.555667
0.629173 0.549885
0.624655 0.551551
0.621475 0.557062
0.6154 0.556333
0.611891 0.561
0.607769 0.558333
0.602141 0.554635
0.605595 0.550567
0.610461 0.55
0.614035 0.548333
0.618914 0.550717
0.618908 0.543333
0.624366 0.543667
0.628331 0.541124
0.632924 0.545861
0.63677 0.543992
0.64191 0.543
0.64347 0.549
0.639305 0.550138
0.635792 0.552808
0.635153 0.557222
0.639313 0.556764
0.64321 0.556745
0.647904 0.554583
0.652372 0.558889
0.656502 0.555
0.653346 0.548889
0.648148 0.545952
0.655621 0.542222
0.651803 0.537917
0.646199 0.536667
0.641326 0.535
0.636452 0.535
0.630604 0.535556
0.624199 0.535
0.619187 0.535952
0.618351 0.528333
0.613304 0.53125
0.607602 0.530333
0.604706 0.526429
0.601754 0.521667
0.598765 0.527778
0.593567 0.522619
0.588889 0.521
0.585859 0.514318
0.591782 0.513325
0.597141 0.517778
0.601365 0.515
0.598253 0.509565
0.605099 0.509005
0.609829 0.50685
0.615221 0.502512
0.620631 0.502132
0.625562 0.498234
0.632204 0.495466
0.638176 0.494675
0.643515 0.493987
0.647201 0.492269
0.65208 0.491893
0.657908 0.490035
0.663743 0.490735
0.667361 0.49456
0.671569 0.491325
0.67092 0.502219
0.665692 0.503333
0.661236 0.498333
0.656502 0.498333
0.650098 0.5
0.64592 0.503571
0.641521 0.501
0.638158 0.505417
0.62949 0.504048
0.632987 0.507963
0.638402 0.513333
0.6436 0.511111
0.650097 0.509286
0.654321 0.505556
0.659844 0.506667
0.666179 0.510417
0.669463 0.515259
0.660234 0.513
0.655621 0.514444
0.652047 0.518333
0.648148 0.519667
0.644249 0.518333
0.639051 0.521111
0.633946 0.518333
0.628872 0.517222
0.62454 0.510556
0.619883 0.511667
0.615288 0.510714
0.61306 0.516667
0.607456 0.517917
0.612503 0.523571
0.618519 0.519667
0.622807 0.521667
0.626272 0.526852
0.631579 0.528333
0.637009 0.526905
0.644249 0.527381
0.649123 0.528333
0.653996 0.528333
0.658452 0.521667
0.663526 0.520556
0.667822 0.52632
0.662768 0.53125
0.658382 0.534167
0.665972 0.538542
0.660277 0.54463
0.664889 0.548511
0.661403 0.553667
0.662036 0.56112
0.657338 0.565
0.6594 0.571842
0.653021 0.568333
0.648392 0.565417
0.643583 0.563129
0.639376 0.563333
0.634893 0.563
0.629825 0.564333
0.633528 0.568333
0.638402 0.568333
0.643084 0.571585
0.639376 0.573333
0.635965 0.575
0.631384 0.574333
0.62768 0.576667
0.623977 0.579
0.619483 0.580748
0.622586 0.58686
0.626217 0.584991
0.62963 0.583333
0.633528 0.58
0.638748 0.580304
0.644371 0.581122
0.648148 0.574048
0.650747 0.579444
0.655388 0.578333
0.658231 0.583483
0.650654 0.586429
0.655351 0.591814
0.650098 0.593333
0.644466 0.592778
0.641106 0.587582
0.637634 0.58583
0.635185 0.588488
0.632029 0.588055
0.629131 0.591191
0.624819 0.593247
0.618259 0.589444
0.613304 0.58875
0.607212 0.59
0.609552 0.583667
0.605542 0.580238
0.601921 0.575
0.594552 0.574983
0.591629 0.58267
0.597466 0.581667
0.601364 0.585952
0.595238 0.590714
0.590516 0.596026
0.59771 0.596667
0.60307 0.595417
0.608883 0.597381
0.61501 0.596667
0.619688 0.597667
0.622807 0.601667
0.615567 0.603571
0.609719 0.605
0.604706 0.605476
0.599972 0.605
0.593892 0.602222
0.591061 0.608333
0.596166 0.612037
0.590637 0.618333
0.594867 0.620556
0.600975 0.617
0.604289 0.612778
0.60759 0.618978
0.610799 0.614511
0.614687 0.610586
0.618371 0.614494
0.622807 0.61
0.62703 0.607222
0.628265 0.600333
0.632554 0.596667
0.638077 0.595556
0.640676 0.601111
0.634016 0.604167
0.638726 0.608889
0.644466 0.607222
0.648392 0.60125
0.653458 0.601172
0.650117 0.61023
0.64846 0.617851
0.642625 0.615556
0.637232 0.615667
0.633723 0.615667
0.630604 0.611667
0.624751 0.617396
0.62898 0.621111
0.632944 0.623667
0.640676 0.622222
0.645809 0.623667
0.649167 0.630811
0.645224 0.631667
0.641326 0.631667
0.63694 0.6275
0.631161 0.630238
0.624849 0.633863
0.621635 0.635661
0.617931 0.636662
0.612676 0.63633
0.61501 0.640833
0.619872 0.643314
0.623671 0.644604
0.627667 0.641633
0.631161 0.637857
0.636452 0.637381
0.634828 0.645556
0.639701 0.646111
0.642544 0.64125
0.648246 0.6405
0.650341 0.646667
0.653671 0.652222
0.661793 0.652333
0.659064 0.649
0.656093 0.643616
0.661832 0.64044
0.665936 0.645417
0.67089 0.643889
0.670426 0.636429
0.66628 0.633357
0.673489 0.63
0.66998 0.623741
0.678363 0.625
0.685672 0.624598
0.687412 0.616812
0.681611 0.618889
0.674603 0.61881
0.673434 0.61145
0.678362 0.611667
0.683236 0.610714
0.689043 0.608353
0.681287 0.603333
0.675411 0.602404
0.67749 0.594151
0.681676 0.597
0.68616 0.601667
0.69025 0.598365
0.687135 0.591667
0.682846 0.589667
0.678371 0.584099
0.682957 0.582619
0.689084 0.581667
0.692269 0.587783
0.69409 0.579038
0.691033 0.572619
0.685185 0.576667
0.680924 0.571944
0.68681 0.568889
0.683306 0.564134
0.689641 0.561667
0.694501 0.565746
0.698276 0.558785
0.692982 0.555
0.687135 0.554048
0.683268 0.556148
0.68446 0.545271
0.68884 0.545417
0.692658 0.541111
0.695489 0.548333
0.700721 0.550261
0.701053 0.542143
0.697661 0.537667
0.693632 0.534444
0.686836 0.534967
0.690058 0.528333
0.687794 0.521221
0.692426 0.518333
0.689107 0.511264
0.6903 0.502069
0.694251 0.508459
0.697257 0.514672
0.700558 0.521667
0.695257 0.524444
0.698506 0.528889
0.701949 0.53236
0.717852 0.530065
0.723775 0.529714
0.727096 0.533686
0.730964 0.533656
0.7332 0.537441
0.737138 0.539596
0.735218 0.542778
0.730507 0.541667
0.727096 0.54
0.723197 0.54
0.721773 0.535954
0.71672 0.5369
0.715219 0.543594
0.719298 0.543333
0.722612 0.547
0.717349 0.55
0.713579 0.55007
0.713037 0.55677
0.717349 0.556667
0.721053 0.555667
0.724172 0.5525
0.727096 0.556667
0.730994 0.556667
0.734893 0.553333
0.730994 0.55
0.72729 0.547667
0.733268 0.546111
0.737817 0.548333
0.740618 0.543544
0.742989 0.546331
0.747002 0.54501
0.75007 0.551667
0.74695 0.55703
0.743058 0.553143
0.738986 0.555667
0.742105 0.560333
0.736842 0.561667
0.734406 0.5625
0.730994 0.563333
0.726608 0.564167
0.724821 0.560556
0.721248 0.563333
0.717349 0.563333
0.714425 0.565
0.711663 0.563411
0.711191 0.570113
0.715595 0.572333
0.718973 0.573889
0.722872 0.573889
0.720273 0.569167
0.725146 0.57
0.72807 0.573
0.731189 0.571
0.734568 0.573889
0.735218 0.569444
0.739376 0.570333
0.745089 0.570256
0.741715 0.565833
0.746608 0.564274
0.751706 0.565833
0.756335 0.571667
0.761696 0.57625
0.766082 0.571667
0.769841 0.577857
0.773879 0.571667
0.776803 0.578333
0.782651 0.575
0.787329 0.574333
0.790448 0.579286
0.795739 0.578333
0.801754 0.577
0.805718 0.574444
0.808967 0.57
0.811111 0.564333
0.815232 0.565
0.818908 0.569
0.822612 0.571667
0.827485 0.571667
0.833333 0.569286
0.837557 0.567222
0.842105 0.565
0.846422 0.568333
0.850634 0.573333
0.845029 0.578333
0.840156 0.573333
0.83946 0.580714
0.833612 0.577381
0.831105 0.582619
0.826511 0.581667
0.822807 0.582333
0.81941 0.579762
0.815232 0.575
0.810185 0.57875
0.814676 0.584524
0.816114 0.591111
0.811055 0.593095
0.807749 0.587917
0.803537 0.584524
0.798489 0.585417
0.792398 0.587381
0.788283 0.591296
0.794737 0.593667
0.79922 0.595
0.803444 0.594444
0.804743 0.601111
0.808967 0.601667
0.813283 0.601667
0.817739 0.606667
0.822417 0.607667
0.825926 0.610333
0.832498 0.607857
0.837232 0.603333
0.84308 0.602619
0.850877 0.605556
0.846979 0.609286
0.841131 0.610714
0.838532 0.616111
0.834633 0.616667
0.830409 0.615
0.825926 0.616333
0.823405 0.621877
0.828028 0.625
0.832359 0.625
0.836675 0.628333
0.839891 0.633028
0.843924 0.635987
0.847631 0.637231
0.850111 0.634742
0.85349 0.634857
0.858339 0.632241
0.865079 0.630238
0.87232 0.633333
0.877193 0.638333
0.882938 0.640362
0.885876 0.634093
0.879282 0.63119
0.88231 0.624583
0.88693 0.624965
0.888807 0.614999
0.884405 0.617
0.880117 0.614167
0.876766 0.611167
0.873875 0.618724
0.876218 0.625
0.87037 0.625952
0.867459 0.621263
0.86313 0.62119
0.859649 0.623333
0.85502 0.625417
0.850552 0.623889
0.84601 0.629617
0.845029 0.623333
0.839571 0.623
0.845029 0.616667
0.850552 0.616111
0.854776 0.615
0.861621 0.612392
0.856725 0.608333
0.859144 0.60188
0.860943 0.594397
0.857561 0.590238
0.852826 0.592619
0.852827 0.6
0.846979 0.597381
0.840156 0.595
0.833333 0.597381
0.828878 0.601667
0.823865 0.600714
0.818296 0.598333
0.821881 0.59125
0.827485 0.591667
0.833333 0.59
0.838067 0.587381
0.844786 0.58875
0.849206 0.586429
0.85307 0.58125
0.858117 0.582143
0.861694 0.578987
0.856725 0.572619
0.861037 0.567782
0.853801 0.565
0.848441 0.560833
0.855054 0.557381
0.861181 0.559995
0.862433 0.552177
0.858187 0.549167
0.853383 0.548333
0.848928 0.552619
0.844472 0.548333
0.838903 0.545952
0.832943 0.543
0.828878 0.539762
0.823587 0.543333
0.819688 0.538333
0.814165 0.541111
0.808317 0.542222
0.800439 0.544583
0.795809 0.5475
0.792723 0.541111
0.788174 0.545556
0.790773 0.551111
0.787849 0.556111
0.79379 0.558333
0.798803 0.555
0.803537 0.555
0.806043 0.548333
0.811891 0.549286
0.816764 0.548333
0.820988 0.548889
0.825536 0.552619
0.829713 0.549762
0.834503 0.549
0.838791 0.553
0.84308 0.556667
0.837232 0.56
0.833008 0.557222
0.829435 0.561667
0.825211 0.562778
0.821638 0.56
0.817739 0.557381
0.811334 0.556429
0.807017 0.561667
0.802388 0.564583
0.796621 0.564444
0.799081 0.57119
0.792398 0.57
0.788255 0.564583
0.783626 0.565
0.779588 0.565952
0.775504 0.564444
0.769841 0.564048
0.765107 0.561667
0.760234 0.566667
0.759259 0.559286
0.753411 0.559286
0.755933 0.551757
0.760429 0.551
0.765107 0.552619
0.770565 0.553
0.773229 0.557778
0.778752 0.555952
0.783821 0.555667
0.782261 0.549667
0.775828 0.548333
0.769656 0.54537
0.76194 0.544167
0.754643 0.544128
0.749902 0.539667
0.754713 0.536107
0.749513 0.533333
0.744639 0.533333
0.740734 0.535023
0.736192 0.532278
0.739766 0.525952
0.733674 0.524583
0.729045 0.525
0.724172 0.521667
0.718392 0.523357
0.718553 0.516711
0.718883 0.509327
0.724076 0.511936
0.729399 0.51461
0.73401 0.51599
0.738587 0.517689
0.743591 0.516856
0.750238 0.518712
0.744639 0.522778
0.749513 0.526667
0.754386 0.524978
0.757845 0.521244
0.762893 0.521326
0.767381 0.525556
0.764133 0.53
0.757633 0.531104
0.761209 0.535952
0.766499 0.538333
0.770955 0.533333
0.774854 0.538333
0.779077 0.541111
0.782976 0.542778
0.78577 0.537667
0.789891 0.535
0.794347 0.530714
0.798246 0.535952
0.804094 0.536667
0.810916 0.535
0.807602 0.529667
0.814165 0.527778
0.816959 0.532333
0.821638 0.53
0.825536 0.535
0.833008 0.533889
0.836907 0.535556
0.841131 0.54
0.846199 0.541
0.850634 0.54125
0.856481 0.53875
0.862193 0.541667
0.862433 0.532177
0.85835 0.530556
0.852826 0.530714
0.848371 0.532143
0.84308 0.533333
0.84308 0.525952
0.83751 0.527381
0.830897 0.526667
0.826093 0.525
0.819688 0.522619
0.815546 0.517917
0.809942 0.516667
0.809942 0.523333
0.804418 0.523889
0.800411 0.527222
0.793957 0.523667
0.789056 0.525
0.784322 0.530714
0.779309 0.531667
0.774854 0.526667
0.770482 0.52064
0.778628 0.52103
0.784369 0.520932
0.7901 0.516565
0.796204 0.518019
0.799558 0.513741
0.804323 0.514992
0.808507 0.509772
0.812923 0.509152
0.817536 0.508049
0.821359 0.513095
0.824886 0.517778
0.829868 0.513148
0.825182 0.506263
0.831674 0.504878
0.836945 0.504227
0.837789 0.511667
0.833333 0.518333
0.837622 0.520333
0.84191 0.517667
0.845809 0.517667
0.848603 0.521667
0.852827 0.523333
0.858285 0.523667
0.862583 0.52
0.858674 0.514048
0.854451 0.516111
0.851657 0.511
0.848148 0.511
0.84243 0.509444
0.844573 0.503916
0.850847 0.503544
0.856695 0.505495
0.862324 0.507254
0.880459 0.514397
0.886182 0.517821
0.882817 0.523975
0.88052 0.529336
0.880257 0.537823
0.883236 0.542333
0.880257 0.548844
0.88499 0.553333
0.881222 0.557616
0.87993 0.565
0.882623 0.571667
0.879814 0.576552
0.879844 0.584055
0.881092 0.591667
0.877633 0.600469
0.881509 0.601667
0.884573 0.608333
0.888892 0.605011
0.885965 0.597381
0.890979 0.595366
0.886209 0.587917
0.890845 0.585
0.885965 0.58
0.887914 0.574444
0.891166 0.572242
0.886209 0.564583
0.891037 0.562317
0.889214 0.555556
0.89026 0.549661
0.893408 0.545545
0.887636 0.544048
0.89192 0.537342
0.886209 0.534583
0.888348 0.526111
0.892678 0.527027
0.918126 0.520005
0.922027 0.52001
0.924309 0.516137
0.918289 0.513398
0.921843 0.511509
0.926074 0.510871
0.929809 0.513403
0.929409 0.506762
0.933881 0.508717
0.937592 0.511768
0.942256 0.512791
0.943138 0.521106
0.937757 0.522567
0.935161 0.518443
0.932248 0.518425
0.929632 0.522355
0.926412 0.521676
0.924301 0.526111
0.921702 0.527222
0.917934 0.527667
0.921053 0.531667
0.920078 0.536667
0.924172 0.535667
0.927875 0.536667
0.931774 0.533333
0.927875 0.53
0.933136 0.527009
0.936647 0.531667
0.940034 0.528502
0.943426 0.530095
0.947688 0.528969
0.951146 0.537187
0.947368 0.536667
0.94347 0.536667
0.939571 0.536667
0.934048 0.537222
0.931449 0.540556
0.92846 0.543667
0.923977 0.543333
0.919883 0.544333
0.921443 0.550333
0.925439 0.551667
0.9282 0.549444
0.931579 0.551
0.935348 0.549444
0.939571 0.546667
0.934698 0.544167
0.937297 0.540556
0.941845 0.542778
0.945419 0.543333
0.949318 0.543333
0.953362 0.543589
0.954061 0.549222
0.956132 0.55591
0.952892 0.553889
0.949318 0.55
0.945419 0.55
0.941845 0.550556
0.937622 0.553333
0.942885 0.556333
0.947953 0.556333
0.951267 0.56
0.955787 0.563338
0.955729 0.568332
0.951267 0.566667
0.947368 0.563333
0.94347 0.563333
0.940059 0.561667
0.937297 0.559444
0.933723 0.556667
0.927875 0.556667
0.92154 0.555833
0.920078 0.56
0.924951 0.560833
0.930019 0.562333
0.933723 0.563333
0.937622 0.566667
0.933398 0.569444
0.929825 0.57
0.925341 0.566333
0.919753 0.566111
0.921443 0.570333
0.926251 0.572778
0.921703 0.576111
0.924301 0.577222
0.9282 0.577222
0.931774 0.576667
0.935673 0.573333
0.939896 0.570556
0.94347 0.57
0.947368 0.57
0.951267 0.573333
0.95552 0.573271
0.955343 0.579105
0.952892 0.580556
0.947953 0.577
0.94347 0.576667
0.939571 0.576667
0.936257 0.580333
0.931774 0.583333
0.927875 0.583333
0.923392 0.583
0.921832 0.589
0.925731 0.591
0.929825 0.59
0.933398 0.590556
0.935673 0.586667
0.939766 0.588333
0.94152 0.583333
0.945419 0.583333
0.949318 0.583333
0.953621 0.58577
0.951462 0.590517
0.947693 0.589444
0.945419 0.591667
0.941196 0.592778
0.937135 0.595
0.933723 0.596667
0.92924 0.596333
0.922027 0.596667
0.922027 0.603333
0.925731 0.601
0.9282 0.603889
0.931579 0.604333
0.935673 0.603333
0.939246 0.603889
0.939896 0.599444
0.94347 0.596667
0.94921 0.59648
0.94626 0.601359
0.943116 0.605287
0.939569 0.610499
0.935088 0.609667
0.934003 0.615083
0.930293 0.614872
0.927875 0.61
0.922515 0.609167
0.923977 0.613333
0.927412 0.617918
0.923977 0.62
0.924058 0.626602
0.923924 0.633293
0.923776 0.63992
0.923196 0.648483
0.935577 0.653686
0.939332 0.650049
0.943906 0.650621
0.947147 0.656837
0.94347 0.656667
0.939896 0.656111
0.937622 0.66
0.933773 0.661022
0.937037 0.666333
0.942105 0.663
0.947313 0.66334
0.947201 0.669871
0.943957 0.668333
0.941326 0.672333
0.945175 0.676116
0.94048 0.679081
0.935181 0.676991
0.937625 0.673329
0.93391 0.66992
0.922033 0.667486
0.921619 0.678333
0.921636 0.688278
0.921551 0.698161
0.920962 0.708502
0.920839 0.72022
0.920724 0.733403
0.920669 0.743349
0.920663 0.751667
0.920664 0.763334
0.920664 0.773334
0.920664 0.781667
0.920664 0.790001
0.920664 0.800001
0.920549 0.814122
0.920111 0.831857
0.889213 0.77167
0.892788 0.76
0.902729 0.708334
0.904159 0.690556
0.905458 0.674167
0.905458 0.658508
0.880649 0.647941
0.87825 0.655377
0.87232 0.653333
0.87193 0.659667
0.874269 0.664333
0.877727 0.665086
0.87037 0.669286
0.867251 0.664333
0.863638 0.667509
0.860963 0.668732
0.856719 0.670831
0.859525 0.676483
0.856049 0.677165
0.853314 0.675
0.849903 0.676667
0.849903 0.67
0.846199 0.671
0.84373 0.673889
0.840741 0.669667
0.836274 0.669971
0.832472 0.669896
0.82846 0.671667
0.82383 0.667917
0.819131 0.671667
0.813596 0.672083
0.814954 0.664524
0.811891 0.658333
0.817414 0.657222
0.821638 0.659444
0.827485 0.660714
0.83208 0.663551
0.836257 0.663333
0.840156 0.663333
0.844055 0.663333
0.847758 0.661
0.850877 0.663333
0.853996 0.665667
0.858025 0.666111
0.8577 0.66
0.86192 0.660219
0.866174 0.655951
0.861473 0.653376
0.8577 0.653333
0.853996 0.655667
0.850877 0.654333
0.844639 0.656333
0.840156 0.656667
0.836257 0.656667
0.832359 0.655878
0.827764 0.652619
0.833998 0.646989
0.835819 0.650816
0.839831 0.650556
0.844055 0.65
0.847953 0.65
0.852177 0.647222
0.855751 0.646667
0.860317 0.646744
0.867122 0.647963
0.874269 0.645952
0.870127 0.64
0.865497 0.638333
0.861585 0.638378
0.856525 0.640134
0.850487 0.643
0.846004 0.643333
0.841131 0.645833
0.840755 0.640352
0.836433 0.64061
0.831395 0.64072
0.826928 0.645
0.822574 0.648172
0.818671 0.647756
0.814812 0.647766
0.81384 0.641667
0.809953 0.639991
0.808642 0.636111
0.804394 0.635948
0.798246 0.638333
0.800021 0.645375
0.805625 0.644868
0.811099 0.647181
0.807992 0.653308
0.801523 0.654309
0.804773 0.662003
0.808967 0.668333
0.805102 0.671092
0.808665 0.678216
0.811266 0.683322
0.814815 0.681667
0.818713 0.681667
0.822612 0.678333
0.826371 0.680714
0.831941 0.683571
0.83178 0.676992
0.836359 0.677875
0.840026 0.677365
0.843553 0.68027
0.847115 0.681969
0.851809 0.682993
0.856242 0.682907
0.859064 0.687
0.864279 0.687917
0.868746 0.682222
0.862898 0.679444
0.866472 0.675
0.872598 0.675952
0.8772 0.675169
0.87433 0.68408
0.871087 0.691288
0.867365 0.696429
0.864298 0.701239
0.859649 0.695
0.854219 0.691667
0.848928 0.689129
0.842593 0.687858
0.839961 0.692333
0.836257 0.691667
0.831384 0.691667
0.826511 0.691667
0.821881 0.68875
0.815784 0.690717
0.819358 0.697226
0.823587 0.699286
0.829922 0.700417
0.83389 0.705
0.838938 0.70125
0.841966 0.707857
0.848538 0.707
0.844472 0.700238
0.847953 0.696111
0.851434 0.701667
0.856168 0.701667
0.860557 0.706166
0.85635 0.710803
0.8525 0.713097
0.8483 0.715409
0.843581 0.715341
0.837232 0.712619
0.832066 0.712716
0.827758 0.709206
0.823554 0.706227
0.797597 0.72389
0.795517 0.737
0.793179 0.749668
0.78811 0.765667
0.774855 0.790556
0.787601 0.802071
0.783951 0.806111
0.786253 0.810627
0.781676 0.81
0.779397 0.813885
0.776153 0.813889
0.783089 0.818132
0.783296 0.828333
0.78316 0.838147
0.782686 0.850358
0.776509 0.818565
0.770729 0.817893
0.767707 0.796111
0.724168 0.775001
0.713447 0.782753
0.716374 0.788333
0.713088 0.791405
0.715221 0.797016
0.719298 0.793333
0.722871 0.797222
0.723511 0.802334
0.719621 0.799436
0.717647 0.803314
0.717026 0.811656
0.716619 0.822844
0.716223 0.838198
0.693707 0.834636
0.693707 0.816667
0.693706 0.798333
0.693886 0.782856
0.684437 0.783661
0.680502 0.787537
0.682586 0.780555
0.68652 0.777404
0.688804 0.772545
0.694291 0.772214
0.690744 0.767322
0.693186 0.762854
0.694596 0.755195
0.716762 0.757667
0.728911 0.708232
0.734194 0.708728
0.738791 0.708333
0.742495 0.707667
0.746024 0.710344
0.751148 0.709917
0.756489 0.706956
0.761239 0.702028
0.765096 0.69403
0.758869 0.696333
0.754711 0.701111
0.750487 0.701667
0.745858 0.70125
0.739209 0.700238
0.731103 0.700556
0.724217 0.702347
0.720268 0.696607
0.71591 0.694465
0.712295 0.687865
0.717767 0.685
0.722779 0.688333
0.726678 0.692143
0.730799 0.692333
0.733918 0.690333
0.737167 0.694444
0.743665 0.692619
0.749791 0.692619
0.754804 0.691667
0.759816 0.688333
0.764864 0.685417
0.770493 0.685326
0.775782 0.674465
0.770955 0.675952
0.765757 0.677778
0.759649 0.679667
0.755361 0.683333
0.749791 0.680714
0.747563 0.686667
0.743665 0.680714
0.739766 0.686667
0.732526 0.683571
0.726771 0.682222
0.72083 0.678333
0.725564 0.675
0.731969 0.675
0.736842 0.676667
0.740546 0.674333
0.745858 0.672083
0.750487 0.671667
0.754191 0.675667
0.757867 0.671667
0.762183 0.671667
0.766813 0.66875
0.773229 0.667778
0.777747 0.666034
0.780024 0.659361
0.773148 0.657917
0.769331 0.662222
0.761765 0.663095
0.755361 0.665
0.750905 0.661667
0.745858 0.66125
0.739522 0.6625
0.742105 0.667
0.733918 0.666667
0.727204 0.667222
0.720923 0.668889
0.716374 0.673333
0.712476 0.679286
0.707749 0.681554
0.706292 0.672793
0.710248 0.670238
0.713868 0.665
0.719298 0.661667
0.725796 0.659444
0.73002 0.657381
0.734243 0.659444
0.73825 0.653519
0.741715 0.647381
0.745858 0.652083
0.750905 0.651191
0.754386 0.655
0.758285 0.655
0.761988 0.655667
0.766813 0.654583
0.763158 0.647381
0.757066 0.645417
0.752242 0.642333
0.748116 0.642077
0.74463 0.639846
0.739811 0.639945
0.735589 0.643571
0.731969 0.649286
0.725731 0.650333
0.721944 0.653571
0.71613 0.654583
0.71077 0.654583
0.705328 0.656111
0.707742 0.662143
0.702551 0.666764
0.699636 0.66026
0.69848 0.653647
0.702404 0.651111
0.695704 0.646413
0.699155 0.643889
0.704678 0.645
0.711919 0.646905
0.718567 0.645417
0.723197 0.641667
0.72807 0.644048
0.731969 0.637381
0.73644 0.63289
0.74097 0.632199
0.744634 0.633294
0.74891 0.633446
0.752291 0.629872
0.755361 0.635952
0.76093 0.639286
0.767057 0.638889
0.77258 0.641111
0.768681 0.645556
0.773635 0.64875
0.777453 0.653333
0.781323 0.649925
0.78069 0.642605
0.776803 0.636667
0.783467 0.63587
0.780702 0.63
0.784989 0.624444
0.780145 0.621667
0.784211 0.617
0.787631 0.61204
0.791904 0.610711
0.795517 0.614333
0.79922 0.615
0.793855 0.621221
0.798571 0.624444
0.795743 0.631598
0.801865 0.628878
0.80671 0.629449
0.809292 0.630556
0.812541 0.632778
0.817739 0.6325
0.814815 0.636667
0.818384 0.640551
0.82084 0.637605
0.825007 0.637341
0.831384 0.633333
0.82486 0.630289
0.820851 0.62768
0.816764 0.626667
0.812865 0.626667
0.808987 0.623367
0.804873 0.622424
0.803769 0.615556
0.809947 0.615826
0.812874 0.620024
0.816758 0.620029
0.820253 0.617304
0.815511 0.612861
0.808549 0.609762
0.802469 0.607778
0.798246 0.605
0.795127 0.601
0.791416 0.601667
0.787524 0.601667
0.78293 0.599286
0.781259 0.593095
0.784357 0.584583
0.779727 0.585
0.775097 0.58875
0.770955 0.585
0.766082 0.585
0.76093 0.584048
0.755361 0.58
0.750812 0.576481
0.745786 0.576264
0.743015 0.579444
0.739376 0.576333
0.734308 0.579667
0.730669 0.582778
0.727096 0.583333
0.72807 0.578333
0.723197 0.58
0.719298 0.58
0.7154 0.58
0.711126 0.576456
0.708429 0.581907
0.711501 0.583333
0.7154 0.586667
0.711176 0.589444
0.707273 0.588777
0.708115 0.595
0.711826 0.593889
0.7154 0.593333
0.719298 0.596667
0.723197 0.593333
0.719623 0.590556
0.718973 0.586111
0.723197 0.586667
0.727096 0.59
0.730994 0.591667
0.734568 0.589444
0.732619 0.586111
0.737817 0.587667
0.740156 0.583
0.745695 0.584384
0.743038 0.590167
0.739739 0.594969
0.735218 0.593889
0.736825 0.599971
0.737192 0.605736
0.741644 0.601593
0.744802 0.597593
0.748956 0.595
0.750162 0.587778
0.754971 0.586333
0.75575 0.591667
0.75848 0.595667
0.762601 0.591667
0.769563 0.593571
0.763158 0.598889
0.765757 0.602778
0.770955 0.601667
0.776153 0.597778
0.776803 0.605
0.782895 0.607917
0.779077 0.612222
0.775179 0.615556
0.770955 0.610714
0.764829 0.610714
0.759909 0.609444
0.757635 0.604445
0.75369 0.599762
0.749493 0.603356
0.744629 0.606981
0.742208 0.611725
0.738878 0.610217
0.734045 0.612602
0.729272 0.611793
0.725357 0.61245
0.721248 0.609981
0.723522 0.606111
0.727096 0.606667
0.730377 0.60425
0.733137 0.600991
0.729045 0.596667
0.726121 0.598333
0.723197 0.6
0.719623 0.602778
0.7154 0.6
0.711501 0.6
0.705483 0.600682
0.708181 0.60453
0.712218 0.606137
0.717349 0.606667
0.71581 0.611741
0.710783 0.615388
0.705962 0.610846
0.703533 0.616384
0.702212 0.624637
0.707115 0.62625
0.711501 0.631667
0.717593 0.6275
0.712754 0.622619
0.718589 0.618703
0.723751 0.616922
0.724172 0.623333
0.729741 0.620714
0.735763 0.620427
0.73899 0.617677
0.742885 0.621667
0.744639 0.616667
0.747059 0.611786
0.750397 0.612072
0.75437 0.611711
0.75861 0.617963
0.763158 0.622619
0.767056 0.617381
0.771345 0.620333
0.775411 0.625
0.769331 0.627222
0.77258 0.632222
0.766082 0.631667
0.761765 0.631667
0.757635 0.627778
0.753519 0.62377
0.751958 0.619583
0.748532 0.62
0.748532 0.626657
0.744637 0.626662
0.738794 0.626662
0.735068 0.62658
0.730576 0.628333
0.723782 0.629667
0.726678 0.635
0.719298 0.635
0.714425 0.639286
0.70836 0.639444
0.702729 0.635
0.697885 0.634498
0.682271 0.6317
0.677388 0.635
0.679855 0.641153
0.676191 0.647036
0.67271 0.649
0.667641 0.653333
0.672571 0.656992
0.66811 0.662898
0.664068 0.658889
0.661793 0.665667
0.659064 0.662333
0.655945 0.658333
0.650097 0.659286
0.645982 0.652778
0.640351 0.653333
0.634893 0.653667
0.630929 0.648889
0.627924 0.654167
0.623977 0.654333
0.619296 0.650107
0.615848 0.647323
0.612059 0.644878
0.610434 0.649189
0.606442 0.647634
0.603639 0.652222
0.599025 0.649667
0.599415 0.643333
0.603655 0.640544
0.608291 0.638193
0.603671 0.632244
0.608292 0.630049
0.613457 0.630332
0.618511 0.629679
0.62443 0.626751
0.621281 0.622046
0.617922 0.623354
0.614274 0.621296
0.611168 0.625098
0.604985 0.624468
0.60039 0.625
0.596686 0.625667
0.591061 0.628333
0.598858 0.635
0.594542 0.635
0.59064 0.638333
0.594124 0.645
0.590497 0.65078
0.595273 0.655417
0.591676 0.661276
0.597466 0.664048
0.602339 0.668333
0.605588 0.662222
0.60104 0.657778
0.609405 0.657917
0.614453 0.658809
0.618908 0.657381
0.622482 0.662222
0.626706 0.665952
0.631161 0.661667
0.636209 0.66125
0.6423 0.66
0.644528 0.665952
0.649708 0.666333
0.654321 0.667778
0.65822 0.672222
0.663353 0.671
0.665244 0.674405
0.659843 0.681667
0.65511 0.687857
0.652046 0.694048
0.647591 0.688333
0.641743 0.688333
0.636696 0.68875
0.632066 0.685833
0.62833 0.691111
0.623051 0.685417
0.617739 0.685667
0.61423 0.685667
0.611111 0.679286
0.61501 0.675
0.620301 0.678333
0.62768 0.680833
0.63506 0.678333
0.639376 0.678333
0.644249 0.680714
0.650341 0.68125
0.655388 0.678333
0.650098 0.673333
0.644249 0.673333
0.638645 0.66875
0.63231 0.67125
0.627096 0.673667
0.622482 0.671111
0.617203 0.667917
0.611111 0.667381
0.607537 0.672222
0.603871 0.676905
0.59858 0.675952
0.593567 0.671674
0.592917 0.680556
0.595906 0.683667
0.595537 0.68996
0.601121 0.68875
0.604428 0.683571
0.60944 0.687381
0.606823 0.693
0.602014 0.697963
0.595586 0.697947
0.599971 0.706434
0.604938 0.705556
0.609162 0.709286
0.614766 0.71125
0.618908 0.715952
0.625731 0.711667
0.622529 0.709286
0.618908 0.704048
0.61306 0.702619
0.609162 0.698333
0.61423 0.694333
0.617934 0.695
0.621972 0.695952
0.625406 0.696667
0.631161 0.698333
0.635478 0.698333
0.640134 0.699445
0.645085 0.695476
0.648477 0.701127
0.644448 0.706196
0.640027 0.712242
0.636452 0.707381
0.628933 0.704524
0.630929 0.711111
0.634496 0.715946
0.62898 0.718889
0.624567 0.722156
0.618908 0.723334
0.614035 0.721667
0.609394 0.718765
0.604939 0.714458
0.586257 0.740834
0.606562 0.770556
0.607993 0.779
0.60916 0.786668
0.596166 0.783889
0.592788 0.785667
0.597856 0.789667
0.594542 0.793333
0.598441 0.796667
0.60039 0.801667
0.602826 0.805
0.605913 0.810556
0.603314 0.815
0.606238 0.82
0.609162 0.817667
0.612162 0.823366
0.610624 0.828342
0.608617 0.832745
0.605919 0.834852
0.602342 0.83621
0.598557 0.835754
0.59507 0.831275
0.598441 0.83
0.602339 0.83
0.606238 0.826667
0.602339 0.823333
0.598441 0.823333
0.593419 0.826155
0.593979 0.820321
0.599025 0.817
0.60039 0.81
0.596816 0.809444
0.594542 0.813333
0.590989 0.814197
0.585828 0.811412
0.58707 0.806111
0.590643 0.805
0.592917 0.807222
0.596491 0.803333
0.593567 0.799167
0.588694 0.8
0.590643 0.793333
0.575536 0.791667
0.526315 0.780001
0.516498 0.790903
0.516206 0.799793
0.516939 0.812697
0.516217 0.828249
0.516136 0.84896
0.515926 0.862398
0.49478 0.840262
0.494806 0.820063
0.420345 0.858725
0.420615 0.839626
0.39806 0.834484
0.392762 0.83889
0.392398 0.833667
0.388168 0.834991
0.386611 0.829512
0.385884 0.823443
0.390838 0.825833
0.394249 0.828333
0.397173 0.828333
0.399687 0.824267
0.397588 0.817983
0.393762 0.82
0.390058 0.819
0.387361 0.816289
0.393551 0.813319
0.393101 0.802757
0.397715 0.8035
0.401572 0.805749
0.405433 0.803752
0.409234 0.802894
0.412606 0.799097
0.411891 0.793667
0.410982 0.787223
0.407602 0.785667
0.404094 0.783
0.405458 0.776667
0.401559 0.776667
0.397986 0.773889
0.395712 0.77
0.399935 0.769444
0.403509 0.77
0.399285 0.763889
0.401885 0.762778
0.39961 0.756667
0.397661 0.75
0.395127 0.757
0.395712 0.763333
0.391228 0.763667
0.391813 0.77
0.387914 0.77
0.384503 0.775
0.387914 0.776667
0.391813 0.776667
0.395224 0.778333
0.39961 0.781667
0.396686 0.784167
0.392138 0.782778
0.389539 0.786111
0.38694 0.7825
0.382391 0.779444
0.380117 0.783333
0.376218 0.785
0.378168 0.79
0.373294 0.790833
0.373294 0.795
0.374594 0.799444
0.378168 0.796667
0.382066 0.793333
0.382391 0.787222
0.385478 0.788333
0.38694 0.793333
0.391813 0.79
0.394737 0.791667
0.397661 0.79
0.402144 0.789667
0.405458 0.793333
0.407895 0.795833
0.402534 0.796667
0.401235 0.800556
0.397076 0.797
0.391813 0.796667
0.38825 0.797849
0.383957 0.799889
0.38079 0.801759
0.377809 0.804711
0.374144 0.807018
0.369006 0.807
0.371832 0.801667
0.368616 0.799
0.364717 0.802333
0.361111 0.805
0.358187 0.808333
0.360949 0.812778
0.364522 0.81
0.368907 0.813337
0.36388 0.816818
0.358695 0.81655
0.354899 0.816112
0.354776 0.81
0.350435 0.812393
0.321044 0.80047
0.321128 0.815
0.321128 0.831667
0.321058 0.847782
0.302336 0.81534
0.30258 0.799745
0.302678 0.787044
0.295891 0.777567
0.300613 0.777414
0.302664 0.772532
0.298246 0.76999
0.302147 0.766662
0.29922 0.76
0.297921 0.763889
0.294672 0.763889
0.29376 0.769658
0.291854 0.773876
0.276215 0.788564
0.27128 0.793889
0.27456 0.794244
0.274403 0.800874
0.27149 0.800142
0.266569 0.7975
0.256844 0.805252
0.253687 0.801312
0.211501 0.832732
0.211504 0.853615
0.175034 0.838889
0.135839 0.820733
0.132453 0.823394
0.128124 0.826396
0.126386 0.822761
0.12807 0.818333
0.130929 0.816111
0.134178 0.816111
0.138569 0.816312
0.138077 0.810556
0.134308 0.809
0.130799 0.809
0.12924 0.803
0.125081 0.800556
0.120858 0.803333
0.123782 0.806667
0.126706 0.81
0.123782 0.814167
0.118911 0.816662
0.122807 0.81999
0.122833 0.82615
0.11896 0.823871
0.114741 0.827621
0.11501 0.819981
0.111705 0.817851
0.109241 0.813048
0.114439 0.813003
0.119883 0.810833
0.116472 0.8075
0.115015 0.803333
0.111326 0.804354
0.108549 0.807386
0.107171 0.800853
0.112133 0.79751
0.117934 0.799167
0.122807 0.796667
0.12807 0.796333
0.126381 0.790556
0.122222 0.789667
0.118908 0.793333
0.11501 0.793333
0.110341 0.791357
0.107376 0.793193
0.0916033 0.780195
0.0876311 0.780863
0.0834029 0.778067
0.0857728 0.773328
0.0896686 0.773333
0.0938631 0.774075
0.0955047 0.76725
0.0916151 0.766671
0.0877193 0.766667
0.0829921 0.769583
0.0841381 0.76348
0.0877713 0.760362
0.0921948 0.760501
0.114081 0.756326
0.116007 0.760824
0.114904 0.767447
0.118908 0.768333
0.117154 0.774333
0.120858 0.776667
0.114735 0.779196
0.111904 0.784983
0.115984 0.7875
0.118908 0.783333
0.122807 0.783333
0.141325 0.779168
0.130929 0.749445
0.113868 0.750351
0.112993 0.742443
0.112086 0.73132
0.109213 0.720636
0.105405 0.718778
0.101236 0.715372
0.0975483 0.712769
0.103639 0.712778
0.108837 0.713889
0.105588 0.709444
0.107537 0.706111
0.101949 0.706333
0.0974743 0.706662
0.0944689 0.703634
0.1 0.700333
0.106628 0.700333
0.104938 0.696111
0.101852 0.695
0.105063 0.690343
0.0990903 0.690556
0.097141 0.693889
0.0940689 0.697041
0.0775427 0.699039
0.0740713 0.696671
0.0705003 0.697222
0.0688109 0.693
0.0643275 0.69
0.0640026 0.696111
0.0659519 0.699444
0.0682261 0.703333
0.0730994 0.701667
0.0721248 0.706667
0.0756936 0.706115
0.0783215 0.708211
0.076292 0.713478
0.0721248 0.713333
0.0682261 0.71
0.0657895 0.7125
0.0621832 0.717667
0.0653021 0.721667
0.0687134 0.718333
0.0721192 0.71999
0.0759315 0.719662
0.0723752 0.726007
0.0681735 0.727305
0.0640783 0.7296
0.0610889 0.72619
0.0567147 0.723615
0.0586745 0.717667
0.0546988 0.717962
0.0525712 0.713783
0.0516866 0.708771
0.0565302 0.71
0.0594542 0.708333
0.0623782 0.71
0.0633528 0.704167
0.0604289 0.7
0.0565302 0.703333
0.0522456 0.703556
0.0508645 0.697942
0.0545837 0.696671
0.0581546 0.696111
0.0599415 0.6925
0.0544065 0.689829
0.0585898 0.686389
0.0621546 0.685069
0.0664991 0.685068
0.0702655 0.686395
0.074228 0.690408
0.0925869 0.690797
0.0921544 0.683379
0.0945419 0.685013
0.097271 0.684333
0.101365 0.686667
0.102729 0.682556
0.101312 0.676757
0.0974659 0.676667
0.0933842 0.676703
0.0918158 0.669912
0.0955221 0.67
0.0996512 0.669572
0.0974659 0.663343
0.0933112 0.663969
0.0887008 0.666614
0.0853709 0.66853
0.0814874 0.666806
0.0783382 0.661912
0.0743789 0.661885
0.0709973 0.65849
0.0669974 0.654056
0.0740842 0.653325
0.0757049 0.647735
0.080509 0.646979
0.0805257 0.652976
0.0834079 0.658282
0.0886939 0.659237
0.0939757 0.659523
0.097374 0.656803
0.0958433 0.650193
0.0922994 0.6537
0.0864174 0.651051
0.090247 0.646978
0.0943312 0.643428
0.0896686 0.639978
0.0937864 0.636795
0.0899962 0.63388
0.093588 0.629458
0.0887 0.629161
0.0838207 0.626656
0.0802552 0.630541
0.0776478 0.633874
0.0822046 0.633875
0.0860976 0.632773
0.0854423 0.637213
0.0851999 0.643643
0.0818746 0.639983
0.0770159 0.639977
0.0721319 0.643309
0.0696825 0.645773
0.0662844 0.644948
0.0618054 0.647583
0.0581525 0.640637
0.0623857 0.638299
0.0662876 0.636648
0.0715619 0.636972
0.0698626 0.632752
0.0745646 0.631634
0.0711717 0.626652
0.0662859 0.628294
0.0625868 0.628959
0.0584871 0.631632
0.0545591 0.634185
0.0519887 0.625056
0.0565415 0.624974
0.0604431 0.623321
0.0653198 0.619989
0.0701818 0.619989
0.0737574 0.61943
0.0757067 0.622764
0.0779789 0.626656
0.0802496 0.622773
0.0809047 0.618333
0.0848013 0.61999
0.0877193 0.623323
0.0918119 0.62233
0.0896686 0.616657
0.0910332 0.611225
0.0880442 0.607222
0.0901441 0.601717
0.08577 0.603333
0.0821962 0.600556
0.0794391 0.598333
0.0824561 0.593
0.0857729 0.596662
0.0894653 0.595372
0.0881248 0.589772
0.0838207 0.586667
0.0797299 0.587668
0.0763536 0.586116
0.0750547 0.590836
0.0721308 0.586667
0.0682355 0.586672
0.0645296 0.585674
0.0594952 0.583341
0.0598742 0.589678
0.0575272 0.595
0.0614298 0.600017
0.0628703 0.595
0.0660909 0.59567
0.0685592 0.592792
0.0721308 0.59501
0.0760294 0.596667
0.0750567 0.601667
0.0701816 0.6
0.0662831 0.603333
0.0701785 0.606661
0.0740771 0.606661
0.0781676 0.607667
0.0818772 0.606667
0.0855769 0.612327
0.0812923 0.613663
0.0762193 0.614322
0.0724551 0.612782
0.0698589 0.613889
0.0662832 0.611652
0.0621929 0.614302
0.0584938 0.616655
0.0547855 0.618981
0.0521333 0.615557
0.0498646 0.610941
0.0571515 0.610341
0.061822 0.606984
0.0584933 0.603333
0.0543965 0.604319
0.0498314 0.602561
0.0532316 0.597002
0.0486093 0.594306
0.0536256 0.59
0.0494244 0.585179
0.0539514 0.58224
0.0506359 0.575381
0.0559617 0.576339
0.0602395 0.574343
0.0633687 0.578351
0.0692217 0.580004
0.0740771 0.580005
0.0779787 0.58
0.0818743 0.580005
0.0860949 0.582778
0.0890988 0.582199
0.0854477 0.577231
0.0873944 0.573889
0.0880389 0.56944
0.0838237 0.566672
0.0877163 0.563308
0.0877137 0.556667
0.0840266 0.55892
0.0799282 0.563344
0.0760296 0.566677
0.0721312 0.566678
0.079925 0.570005
0.082846 0.573333
0.0776505 0.573898
0.0740772 0.573339
0.0699897 0.572363
0.0662833 0.573344
0.0646749 0.567793
0.0606306 0.56568
0.0555809 0.569302
0.0523628 0.564986
0.057848 0.561122
0.056554 0.555182
0.0629802 0.556343
0.0659748 0.561135
0.0699837 0.56102
0.0738885 0.55903
0.0778099 0.557577
0.0808967 0.554297
0.0838207 0.55
0.0877137 0.55
0.0880392 0.543893
0.08577 0.54
0.0880392 0.536107
0.082846 0.535833
0.0802469 0.540556
0.0824561 0.545
0.0779727 0.545
0.0751237 0.547465
0.0751422 0.552455
0.0701823 0.551698
0.0664832 0.551049
0.0618238 0.550344
0.0600158 0.544985
0.0654036 0.543429
0.0656461 0.536597
0.0700443 0.540965
0.0725366 0.543787
0.074399 0.539444
0.0779727 0.536667
0.0740741 0.533333
0.0700038 0.53294
0.0716538 0.526683
0.0763483 0.529444
0.0797271 0.529
0.0838207 0.53
0.0879089 0.529005
0.08577 0.523333
0.0812865 0.523
0.0760234 0.523333
0.07179 0.520017
0.0720553 0.513433
0.0760234 0.516667
0.079922 0.516667
0.0838207 0.516667
0.0879089 0.517662
0.0877137 0.51
0.0838207 0.51
0.0808967 0.505833
0.0795971 0.510556
0.0760234 0.51
0.0725134 0.506888
0.0750577 0.502204
0.0779727 0.5
0.0773116 0.49427
0.081384 0.498333
0.084308 0.501667
0.0877137 0.503333
0.0880392 0.497226
0.0860949 0.493889
0.0833333 0.491667
0.0801334 0.489231
0.0847953 0.486667
0.0849423 0.48017
0.0897029 0.477566
0.0873944 0.482778
0.089231 0.487819
0.108475 0.495426
0.107529 0.502207
0.113783 0.502194
0.11918 0.505789
0.114279 0.512083
0.109301 0.50881
0.107918 0.515948
0.108194 0.523345
0.11306 0.521667
0.116959 0.523333
0.121832 0.527381
0.125975 0.532083
0.131189 0.533667
0.135478 0.53
0.131579 0.525
0.127437 0.52125
0.121832 0.52
0.118713 0.514333
0.122804 0.511678
0.127044 0.512131
0.132253 0.515888
0.13713 0.521334
0.14132 0.524538
0.147366 0.524808
0.152516 0.525623
0.155945 0.532083
0.160151 0.527628
0.166417 0.527985
0.168616 0.535
0.162768 0.535952
0.162768 0.543333
0.15692 0.541667
0.150828 0.535417
0.145224 0.531667
0.140769 0.535
0.135802 0.537778
0.131022 0.541667
0.136127 0.545556
0.140769 0.545
0.145468 0.54125
0.150828 0.544583
0.153473 0.550485
0.157908 0.552182
0.1618 0.550293
0.166641 0.548703
0.169037 0.544413
0.171735 0.541
0.17617 0.54125
0.178752 0.547
0.183229 0.551689
0.188353 0.55
0.194932 0.55
0.201998 0.554167
0.195906 0.558333
0.190615 0.558333
0.185687 0.559701
0.181561 0.560714
0.178622 0.558572
0.177808 0.553301
0.173452 0.550234
0.172113 0.556342
0.168565 0.554447
0.163144 0.555031
0.165367 0.559444
0.15848 0.559667
0.153996 0.56
0.152566 0.555868
0.14788 0.556454
0.145224 0.550727
0.142115 0.555688
0.137427 0.555
0.131857 0.550714
0.125975 0.554583
0.131022 0.558333
0.125731 0.563333
0.121832 0.56
0.117934 0.557381
0.117154 0.549
0.120858 0.548333
0.125731 0.546667
0.125731 0.54
0.119883 0.54
0.119493 0.533667
0.114314 0.530714
0.107943 0.53125
0.11306 0.536667
0.108174 0.54
0.114035 0.544048
0.107939 0.547909
0.112086 0.552619
0.107529 0.557793
0.113791 0.562083
0.108431 0.565434
0.108155 0.573417
0.108011 0.580845
0.11371 0.584444
0.117655 0.579762
0.113645 0.576333
0.114035 0.57
0.119048 0.569286
0.122807 0.571667
0.12729 0.569
0.131189 0.570333
0.133853 0.565556
0.137823 0.563008
0.142386 0.56544
0.146015 0.56437
0.150682 0.563667
0.15575 0.567667
0.152047 0.57
0.148148 0.57
0.141066 0.571888
0.137363 0.573138
0.144737 0.575
0.148148 0.576667
0.152632 0.576333
0.15848 0.573667
0.163743 0.576667
0.167641 0.576667
0.17154 0.576667
0.175439 0.576667
0.17885 0.578333
0.181774 0.581667
0.185185 0.583333
0.188109 0.5875
0.190058 0.5825
0.19298 0.585009
0.197333 0.584201
0.201346 0.587016
0.203947 0.58125
0.209552 0.584048
0.21345 0.589286
0.217593 0.584583
0.222222 0.585
0.226852 0.585417
0.231551 0.581667
0.236285 0.585
0.240462 0.589762
0.236192 0.594444
0.231551 0.591667
0.226539 0.595
0.222222 0.595
0.217593 0.595417
0.211222 0.595952
0.20621 0.591667
0.200622 0.593465
0.197201 0.593906
0.194932 0.59
0.192982 0.595
0.188499 0.593
0.191033 0.6
0.18694 0.599
0.183236 0.596667
0.179337 0.596667
0.174464 0.599167
0.177388 0.603333
0.181287 0.603333
0.18499 0.605667
0.190058 0.605833
0.192982 0.61
0.188109 0.611667
0.184211 0.613333
0.179922 0.609667
0.175439 0.61
0.171865 0.609444
0.172515 0.604167
0.169591 0.6
0.165692 0.596667
0.162118 0.597222
0.159357 0.595
0.15627 0.593889
0.154971 0.59
0.161209 0.589667
0.166277 0.589667
0.169591 0.593333
0.173489 0.593333
0.176901 0.591667
0.182651 0.590333
0.179337 0.586667
0.175439 0.583333
0.172515 0.586333
0.169591 0.583333
0.165692 0.583333
0.162118 0.583889
0.159649 0.581
0.15614 0.581
0.153509 0.585
0.150097 0.583333
0.146199 0.583333
0.1423 0.58
0.138736 0.579453
0.13624 0.580763
0.131592 0.578356
0.126706 0.578333
0.121832 0.581667
0.125731 0.586667
0.131282 0.586289
0.134762 0.589002
0.138402 0.586667
0.1423 0.586667
0.146199 0.59
0.150097 0.59
0.150682 0.596333
0.146199 0.596667
0.1423 0.593333
0.138402 0.593333
0.141326 0.598333
0.136777 0.600556
0.134031 0.596941
0.130469 0.594333
0.126381 0.594444
0.121275 0.591667
0.116541 0.591667
0.110142 0.589279
0.109168 0.598288
0.113478 0.598333
0.119883 0.6
0.125487 0.602083
0.13149 0.602952
0.132893 0.60721
0.136452 0.606667
0.140351 0.603333
0.14425 0.603333
0.147661 0.604167
0.150097 0.606667
0.154971 0.606667
0.152534 0.601667
0.155945 0.6
0.159844 0.603333
0.164327 0.603
0.167057 0.607
0.161793 0.61
0.1577 0.611
0.153996 0.613333
0.150422 0.617222
0.148733 0.613
0.14425 0.61
0.141326 0.611667
0.138596 0.612333
0.134503 0.613333
0.130613 0.612541
0.126901 0.611
0.121275 0.608333
0.115984 0.605952
0.109775 0.607249
0.112635 0.615
0.117544 0.613667
0.124107 0.615556
0.129955 0.620586
0.134503 0.62
0.138986 0.619667
0.143925 0.616111
0.146199 0.62
0.1423 0.623333
0.138402 0.626667
0.1423 0.63
0.146004 0.627667
0.150682 0.628333
0.15653 0.630333
0.161209 0.629667
0.166017 0.627222
0.169591 0.626667
0.166667 0.6325
0.163743 0.636667
0.15848 0.636333
0.161306 0.641667
0.15757 0.642778
0.153996 0.64
0.152632 0.635
0.148148 0.633333
0.146686 0.6375
0.142625 0.637222
0.140026 0.633889
0.136452 0.636667
0.135113 0.63162
0.133224 0.626287
0.128751 0.631658
0.125406 0.625556
0.121275 0.621667
0.116634 0.621111
0.110786 0.622664
0.11501 0.628333
0.120533 0.632037
0.11323 0.635888
0.116217 0.64209
0.121275 0.641667
0.125731 0.638333
0.131416 0.638789
0.134212 0.643499
0.138596 0.642333
0.1423 0.643333
0.146199 0.643333
0.150292 0.644333
0.153996 0.646667
0.154581 0.653
0.149513 0.653667
0.147823 0.649444
0.14425 0.65
0.139038 0.649617
0.134014 0.650249
0.129073 0.648333
0.123782 0.648333
0.115337 0.649893
0.118217 0.655381
0.122612 0.655667
0.127355 0.657222
0.131254 0.659444
0.124339 0.663571
0.118784 0.665386
0.122104 0.672046
0.127437 0.672083
0.131579 0.667381
0.137671 0.667917
0.135088 0.673667
0.142322 0.672053
0.145785 0.678324
0.141326 0.681667
0.136452 0.681667
0.132414 0.680714
0.128655 0.681667
0.124054 0.681245
0.129106 0.689769
0.131883 0.697332
0.135478 0.691667
0.139701 0.688889
0.146091 0.692037
0.148635 0.685833
0.15335 0.682129
0.157937 0.67971
0.155492 0.674787
0.150923 0.676107
0.151727 0.670547
0.148218 0.669816
0.146878 0.664823
0.143089 0.662784
0.139286 0.659441
0.135235 0.657142
0.140696 0.653872
0.144834 0.657
0.150097 0.66
0.153996 0.66
0.153411 0.666333
0.157895 0.663333
0.161793 0.663333
0.165887 0.664333
0.169591 0.663333
0.173489 0.66
0.176803 0.663667
0.181287 0.663333
0.185185 0.663333
0.188972 0.666463
0.193213 0.665305
0.19484 0.659843
0.200049 0.66125
0.205653 0.665
0.211501 0.66
0.21601 0.657724
0.220304 0.657778
0.224175 0.661369
0.229619 0.657433
0.233902 0.658256
0.23823 0.65499
0.243247 0.658333
0.247888 0.658889
0.255361 0.656667
0.262183 0.656667
0.261209 0.665
0.256335 0.665
0.251044 0.665
0.248148 0.670333
0.244082 0.667857
0.238791 0.665
0.2335 0.668333
0.228488 0.665
0.220691 0.668333
0.216374 0.668333
0.211501 0.668333
0.205653 0.674048
0.200455 0.672778
0.197531 0.668889
0.192398 0.673
0.185543 0.670121
0.181284 0.669995
0.177388 0.67
0.173294 0.669
0.169591 0.67
0.164327 0.670333
0.157895 0.67
0.160331 0.6725
0.16317 0.676991
0.167813 0.677545
0.17154 0.676657
0.175427 0.676618
0.180528 0.676065
0.185332 0.677535
0.190058 0.678333
0.196123 0.680556
0.201476 0.680714
0.202404 0.687778
0.206303 0.686667
0.20983 0.690238
0.214007 0.695
0.219298 0.692619
0.224589 0.695476
0.220273 0.701667
0.215643 0.703333
0.209552 0.701667
0.205409 0.697917
0.20078 0.695
0.196556 0.693518
0.192495 0.689583
0.188434 0.685556
0.182651 0.683667
0.178032 0.681919
0.172457 0.683722
0.166257 0.684048
0.161979 0.683962
0.15822 0.688704
0.153021 0.693333
0.157895 0.696667
0.162443 0.700556
0.16691 0.702083
0.172125 0.703
0.178606 0.70125
0.172515 0.695952
0.164717 0.692619
0.169396 0.691
0.176413 0.690714
0.180869 0.692143
0.185835 0.691111
0.184211 0.699286
0.189084 0.698333
0.193307 0.701111
0.199805 0.703333
0.204353 0.708704
0.198246 0.710333
0.193957 0.708333
0.188109 0.707381
0.182586 0.707778
0.17892 0.715
0.17533 0.709074
0.169916 0.711111
0.165367 0.710556
0.160819 0.713333
0.158626 0.705417
0.153578 0.705476
0.150097 0.701667
0.145781 0.701667
0.141326 0.697381
0.136903 0.701587
0.141321 0.707838
0.146574 0.710383
0.149682 0.714899
0.154731 0.714574
0.159243 0.719667
0.164712 0.719286
0.17056 0.718343
0.174983 0.721504
0.180268 0.723165
0.186408 0.723117
0.184454 0.715417
0.18978 0.716429
0.194096 0.719005
0.199763 0.718108
0.206511 0.716386
0.211176 0.708889
0.21355 0.714213
0.219068 0.711151
0.225372 0.70943
0.225146 0.703333
0.230408 0.702109
0.234881 0.700456
0.240417 0.697163
0.234893 0.693333
0.228801 0.692083
0.230994 0.685556
0.224903 0.684583
0.220468 0.684333
0.21475 0.68537
0.209795 0.67875
0.215678 0.677381
0.220858 0.677
0.225146 0.673333
0.22937 0.675
0.232554 0.680333
0.235283 0.676333
0.239766 0.673333
0.240416 0.680556
0.236517 0.685556
0.240741 0.69
0.245967 0.691501
0.250975 0.686417
0.24425 0.683667
0.246832 0.677917
0.25222 0.677963
0.256552 0.67537
0.261545 0.673793
0.265816 0.665378
0.270347 0.661254
0.267787 0.654583
0.274245 0.654586
0.277831 0.647525
0.27271 0.647667
0.268031 0.645952
0.263158 0.648333
0.259259 0.648333
0.255361 0.648333
0.251657 0.647667
0.248863 0.652222
0.244315 0.648889
0.240741 0.647667
0.235029 0.645299
0.233449 0.650348
0.230211 0.647648
0.227588 0.651628
0.224506 0.653867
0.223847 0.649444
0.220273 0.65
0.215647 0.649879
0.209556 0.651659
0.204678 0.655417
0.197216 0.65345
0.192977 0.653324
0.190047 0.656657
0.188749 0.660547
0.185185 0.656667
0.181092 0.655667
0.177583 0.655667
0.174464 0.653333
0.170565 0.650833
0.169006 0.657
0.165692 0.653333
0.162768 0.6575
0.157895 0.656667
0.160819 0.6525
0.158869 0.6475
0.163743 0.646667
0.167641 0.646667
0.171865 0.646111
0.176023 0.647
0.181871 0.643667
0.177583 0.641
0.172904 0.640333
0.166667 0.640833
0.169266 0.637222
0.171215 0.633889
0.173684 0.631
0.177193 0.632333
0.181092 0.635667
0.18499 0.639
0.187329 0.634333
0.191033 0.633333
0.194444 0.631667
0.197368 0.628333
0.20045 0.626115
0.195517 0.623
0.191228 0.624333
0.187719 0.627
0.183431 0.629
0.180312 0.625667
0.177388 0.623333
0.173489 0.623333
0.169591 0.62
0.165367 0.622778
0.161793 0.623333
0.15692 0.624167
0.151462 0.623
0.154971 0.619167
0.159357 0.618333
0.162768 0.616667
0.165887 0.614333
0.169591 0.613333
0.173489 0.616667
0.177388 0.616667
0.180962 0.616111
0.183236 0.62
0.187135 0.62
0.191033 0.616667
0.194607 0.617222
0.196556 0.612778
0.198506 0.616111
0.200777 0.619995
0.204095 0.621598
0.207602 0.617381
0.211544 0.620864
0.2174 0.622522
0.214481 0.626732
0.219688 0.627
0.224172 0.626667
0.222222 0.62
0.226316 0.621
0.23002 0.623333
0.233886 0.623387
0.23844 0.622213
0.24269 0.617381
0.246264 0.622778
0.250162 0.620556
0.254386 0.623333
0.258675 0.627
0.264133 0.623333
0.269331 0.623889
0.271605 0.629444
0.265107 0.63125
0.261069 0.635952
0.256335 0.633333
0.250487 0.63
0.244361 0.629286
0.239695 0.631719
0.235235 0.630363
0.230994 0.628333
0.229695 0.632778
0.226608 0.631667
0.223977 0.635667
0.220273 0.633333
0.216374 0.633333
0.212905 0.633807
0.210424 0.63097
0.206153 0.628333
0.201534 0.630739
0.20564 0.636655
0.200638 0.638132
0.196881 0.636667
0.192398 0.639667
0.189409 0.642778
0.18681 0.646111
0.182651 0.649667
0.188499 0.650333
0.192982 0.646667
0.196683 0.644332
0.199905 0.648629
0.204253 0.645
0.209266 0.6428
0.212628 0.639961
0.214946 0.642442
0.217999 0.643889
0.219298 0.639167
0.222222 0.643333
0.226121 0.643333
0.228395 0.639444
0.232294 0.640556
0.231644 0.636111
0.235845 0.636657
0.238914 0.641109
0.244396 0.637917
0.248213 0.642222
0.251137 0.637222
0.256335 0.64
0.264522 0.640333
0.269656 0.637222
0.273554 0.639444
0.277778 0.637381
0.281684 0.640906
0.299257 0.651883
0.304094 0.651667
0.307992 0.651667
0.312622 0.64875
0.303433 0.642106
0.308723 0.64125
0.315372 0.641667
0.320419 0.64125
0.324805 0.645417
0.330409 0.642619
0.333983 0.637778
0.327485 0.635417
0.322937 0.632778
0.31847 0.63125
0.312865 0.634048
0.306779 0.633484
0.308247 0.625701
0.312865 0.626667
0.312543 0.619196
0.318324 0.623667
0.322612 0.620714
0.326511 0.625952
0.331802 0.628333
0.336582 0.631111
0.339831 0.636111
0.344298 0.634583
0.348197 0.627917
0.342105 0.625952
0.33765 0.621667
0.333528 0.621
0.328947 0.6175
0.324561 0.613333
0.317736 0.614992
0.312284 0.610881
0.314019 0.60425
0.317646 0.604534
0.321958 0.607768
0.326754 0.604583
0.332142 0.603889
0.338207 0.607381
0.333821 0.6125
0.340713 0.615
0.34576 0.61875
0.350682 0.617667
0.353801 0.622619
0.353801 0.63
0.359649 0.626667
0.366363 0.622778
0.373294 0.618333
0.368003 0.615
0.361598 0.617381
0.35705 0.616667
0.353476 0.611111
0.348278 0.611111
0.344055 0.607381
0.349611 0.603819
0.34576 0.597917
0.340156 0.599286
0.335932 0.597222
0.328216 0.595417
0.322163 0.597757
0.317739 0.596667
0.314046 0.595092
0.318064 0.590556
0.321137 0.590398
0.323673 0.585954
0.319645 0.583368
0.315693 0.586722
0.315789 0.58
0.32176 0.575811
0.318144 0.575369
0.315266 0.572002
0.317087 0.565574
0.321442 0.567667
0.326121 0.569667
0.332359 0.567381
0.337232 0.572083
0.341862 0.567917
0.348278 0.567778
0.346004 0.560714
0.340546 0.559667
0.336582 0.562222
0.332115 0.557917
0.326511 0.561667
0.320663 0.56
0.315124 0.557489
0.31472 0.548761
0.319607 0.546361
0.320941 0.552619
0.325842 0.551568
0.329119 0.548603
0.334569 0.549689
0.340812 0.546556
0.340156 0.553333
0.34576 0.552083
0.351852 0.552619
0.348351 0.544952
0.354116 0.544388
0.360232 0.540017
0.359671 0.547382
0.35731 0.553667
0.3573 0.559672
0.351852 0.560714
0.355778 0.567385
0.352374 0.572938
0.351878 0.580022
0.345447 0.58119
0.344542 0.575
0.338207 0.58
0.332916 0.578809
0.32963 0.574333
0.326186 0.577778
0.32846 0.585952
0.33309 0.590417
0.337232 0.586111
0.341374 0.590417
0.346561 0.588333
0.35065 0.587681
0.356925 0.589003
0.360299 0.587778
0.363304 0.583333
0.366667 0.589
0.371067 0.589286
0.377437 0.59
0.383598 0.593571
0.391117 0.597381
0.396443 0.595417
0.398148 0.588333
0.391163 0.589444
0.387775 0.585952
0.383598 0.585476
0.379699 0.581667
0.38499 0.576667
0.380535 0.571667
0.375487 0.574583
0.373294 0.582619
0.369396 0.578333
0.365497 0.575
0.36996 0.568403
0.375322 0.565351
0.381026 0.563516
0.38548 0.56816
0.390367 0.570148
0.391317 0.577089
0.394731 0.581676
0.401318 0.582511
0.407407 0.583333
0.407407 0.59
0.402534 0.595952
0.408104 0.597381
0.413084 0.600987
0.408939 0.605
0.40229 0.604583
0.396686 0.603333
0.389864 0.605
0.384747 0.60125
0.379386 0.602083
0.375244 0.597381
0.369117 0.597381
0.364383 0.597381
0.359893 0.597917
0.353481 0.597353
0.356725 0.605
0.361598 0.609286
0.366332 0.607381
0.371345 0.604048
0.374408 0.609286
0.379142 0.612619
0.383598 0.61119
0.387914 0.613333
0.391952 0.614048
0.396443 0.61125
0.400828 0.615417
0.405458 0.611667
0.410053 0.614048
0.412281 0.620714
0.416785 0.617038
0.419548 0.620439
0.423002 0.62
0.426576 0.616111
0.424626 0.612778
0.421378 0.613889
0.419103 0.61
0.414901 0.609689
0.415703 0.60374
0.418778 0.603889
0.420728 0.599444
0.417229 0.596702
0.414088 0.591238
0.41971 0.589677
0.421378 0.593889
0.425536 0.596333
0.424951 0.59
0.42885 0.59
0.431774 0.585833
0.426901 0.583333
0.423002 0.583333
0.419243 0.583439
0.413992 0.582091
0.417916 0.577105
0.421898 0.573034
0.423332 0.577218
0.426901 0.576667
0.430799 0.573333
0.430474 0.580556
0.433073 0.579444
0.436062 0.576333
0.440058 0.571667
0.436972 0.570556
0.434503 0.567667
0.430802 0.566671
0.427225 0.570556
0.426055 0.566703
0.422033 0.56405
0.417804 0.568889
0.413255 0.57
0.409844 0.572917
0.406043 0.577
0.403834 0.571111
0.406108 0.564444
0.410006 0.561111
0.415622 0.561667
0.417349 0.554333
0.412281 0.554048
0.406433 0.555
0.40254 0.548343
0.406823 0.546333
0.412281 0.546667
0.417885 0.545417
0.422515 0.540833
0.430103 0.542619
0.435394 0.544048
0.440963 0.541667
0.445419 0.538333
0.451267 0.54
0.456465 0.537778
0.459389 0.532222
0.452659 0.531667
0.448343 0.531667
0.444445 0.528333
0.440546 0.531667
0.436322 0.536111
0.433398 0.532222
0.428432 0.535476
0.424951 0.531667
0.420635 0.53119
0.416396 0.533889
0.411445 0.528809
0.406433 0.533333
0.412037 0.53875
0.406433 0.54
0.400828 0.53875
0.396727 0.532585
0.400396 0.528248
0.404635 0.525356
0.408936 0.522298
0.414526 0.521382
0.419303 0.519565
0.422584 0.522143
0.426396 0.516433
0.427096 0.524333
0.431217 0.525
0.437065 0.525
0.432061 0.517409
0.437312 0.515623
0.44152 0.52
0.445193 0.514532
0.452107 0.514427
0.447925 0.521667
0.453216 0.521667
0.457115 0.525
0.459004 0.515831
0.465517 0.517647
0.462406 0.525
0.465562 0.529444
0.469786 0.531667
0.473684 0.531667
0.478801 0.532083
0.476608 0.525
0.47054 0.521398
0.474549 0.517875
0.479722 0.521044
0.4838 0.522565
0.487338 0.526671
0.485196 0.534848
0.485634 0.54471
0.481481 0.541667
0.476852 0.54125
0.47076 0.54
0.465562 0.537222
0.462719 0.542083
0.457115 0.545
0.451267 0.548333
0.445419 0.548333
0.440329 0.551111
0.436246 0.551733
0.429825 0.550714
0.424534 0.548333
0.421784 0.555417
0.427729 0.558897
0.432519 0.558145
0.434994 0.560667
0.438119 0.561734
0.440997 0.558664
0.444575 0.557764
0.448526 0.561345
0.451809 0.558097
0.456871 0.555417
0.463396 0.556482
0.461571 0.549762
0.468811 0.548333
0.474172 0.549167
0.478801 0.552083
0.483791 0.552438
0.482057 0.561257
0.476608 0.56
0.47076 0.558333
0.465191 0.562619
0.47076 0.566667
0.476608 0.567381
0.480034 0.571666
0.475494 0.576429
0.47076 0.573333
0.465469 0.571667
0.460449 0.568353
0.456446 0.564833
0.452538 0.566173
0.446394 0.565
0.44152 0.565833
0.444444 0.57
0.44282 0.576111
0.446719 0.573889
0.449968 0.573889
0.451267 0.57
0.456075 0.573415
0.454191 0.578333
0.457932 0.578674
0.458871 0.584135
0.462727 0.579462
0.469055 0.58125
0.475347 0.583301
0.475054 0.591129
0.469786 0.591667
0.465887 0.588333
0.462067 0.592426
0.459566 0.589571
0.456335 0.591
0.453216 0.586667
0.448343 0.586667
0.451917 0.582778
0.448928 0.579667
0.444932 0.581667
0.440546 0.58
0.436647 0.583333
0.44152 0.585833
0.44386 0.590333
0.438597 0.59
0.435023 0.589444
0.432424 0.592778
0.430474 0.597222
0.434698 0.596667
0.438597 0.596667
0.442495 0.596667
0.446589 0.595667
0.450292 0.593333
0.453704 0.595
0.450292 0.6
0.455556 0.600333
0.459658 0.598797
0.465469 0.598333
0.47076 0.598889
0.475042 0.600328
0.474919 0.606778
0.468811 0.606667
0.463743 0.605667
0.459866 0.606586
0.45614 0.606667
0.451657 0.606333
0.449318 0.610833
0.445419 0.608333
0.446394 0.603333
0.442495 0.603333
0.438597 0.603333
0.434698 0.603333
0.430799 0.603333
0.427388 0.601667
0.423002 0.603333
0.424464 0.6075
0.42885 0.61
0.432749 0.61
0.436647 0.61
0.440058 0.610833
0.44217 0.612778
0.444769 0.613889
0.448668 0.616111
0.452437 0.615667
0.455899 0.614264
0.460197 0.614262
0.464355 0.614524
0.469055 0.615417
0.474659 0.615
0.479338 0.617015
0.4827 0.623333
0.48806 0.624583
0.49081 0.630238
0.48603 0.634444
0.484016 0.640333
0.479114 0.641667
0.475439 0.645667
0.471085 0.643889
0.467186 0.645556
0.464912 0.651
0.461793 0.654333
0.457672 0.655
0.453216 0.650714
0.449039 0.653571
0.444769 0.647963
0.450877 0.643667
0.454841 0.641111
0.459064 0.645952
0.462963 0.640714
0.458739 0.635555
0.46352 0.631667
0.468811 0.635
0.474415 0.635417
0.481064 0.632143
0.477165 0.628333
0.472466 0.624583
0.467105 0.624583
0.461014 0.625
0.457873 0.620939
0.454054 0.623125
0.451267 0.62458
0.447758 0.623667
0.446069 0.619444
0.44269 0.622333
0.440221 0.619444
0.436647 0.62
0.435185 0.615833
0.431124 0.616111
0.429175 0.619444
0.427875 0.623333
0.432424 0.622778
0.434698 0.626667
0.438597 0.626667
0.441001 0.631444
0.444424 0.629946
0.448267 0.629728
0.45516 0.630707
0.450942 0.635555
0.445381 0.638224
0.440127 0.641657
0.437376 0.635099
0.434423 0.632605
0.430802 0.629986
0.42693 0.629878
0.424639 0.626068
0.421162 0.626442
0.416744 0.627841
0.413255 0.631667
0.408939 0.628333
0.405458 0.621667
0.400368 0.626111
0.395224 0.6225
0.390595 0.625417
0.38499 0.621667
0.379142 0.621667
0.373538 0.627917
0.369152 0.632083
0.363791 0.632083
0.358535 0.637381
0.354776 0.638333
0.350146 0.637917
0.346979 0.644583
0.342662 0.648333
0.338694 0.64375
0.334633 0.648889
0.329852 0.651667
0.324561 0.654048
0.318957 0.65125
0.315789 0.658333
0.311473 0.658333
0.307018 0.662619
0.302794 0.660556
0.296947 0.662474
0.301175 0.669983
0.307261 0.67125
0.305074 0.678343
0.310916 0.679286
0.310484 0.688263
0.31514 0.685556
0.317934 0.681
0.322937 0.681111
0.32911 0.679444
0.330409 0.686667
0.325536 0.688333
0.320988 0.688889
0.317854 0.694629
0.324301 0.69878
0.328947 0.697083
0.332359 0.694333
0.335282 0.700002
0.336257 0.691667
0.341885 0.693355
0.346004 0.688334
0.349924 0.684108
0.343811 0.68125
0.338764 0.685
0.334308 0.680714
0.334308 0.673333
0.338986 0.675667
0.342349 0.67125
0.347174 0.672333
0.350227 0.676111
0.355017 0.675876
0.357948 0.667926
0.363126 0.666441
0.365316 0.65992
0.360624 0.658333
0.356307 0.657857
0.351852 0.66
0.351852 0.667381
0.346004 0.664048
0.340713 0.661667
0.336257 0.665952
0.330409 0.666667
0.324237 0.668889
0.326836 0.674444
0.320338 0.674444
0.314815 0.674048
0.312587 0.667381
0.318324 0.667
0.320906 0.66125
0.326836 0.661111
0.333333 0.658333
0.339042 0.654524
0.346248 0.655417
0.351364 0.650833
0.355994 0.647917
0.360624 0.648333
0.364522 0.651667
0.368956 0.65106
0.363791 0.64125
0.368421 0.641667
0.372829 0.641997
0.377025 0.636882
0.379421 0.630714
0.384712 0.630714
0.389295 0.636248
0.392008 0.634333
0.39647 0.633889
0.40535 0.633889
0.400828 0.63875
0.393004 0.64537
0.397769 0.647222
0.403648 0.647381
0.408382 0.65
0.407992 0.643667
0.410888 0.639762
0.416179 0.638333
0.420468 0.640333
0.422085 0.633278
0.426345 0.636952
0.43064 0.63742
0.433398 0.642222
0.437232 0.647
0.435023 0.652222
0.429825 0.649286
0.425926 0.644048
0.42147 0.648333
0.416736 0.647857
0.413255 0.651667
0.409942 0.657
0.404483 0.656667
0.399285 0.654444
0.397172 0.660013
0.38694 0.673659
0.399613 0.668322
0.404483 0.665
0.409774 0.664524
0.413255 0.668333
0.417885 0.667917
0.416423 0.65875
0.421053 0.658333
0.425369 0.655
0.430219 0.657011
0.433985 0.660483
0.439815 0.655417
0.445419 0.657778
0.452567 0.661296
0.459064 0.664048
0.455945 0.669
0.451824 0.672143
0.447925 0.668333
0.44425 0.664333
0.439769 0.664638
0.434313 0.666183
0.430796 0.668343
0.42832 0.664333
0.424519 0.665919
0.421919 0.672214
0.426344 0.673656
0.429175 0.677222
0.432749 0.673333
0.436424 0.671067
0.439644 0.673827
0.444862 0.675
0.452659 0.681667
0.447925 0.681667
0.440843 0.681499
0.436636 0.67999
0.432749 0.68
0.428853 0.683329
0.424478 0.68044
0.420314 0.683871
0.415936 0.677917
0.411306 0.678333
0.408057 0.673889
0.403084 0.675
0.405606 0.682144
0.408939 0.688333
0.41423 0.686667
0.416829 0.692222
0.412606 0.695556
0.416736 0.701667
0.422027 0.702619
0.422033 0.71023
0.427632 0.707917
0.433166 0.708333
0.441033 0.710417
0.436647 0.715
0.429617 0.716489
0.435673 0.722213
0.440546 0.721667
0.445419 0.72334
0.451554 0.722564
0.458626 0.717127
0.453216 0.715952
0.445029 0.717
0.447368 0.711667
0.450487 0.707667
0.454386 0.707667
0.458507 0.708333
0.463479 0.710946
0.467349 0.704805
0.462573 0.703
0.456871 0.69875
0.451267 0.698333
0.445419 0.696667
0.445419 0.703333
0.440546 0.701667
0.435916 0.70125
0.429825 0.698333
0.425146 0.697667
0.421378 0.693889
0.426323 0.688533
0.431513 0.688515
0.435856 0.68608
0.435646 0.693305
0.440546 0.691667
0.445175 0.68875
0.451267 0.69
0.456558 0.687857
0.460364 0.690556
0.462183 0.695667
0.466305 0.695476
0.469786 0.691667
0.472271 0.700498
0.475153 0.69326
0.478766 0.687839
0.483242 0.683473
0.483431 0.676667
0.477165 0.678333
0.47271 0.683333
0.466428 0.683889
0.461571 0.681667
0.457115 0.677381
0.461988 0.673333
0.463353 0.668333
0.468811 0.67
0.468811 0.676667
0.474102 0.671667
0.478557 0.667381
0.482846 0.670333
0.489096 0.671407
0.487654 0.664444
0.483431 0.661667
0.478947 0.659667
0.474102 0.661667
0.468811 0.663333
0.464133 0.661
0.468811 0.655952
0.473034 0.652222
0.478557 0.652619
0.483292 0.647381
0.485055 0.652778
0.488954 0.657778
0.492979 0.661017
0.495811 0.653919
0.490253 0.651111
0.494152 0.645952
0.498397 0.643904
0.49001 0.64125
0.494709 0.635
0.499778 0.635446
0.501994 0.628428
0.496101 0.625952
0.50387 0.620713
0.498294 0.617917
0.492853 0.618889
0.486587 0.61593
0.491782 0.612132
0.495413 0.606419
0.499025 0.608333
0.502924 0.611667
0.506632 0.610989
0.506355 0.603116
0.500278 0.600714
0.499003 0.593996
0.506073 0.595747
0.509453 0.59054
0.509755 0.581674
0.503899 0.585
0.499211 0.585378
0.502597 0.576954
0.507797 0.573333
0.512777 0.572081
0.507797 0.565952
0.502733 0.568601
0.504698 0.558429
0.511696 0.561667
0.514102 0.555114
0.508122 0.552222
0.511299 0.547821
0.505234 0.547203
0.506404 0.539539
0.516839 0.510205
0.513152 0.504852
0.508471 0.4999
0.488255 0.486066
0.483037 0.484157
0.478321 0.481014
0.472588 0.479069
0.466846 0.478139
0.461014 0.477863
0.455161 0.477932
0.449328 0.478175
0.443497 0.478306
0.437595 0.47858
0.430978 0.479585
0.423982 0.481364
0.418253 0.482517
0.41147 0.484064
0.404864 0.487146
0.398488 0.489471
0.391588 0.493546
0.363301 0.511157
0.357645 0.512118
0.351922 0.514277
0.345834 0.516684
0.336068 0.5166
0.330387 0.516449
0.325536 0.516734
0.320672 0.516814
0.314898 0.516186
0.309255 0.514989
0.284931 0.511728
0.280353 0.514823
0.287972 0.518574
0.284591 0.523551
0.291893 0.526587
0.289002 0.532042
0.290129 0.539818
0.294976 0.538175
0.291797 0.548153
0.296296 0.548333
0.29829 0.557392
0.293372 0.558333
0.293129 0.567917
0.297828 0.568809
0.297276 0.578326
0.291822 0.576694
0.291545 0.585169
0.297493 0.587868
0.295322 0.595952
0.290399 0.593172
0.289717 0.60125
0.294719 0.604509
0.285962 0.607655
0.291263 0.611392
0.288766 0.618239
0.284795 0.619
0.285414 0.628192
0.281676 0.630833
0.275828 0.627222
0.278509 0.620833
0.282397 0.613881
0.278137 0.613717
0.273828 0.611754
0.269737 0.615417
0.265107 0.615
0.261014 0.617667
0.257505 0.617667
0.251462 0.613333
0.244918 0.610714
0.238548 0.61125
0.23293 0.608363
0.233091 0.617246
0.228713 0.614785
0.223708 0.61329
0.219034 0.615889
0.215095 0.614045
0.209162 0.610333
0.203381 0.612001
0.199155 0.609444
0.201534 0.605928
0.196556 0.606111
0.194607 0.602778
0.198238 0.599673
0.202781 0.599199
0.207045 0.601667
0.212058 0.605
0.216792 0.604524
0.221496 0.605424
0.226848 0.605431
0.230994 0.6
0.237399 0.601667
0.241715 0.601667
0.246345 0.60125
0.250731 0.605417
0.256092 0.604583
0.259259 0.610556
0.262427 0.604583
0.268031 0.606667
0.271865 0.601667
0.266082 0.598889
0.260234 0.596667
0.254386 0.595952
0.250209 0.593095
0.244639 0.592619
0.247146 0.585
0.251462 0.581667
0.254943 0.585476
0.25912 0.589762
0.263808 0.585556
0.266639 0.591667
0.271138 0.591408
0.271328 0.583556
0.272107 0.576742
0.266326 0.577917
0.260559 0.581111
0.259584 0.574444
0.254776 0.576333
0.247563 0.576111
0.24269 0.58
0.238012 0.577667
0.234568 0.573889
0.229045 0.575
0.224868 0.572143
0.221248 0.575952
0.217024 0.573889
0.213172 0.576905
0.208577 0.574583
0.203147 0.571667
0.197833 0.57598
0.19272 0.575917
0.189272 0.575703
0.18499 0.575667
0.181287 0.573333
0.176023 0.570333
0.17154 0.57
0.167641 0.57
0.163743 0.57
0.159844 0.568333
0.162378 0.563667
0.167641 0.563333
0.17154 0.563333
0.175244 0.562333
0.179337 0.566667
0.182911 0.566111
0.185498 0.567265
0.187449 0.57059
0.1903 0.566383
0.194928 0.568345
0.199527 0.566429
0.203704 0.560714
0.206953 0.564444
0.210387 0.562619
0.214007 0.565476
0.219055 0.565417
0.227339 0.564583
0.2327 0.565417
0.237167 0.563889
0.24269 0.562619
0.240741 0.570714
0.246832 0.56875
0.251462 0.568333
0.255361 0.568333
0.25912 0.563571
0.26274 0.568333
0.267056 0.568333
0.270955 0.568333
0.274857 0.568661
0.274578 0.558632
0.266639 0.560238
0.27115 0.555667
0.267641 0.553
0.262427 0.55125
0.258842 0.556905
0.253411 0.558333
0.248782 0.55875
0.244639 0.553333
0.238791 0.555
0.233187 0.555417
0.229045 0.550714
0.225982 0.555952
0.221805 0.559762
0.215957 0.556429
0.209795 0.552083
0.205978 0.547778
0.201197 0.545
0.195349 0.543571
0.193679 0.537381
0.189279 0.537667
0.18694 0.542333
0.182651 0.543
0.182911 0.53537
0.175439 0.533889
0.172515 0.527445
0.17862 0.527962
0.183971 0.526051
0.188458 0.527878
0.193324 0.527347
0.198239 0.52669
0.203045 0.525529
0.205045 0.519492
0.209552 0.524048
0.214425 0.525
0.218741 0.523095
0.222222 0.527222
0.221248 0.533333
0.220858 0.539667
0.216699 0.536667
0.212801 0.532222
0.206628 0.530556
0.199561 0.534583
0.204261 0.538333
0.208577 0.538333
0.212476 0.542083
0.215643 0.54875
0.221004 0.54875
0.224868 0.543571
0.229045 0.541667
0.232943 0.537381
0.227374 0.532619
0.232554 0.530333
0.236842 0.527381
0.24269 0.523333
0.24269 0.530714
0.247981 0.528809
0.252193 0.525417
0.257171 0.522143
0.261533 0.527963
0.257554 0.534167
0.253411 0.535
0.249513 0.538333
0.244883 0.53875
0.238791 0.536667
0.235136 0.545417
0.241228 0.545833
0.248782 0.547917
0.255778 0.550238
0.254107 0.544048
0.260478 0.542083
0.265803 0.540714
0.26831 0.545952
0.274232 0.548044
0.27395 0.539017
0.271271 0.533897
0.265595 0.532917
0.271638 0.525608
0.268031 0.5225
0.263576 0.518333
0.258528 0.514583
0.253411 0.515
0.248294 0.517917
0.242934 0.515417
0.237121 0.519286
0.231969 0.521667
0.227095 0.524048
0.223522 0.517778
0.228488 0.515
0.232164 0.511
0.236598 0.51125
0.242412 0.507381
0.248538 0.508333
0.254107 0.505952
0.259454 0.505667
0.262833 0.506667
0.266407 0.502222
0.266639 0.511667
0.271148 0.509503
0.276067 0.508092
0.280579 0.504038
0.275259 0.498391
0.27115 0.499
0.26921 0.494029
0.264133 0.495
0.259913 0.493901
0.256335 0.499286
0.253265 0.494428
0.248315 0.498828
0.243048 0.498284
0.238264 0.501486
0.233499 0.501997
0.228532 0.505163
0.22338 0.507025
0.220598 0.512222
0.215789 0.510418
0.2154 0.516667
0.210227 0.515636
0.198909 0.502377
0.194911 0.501859
0.19104 0.501572
0.186188 0.501432
0.181308 0.499963
0.177388 0.498831
0.173471 0.49837
0.168822 0.497467
0.163919 0.494987
0.15987 0.494037
0.155015 0.491513
0.149511 0.488555
0.144857 0.48466
0.14034 0.481679
0.136256 0.47885
0.132261 0.475944
0.127913 0.472497
0.123073 0.467811
0.116873 0.461969
End
