1200 414
0.00244565 0.790118
0.00925725 0.789488
0.0148732 0.787597
0.018125 0.796498
0.0132083 0.800846
0.0124008 0.813262
0.0119384 0.824564
0.0112153 0.837158
0.0266945 0.809744
0.0367046 0.809618
0.0457292 0.80163
0.0510326 0.791483
0.055308 0.789803
0.0625833 0.792633
0.0594518 0.797419
0.0571296 0.806898
0.0580208 0.815519
0.0507143 0.825052
0.0593982 0.827832
0.0666667 0.812131
0.0826852 0.811058
0.0937103 0.812112
0.102242 0.841097
0.102917 0.829161
0.102639 0.818553
0.103472 0.807327
0.112847 0.80938
0.121023 0.800286
0.128988 0.803486
0.126402 0.793478
0.133977 0.795235
0.138993 0.795391
0.143794 0.79475
0.147011 0.791378
0.152667 0.788768
0.151467 0.79978
0.156017 0.793189
0.15945 0.791353
0.163004 0.794877
0.167685 0.795491
0.172886 0.794462
0.178194 0.794552
0.181985 0.795183
0.185478 0.792136
0.189653 0.79368
0.193333 0.793478
0.198552 0.790603
0.20288 0.789908
0.208558 0.791063
0.205341 0.796992
0.199583 0.800265
0.195504 0.80759
0.197292 0.814735
0.203144 0.812802
0.210194 0.805395
0.218194 0.801261
0.213951 0.794395
0.218717 0.788841
0.222768 0.792443
0.227083 0.797165
0.23125 0.797102
0.235308 0.796314
0.239306 0.796239
0.226875 0.787561
0.231141 0.786652
0.235769 0.785396
0.240455 0.785573
0.245192 0.787068
0.250139 0.788346
0.255104 0.787842
0.259653 0.785024
0.263674 0.786012
0.267004 0.780251
0.271339 0.782609
0.277699 0.775835
0.273371 0.772727
0.270217 0.766619
0.266583 0.769614
0.262599 0.77404
0.257783 0.774445
0.253352 0.779196
0.248786 0.77741
0.245333 0.774396
0.240858 0.774723
0.237083 0.775582
0.231576 0.77615
0.226667 0.77657
0.22317 0.778986
0.219542 0.776812
0.215833 0.78128
0.21185 0.783623
0.207917 0.778181
0.203958 0.779288
0.199735 0.780084
0.194769 0.781401
0.191647 0.781056
0.188068 0.78206
0.180917 0.78587
0.175833 0.785226
0.171286 0.784237
0.166417 0.78744
0.162614 0.783597
0.168125 0.779589
0.165265 0.772947
0.16129 0.77335
0.157732 0.777912
0.15375 0.778583
0.147386 0.779754
0.143292 0.777174
0.142333 0.786232
0.138859 0.782241
0.135185 0.785829
0.131154 0.787068
0.1275 0.782609
0.123458 0.785628
0.119554 0.785197
0.115962 0.791899
0.110609 0.7932
0.10625 0.793978
0.100952 0.793306
0.0955417 0.791788
0.0895834 0.790833
0.085308 0.790433
0.080258 0.790143
0.07625 0.791063
0.07215 0.792995
0.0676667 0.792995
0.0671875 0.785628
0.0636184 0.782799
0.0599342 0.783054
0.0539484 0.779216
0.0491486 0.782976
0.0459848 0.784036
0.0425758 0.790294
0.0390278 0.786577
0.033287 0.787171
0.02875 0.788285
0.0256944 0.784047
0.0219444 0.788111
0.0186706 0.782781
0.0108167 0.778696
0.0159239 0.77552
0.0222348 0.777009
0.0274621 0.773935
0.0310985 0.777778
0.0359167 0.780073
0.0431945 0.775944
0.0390417 0.773792
0.0356167 0.769034
0.0412138 0.765648
0.0360227 0.758454
0.0409167 0.756522
0.0454167 0.76002
0.0518833 0.759082
0.0493659 0.752206
0.0451894 0.748792
0.0388636 0.745608
0.0348333 0.748913
0.03125 0.752521
0.0265972 0.75151
0.0215278 0.75046
0.0179167 0.744147
0.0235606 0.742424
0.0294318 0.741766
0.035 0.738024
0.0416468 0.740338
0.0452273 0.738472
0.0499242 0.741436
0.0480921 0.732202
0.0521558 0.731727
0.0557955 0.733751
0.0609869 0.736143
0.0643055 0.733092
0.0675 0.731213
0.0707738 0.733552
0.0739088 0.736082
0.0778333 0.734179
0.0822222 0.737621
0.0871591 0.732872
0.091375 0.73442
0.0950906 0.730151
0.0982428 0.726896
0.101708 0.728382
0.10535 0.731739
0.108909 0.735852
0.112785 0.737796
0.116125 0.734783
0.124436 0.738491
0.120417 0.740459
0.117685 0.745572
0.113869 0.747585
0.109907 0.747048
0.106792 0.74686
0.101987 0.741082
0.0980616 0.740338
0.0941167 0.743913
0.0895455 0.743412
0.0856341 0.744749
0.0818056 0.749899
0.078144 0.744291
0.0742325 0.747585
0.0705754 0.747815
0.0673485 0.742315
0.0635606 0.745389
0.0577315 0.74262
0.0540661 0.747252
0.0586706 0.752185
0.0629167 0.754589
0.0671875 0.755234
0.0715278 0.75936
0.0766848 0.755566
0.08 0.760321
0.0850181 0.758087
0.0892803 0.754172
0.0933654 0.755853
0.0980682 0.751098
0.10322 0.753294
0.100197 0.759026
0.0966346 0.763843
0.102542 0.767271
0.106885 0.769784
0.111466 0.770308
0.0999306 0.774054
0.0947222 0.77402
0.0923026 0.768688
0.088279 0.766068
0.0831667 0.767512
0.0800199 0.772199
0.0750167 0.766329
0.0709326 0.771164
0.0671875 0.766405
0.0621196 0.763968
0.0575906 0.762077
0.054504 0.766678
0.0478472 0.768418
0.0511706 0.772544
0.058 0.774155
0.0632955 0.772837
0.0683929 0.778411
0.0733013 0.780286
0.0773958 0.778885
0.0827273 0.78184
0.0858334 0.775253
0.0890417 0.779831
0.0928409 0.784695
0.0967593 0.78073
0.099875 0.785387
0.104359 0.780565
0.108683 0.780918
0.112951 0.783313
0.115833 0.775548
0.119722 0.77241
0.123075 0.77473
0.126612 0.770899
0.130456 0.774615
0.134583 0.774704
0.139201 0.769626
0.143988 0.768403
0.148939 0.768445
0.153882 0.768561
0.157308 0.762914
0.160833 0.762077
0.164242 0.761528
0.168552 0.765643
0.171635 0.770903
0.175417 0.774575
0.179545 0.775911
0.184688 0.777476
0.188889 0.770028
0.192917 0.768164
0.197361 0.773027
0.198437 0.764191
0.20175 0.768116
0.205054 0.766593
0.209924 0.767787
0.213393 0.772199
0.216845 0.768404
0.221382 0.767671
0.224722 0.764493
0.228925 0.765129
0.233967 0.768379
0.238864 0.764493
0.243603 0.763214
0.248164 0.763956
0.252197 0.769433
0.255814 0.764953
0.259444 0.760467
0.262955 0.761199
0.266642 0.757388
0.269295 0.749164
0.27255 0.742754
0.275852 0.746009
0.278935 0.738728
0.283859 0.740863
0.287639 0.740453
0.293015 0.739201
0.299496 0.735889
0.305 0.737045
0.310308 0.734982
0.31446 0.730319
0.318878 0.730398
0.324242 0.731225
0.330258 0.729986
0.334904 0.731977
0.331629 0.740009
0.327311 0.739131
0.321757 0.739078
0.318507 0.744163
0.314504 0.741604
0.308009 0.742888
0.302679 0.744939
0.299062 0.746528
0.295958 0.746498
0.293 0.750362
0.287083 0.752416
0.281806 0.749899
0.278794 0.754195
0.273125 0.757971
0.276389 0.760601
0.280383 0.766425
0.28395 0.760918
0.29223 0.761225
0.296146 0.760467
0.300341 0.755709
0.304219 0.756341
0.306733 0.751144
0.311504 0.74853
0.315542 0.751932
0.310038 0.758454
0.314243 0.762407
0.318552 0.759432
0.324735 0.761858
0.321458 0.767512
0.31734 0.772018
0.312803 0.771959
0.308796 0.767848
0.305855 0.76551
0.302566 0.766654
0.29912 0.76664
0.293125 0.770652
0.287841 0.766359
0.284792 0.774256
0.281683 0.780145
0.28691 0.784119
0.293021 0.780999
0.296792 0.775242
0.300536 0.777375
0.304491 0.779075
0.30885 0.779082
0.312717 0.7843
0.317014 0.783615
0.320814 0.789798
0.325778 0.788728
0.33017 0.794552
0.334056 0.79219
0.337628 0.797287
0.342372 0.795615
0.348618 0.800852
0.352699 0.795264
0.357188 0.795391
0.360199 0.802405
0.353636 0.805117
0.349861 0.810157
0.342873 0.815726
0.347966 0.81948
0.352517 0.818696
0.356131 0.820509
0.359659 0.827514
0.3495 0.828744
0.345741 0.831455
0.352326 0.833535
0.355933 0.832126
0.359671 0.837974
0.363523 0.834431
0.367235 0.837176
0.367083 0.826087
0.36316 0.821759
0.366875 0.816546
0.360208 0.815097
0.356894 0.809508
0.363714 0.807341
0.367656 0.807367
0.366208 0.798068
0.362692 0.792364
0.367604 0.787842
0.368144 0.77646
0.364183 0.779276
0.360174 0.783615
0.356733 0.784071
0.352956 0.784277
0.349266 0.788647
0.343274 0.784593
0.33852 0.784066
0.333843 0.778807
0.329583 0.780145
0.321395 0.779616
0.324886 0.774484
0.329872 0.767559
0.335174 0.768217
0.339167 0.771739
0.343988 0.774155
0.34912 0.777375
0.350987 0.770849
0.3545 0.774276
0.357679 0.770359
0.360924 0.770059
0.364583 0.768116
0.368144 0.764383
0.367986 0.752214
0.364356 0.757356
0.360899 0.757501
0.357639 0.757246
0.354394 0.762077
0.351023 0.759333
0.347269 0.762077
0.342625 0.764614
0.340792 0.75628
0.337311 0.757576
0.332844 0.758927
0.327654 0.755721
0.321757 0.753571
0.324822 0.746894
0.330114 0.75022
0.334826 0.746377
0.338786 0.745484
0.343577 0.750201
0.348646 0.748792
0.351733 0.747839
0.355417 0.74839
0.359583 0.746665
0.36375 0.746377
0.367798 0.741546
0.371488 0.731022
0.368144 0.727822
0.363839 0.730159
0.359375 0.730504
0.354909 0.726266
0.350262 0.725219
0.345066 0.728007
0.354504 0.737003
0.350083 0.737343
0.344017 0.738503
0.339257 0.735928
0.341171 0.727686
0.337083 0.722826
0.332014 0.718901
0.335917 0.713647
0.339773 0.711572
0.34223 0.718173
0.345114 0.714537
0.349792 0.709662
0.352699 0.715134
0.357446 0.715764
0.362181 0.715615
0.366425 0.716311
0.371601 0.71415
0.377232 0.711353
0.383234 0.714458
0.390625 0.714734
0.393931 0.7207
0.389806 0.723752
0.391031 0.731312
0.394849 0.733092
0.389954 0.740472
0.392731 0.744901
0.395787 0.743693
0.406333 0.751812
0.39447 0.755819
0.390139 0.752761
0.390227 0.763944
0.394773 0.76636
0.392361 0.772705
0.389821 0.775707
0.394877 0.777991
0.390417 0.785024
0.394583 0.78744
0.390417 0.794686
0.394539 0.797292
0.390562 0.805451
0.394583 0.806763
0.404623 0.810272
0.394583 0.816425
0.390417 0.816425
0.390091 0.826244
0.394583 0.826087
0.404625 0.827657
0.422028 0.817472
0.425633 0.828368
0.429861 0.825685
0.435548 0.82971
0.441864 0.826659
0.445455 0.831138
0.448358 0.825021
0.445573 0.81567
0.440232 0.8073
0.448136 0.805429
0.457848 0.817835
0.466667 0.822723
0.46625 0.812802
0.46566 0.803342
0.464444 0.792136
0.467833 0.794807
0.477577 0.797862
0.484792 0.794988
0.489383 0.784493
0.483177 0.777929
0.477375 0.77971
0.467614 0.780193
0.464375 0.783062
0.457917 0.783615
0.464676 0.772142
0.467639 0.766908
0.477292 0.76715
0.483472 0.763285
0.490022 0.771739
0.497283 0.77744
0.502741 0.777969
0.511348 0.781827
0.515799 0.775765
0.521167 0.778019
0.527215 0.77924
0.533292 0.775725
0.533409 0.790843
0.54655 0.789614
0.553 0.785145
0.547198 0.77607
0.54756 0.764924
0.533706 0.760425
0.520863 0.766908
0.515833 0.765371
0.51026 0.764644
0.511458 0.747222
0.50625 0.748068
0.49935 0.742367
0.504057 0.73538
0.509427 0.732488
0.515 0.737374
0.520208 0.740942
0.526458 0.744867
0.530461 0.738558
0.524583 0.732448
0.527808 0.716604
0.52 0.718868
0.51277 0.717747
0.505521 0.71709
0.494742 0.717104
0.482542 0.718237
0.484924 0.734629
0.493942 0.738666
0.489057 0.745296
0.483208 0.748188
0.478217 0.740628
0.466902 0.735507
0.464028 0.732689
0.453929 0.730849
0.450469 0.74064
0.445042 0.744928
0.45244 0.746032
0.457458 0.749396
0.464423 0.746191
0.467482 0.753466
0.464583 0.759408
0.458102 0.763777
0.451887 0.768187
0.446964 0.762538
0.442996 0.758857
0.436898 0.766103
0.427361 0.785105
0.415073 0.787937
0.406326 0.791282
0.406286 0.772684
0.41405 0.77
0.422654 0.753687
0.429275 0.747495
0.435232 0.743827
0.440046 0.744722
0.432404 0.730305
0.409167 0.709058
0.415083 0.702537
0.42625 0.702336
0.432478 0.703725
0.440167 0.702174
0.441171 0.715149
0.44753 0.707298
0.455028 0.70942
0.464101 0.720633
0.466845 0.719289
0.466667 0.707729
0.463701 0.705669
0.463958 0.691425
0.466528 0.697205
0.478636 0.699715
0.486091 0.6987
0.494015 0.698068
0.500461 0.698767
0.507195 0.697826
0.514623 0.697895
0.524015 0.69675
0.530417 0.688808
0.544844 0.696558
0.547344 0.694595
0.54641 0.681996
0.544875 0.671014
0.546852 0.665325
0.525743 0.680897
0.519792 0.682669
0.515232 0.68116
0.511544 0.681515
0.506061 0.681489
0.500909 0.681709
0.49575 0.681594
0.489519 0.681624
0.484257 0.681212
0.477861 0.682045
0.466713 0.685051
0.465379 0.676877
0.465962 0.667131
0.465762 0.655797
0.457127 0.649059
0.457112 0.639555
0.451033 0.639204
0.445811 0.636982
0.441139 0.638084
0.444485 0.648835
0.438194 0.646595
0.433949 0.64073
0.428056 0.642512
0.421458 0.640097
0.416767 0.643137
0.411856 0.645806
0.398456 0.64031
0.394333 0.641425
0.390855 0.639652
0.383618 0.637872
0.392833 0.651208
0.385373 0.655162
0.390066 0.656687
0.393144 0.663153
0.389715 0.671307
0.393062 0.675436
0.388056 0.684917
0.393195 0.687299
0.390743 0.69455
0.393507 0.70461
0.389907 0.704643
0.384074 0.699678
0.381875 0.687953
0.371759 0.690285
0.365496 0.689959
0.359537 0.691761
0.371528 0.70149
0.366667 0.702053
0.362047 0.702006
0.356744 0.700528
0.352875 0.701329
0.350208 0.696498
0.345303 0.700593
0.341617 0.702271
0.336731 0.701319
0.333 0.706884
0.329773 0.704546
0.324849 0.703228
0.320139 0.697665
0.315298 0.701921
0.309946 0.701481
0.304583 0.704106
0.300972 0.705717
0.297542 0.706401
0.293902 0.708937
0.28973 0.712347
0.286591 0.707839
0.28197 0.706522
0.278575 0.699403
0.281528 0.6941
0.285347 0.696659
0.289167 0.698068
0.298783 0.693478
0.30275 0.692029
0.306409 0.69525
0.309901 0.689614
0.313268 0.691266
0.316908 0.690631
0.320729 0.688104
0.324744 0.691472
0.328617 0.691643
0.333274 0.693323
0.338874 0.691224
0.344042 0.691184
0.350833 0.685661
0.353611 0.677805
0.357758 0.679837
0.362269 0.678476
0.36375 0.667203
0.358889 0.667606
0.350074 0.673984
0.34306 0.679202
0.338217 0.680048
0.3325 0.679012
0.322619 0.668392
0.304417 0.670129
0.30575 0.68128
0.30054 0.68031
0.29025 0.684058
0.285 0.685084
0.281629 0.678524
0.287215 0.677028
0.282628 0.658306
0.28756 0.655452
0.293889 0.652442
0.300888 0.654537
0.307608 0.655618
0.316667 0.650564
0.328622 0.650688
0.335814 0.650966
0.340461 0.662408
0.342401 0.650851
0.349803 0.650204
0.358083 0.649034
0.363618 0.648805
0.362788 0.637403
0.36125 0.627962
0.355076 0.632411
0.350926 0.62963
0.34645 0.631643
0.342083 0.628537
0.337401 0.626122
0.331979 0.627919
0.325743 0.630277
0.320568 0.637242
0.311364 0.632521
0.305481 0.634801
0.300536 0.636704
0.295445 0.632725
0.290268 0.634403
0.284257 0.635738
0.277283 0.632222
0.283139 0.61876
0.300472 0.619082
0.307525 0.620134
0.315849 0.626454
0.32234 0.614548
0.33475 0.5938
0.34755 0.582657
0.376789 0.588164
0.386719 0.592542
0.390469 0.602657
0.382656 0.61413
0.388704 0.621981
0.392961 0.622235
0.398528 0.623591
0.40409 0.62878
0.408826 0.630435
0.412803 0.629117
0.423417 0.621981
0.429941 0.621751
0.418924 0.609702
0.409306 0.616949
0.400819 0.606239
0.408639 0.596216
0.427163 0.595756
0.446574 0.596887
0.436507 0.611576
0.44556 0.623813
0.451042 0.623893
0.456528 0.621176
0.46507 0.604167
0.475066 0.609776
0.486012 0.601449
0.494676 0.61138
0.504508 0.607708
0.513917 0.608615
0.526955 0.600613
0.535943 0.607742
0.546513 0.60075
0.553494 0.60916
0.562798 0.600472
0.568194 0.596216
0.572328 0.604646
0.571563 0.614432
0.56568 0.61893
0.560714 0.622326
0.566397 0.631216
0.561667 0.630435
0.557046 0.627471
0.552384 0.628068
0.546389 0.622652
0.537125 0.62814
0.531435 0.626543
0.525478 0.623323
0.508926 0.63266
0.4995 0.633454
0.485972 0.623457
0.482127 0.624778
0.477454 0.630301
0.472148 0.632572
0.464681 0.635905
0.468472 0.645509
0.475694 0.650564
0.485806 0.648712
0.48213 0.639694
0.488243 0.640464
0.493865 0.644303
0.505 0.649034
0.514621 0.640316
0.519583 0.641949
0.524189 0.6455
0.534861 0.647209
0.538233 0.64322
0.546072 0.638889
0.55037 0.647343
0.545923 0.654503
0.55875 0.650967
0.567257 0.644626
0.57285 0.645073
0.579356 0.648221
0.586864 0.648933
0.593125 0.645532
0.598195 0.646136
0.604702 0.644755
0.608552 0.64418
0.611395 0.640989
0.605917 0.633575
0.61 0.622859
0.60365 0.622657
0.599199 0.61715
0.593939 0.625824
0.597958 0.633092
0.591645 0.636346
0.587813 0.62963
0.58335 0.626908
0.579792 0.63285
0.572772 0.629647
0.577875 0.624396
0.584702 0.614849
0.591382 0.612192
0.589531 0.604921
0.580489 0.598351
0.585855 0.593249
0.594702 0.585749
0.60382 0.587259
0.601771 0.59994
0.607679 0.607488
0.619965 0.596618
0.628229 0.595914
0.630602 0.58387
0.636162 0.581299
0.622454 0.575684
0.613015 0.579781
0.607167 0.575
0.608583 0.563768
0.612947 0.563751
0.629792 0.560507
0.637315 0.568706
0.646563 0.557216
0.653056 0.55928
0.660909 0.556654
0.657269 0.564278
0.649849 0.566864
0.653503 0.576534
0.647694 0.576087
0.646091 0.590005
0.640734 0.596101
0.634464 0.604267
0.627188 0.608092
0.61989 0.612065
0.626667 0.620773
0.619107 0.627157
0.626019 0.635937
0.620899 0.648678
0.619151 0.658571
0.618838 0.671053
0.620446 0.686163
0.63425 0.68889
0.619242 0.696201
0.621593 0.703538
0.619306 0.711252
0.5965 0.708213
0.587614 0.700593
0.57725 0.701087
0.568334 0.700484
0.560195 0.701047
0.553036 0.705487
0.547315 0.706253
0.544759 0.710844
0.547817 0.719082
0.546854 0.729094
0.552171 0.738813
0.545814 0.739648
0.54875 0.745974
0.54609 0.753809
0.554053 0.757247
0.560025 0.747585
0.566806 0.751841
0.573603 0.749858
0.583652 0.748864
0.592966 0.748011
0.620375 0.746256
0.624 0.743237
0.627679 0.747585
0.630052 0.74381
0.633715 0.743257
0.637373 0.746324
0.640972 0.746276
0.644584 0.744749
0.648309 0.746448
0.654167 0.751208
0.66125 0.756039
0.665536 0.75069
0.661178 0.745694
0.668935 0.746108
0.673073 0.745018
0.67998 0.744019
0.67684 0.749497
0.672868 0.752984
0.669257 0.757352
0.66535 0.762367
0.673542 0.761715
0.677952 0.763084
0.683667 0.761957
0.680576 0.755866
0.684167 0.75
0.691003 0.751342
0.696282 0.755574
0.687465 0.758958
0.690724 0.76373
0.696283 0.766715
0.700834 0.762078
0.705606 0.76636
0.709583 0.765701
0.705099 0.756211
0.709583 0.756039
0.716019 0.759528
0.719542 0.764734
0.723068 0.768336
0.72697 0.76581
0.731343 0.762748
0.729676 0.77241
0.734295 0.77016
0.738512 0.77381
0.741667 0.767457
0.746446 0.76293
0.750947 0.763395
0.755017 0.758792
0.76248 0.761502
0.756054 0.769182
0.752958 0.772343
0.749053 0.775362
0.745956 0.774297
0.752215 0.782291
0.756174 0.78184
0.763076 0.785887
0.767518 0.785707
0.772123 0.786002
0.777259 0.787376
0.781369 0.785197
0.785347 0.781602
0.789886 0.782279
0.781167 0.775242
0.777327 0.775664
0.773625 0.778261
0.768561 0.77646
0.763026 0.774785
0.765548 0.768942
0.768834 0.764372
0.772361 0.769324
0.775317 0.76285
0.779583 0.764493
0.783786 0.767538
0.787417 0.770387
0.792917 0.770861
0.798882 0.769705
0.801952 0.775045
0.795321 0.778335
0.799201 0.782408
0.802378 0.79021
0.800417 0.79561
0.796818 0.79293
0.79359 0.790877
0.790189 0.793808
0.785905 0.793645
0.780924 0.794844
0.77553 0.794796
0.770774 0.795204
0.766012 0.794514
0.762215 0.799708
0.763631 0.810387
0.76375 0.821256
0.76375 0.830918
0.763977 0.841239
0.810417 0.840982
0.81 0.831052
0.809583 0.821256
0.809782 0.811192
0.807917 0.803462
0.809531 0.795139
0.813717 0.793285
0.817731 0.794954
0.821326 0.792929
0.825 0.794955
0.828838 0.79208
0.832917 0.792271
0.836894 0.791612
0.841417 0.792512
0.847758 0.792328
0.84441 0.787641
0.839773 0.783487
0.833155 0.782551
0.828826 0.781621
0.825 0.785158
0.82125 0.781401
0.817084 0.784695
0.81027 0.787511
0.808306 0.780596
0.81175 0.777778
0.81474 0.778533
0.808917 0.769807
0.814129 0.767238
0.817955 0.772398
0.821292 0.769445
0.825209 0.774759
0.831875 0.773309
0.836542 0.776932
0.840606 0.773386
0.844294 0.772999
0.847265 0.778671
0.854394 0.784366
0.861647 0.784967
0.865093 0.782206
0.868512 0.786462
0.872917 0.78711
0.8825 0.783158
0.878062 0.779931
0.874584 0.777416
0.870602 0.774781
0.866771 0.774155
0.863618 0.771104
0.860022 0.776062
0.856766 0.77726
0.853959 0.770048
0.857459 0.764734
0.860875 0.764251
0.864583 0.759317
0.867958 0.764251
0.871667 0.761373
0.875583 0.767488
0.879013 0.762332
0.884375 0.758958
0.890526 0.755356
0.888195 0.749061
0.884759 0.748475
0.881031 0.752416
0.877583 0.74843
0.874931 0.75473
0.868424 0.752521
0.871866 0.746534
0.864715 0.747712
0.861542 0.751691
0.858062 0.752416
0.854007 0.747678
0.854276 0.758263
0.846411 0.762449
0.842188 0.761272
0.837757 0.76375
0.832127 0.763094
0.828036 0.768519
0.823833 0.763406
0.818042 0.76099
0.820548 0.75445
0.824091 0.752196
0.827798 0.757937
0.832279 0.753978
0.839097 0.752516
0.845834 0.750557
0.841775 0.745259
0.835521 0.748692
0.830123 0.747585
0.826425 0.745296
0.821083 0.742391
0.818177 0.746377
0.815 0.74329
0.811094 0.742301
0.807841 0.735727
0.812819 0.734939
0.817391 0.73538
0.823417 0.736594
0.828417 0.737198
0.8325 0.739855
0.836726 0.737147
0.841632 0.733495
0.845562 0.737923
0.852542 0.735628
0.855875 0.735145
0.858785 0.740741
0.863207 0.738553
0.868133 0.739354
0.873315 0.736768
0.877667 0.739734
0.882122 0.740558
0.886369 0.737923
0.890452 0.740842
0.897639 0.744824
0.902269 0.745035
0.901167 0.735749
0.905341 0.738033
0.908869 0.735047
0.9125 0.731884
0.915972 0.727255
0.920099 0.732057
0.925055 0.735297
0.929702 0.737118
0.933662 0.734109
0.934805 0.743398
0.932127 0.746949
0.927478 0.745169
0.923909 0.746089
0.920377 0.741949
0.91632 0.740137
0.91225 0.742512
0.909125 0.748068
0.905792 0.749759
0.900312 0.752264
0.898194 0.758052
0.903333 0.756793
0.907083 0.761157
0.91133 0.757131
0.914861 0.750805
0.918433 0.752301
0.921667 0.755368
0.915022 0.761187
0.918194 0.765068
0.921667 0.766908
0.927423 0.769145
0.93195 0.774541
0.93553 0.779535
0.929375 0.781522
0.925292 0.781039
0.92125 0.778986
0.917652 0.775912
0.914452 0.780765
0.910461 0.779875
0.902311 0.77646
0.906033 0.77552
0.913458 0.769928
0.909145 0.768688
0.903036 0.765758
0.898826 0.768775
0.891364 0.765152
0.887373 0.765963
0.88248 0.770474
0.885208 0.774306
0.887699 0.780456
0.891584 0.77657
0.898948 0.781861
0.891945 0.789453
0.888592 0.791638
0.884773 0.791612
0.880298 0.791868
0.876214 0.791798
0.870417 0.79378
0.864656 0.792848
0.858719 0.791331
0.853993 0.795994
0.854803 0.806445
0.855272 0.817948
0.855417 0.828503
0.85588 0.838835
0.900834 0.836957
0.900417 0.826087
0.900123 0.816638
0.899917 0.806039
0.898028 0.795572
0.900677 0.79061
0.90379 0.788993
0.907044 0.786692
0.909948 0.790308
0.913663 0.790046
0.917917 0.789068
0.922431 0.789755
0.927441 0.790373
0.932202 0.789453
0.935956 0.790068
0.942963 0.797907
0.944083 0.808333
0.9445 0.818962
0.949387 0.825732
0.954459 0.825483
0.959584 0.829227
0.955338 0.843398
0.947347 0.838228
0.944187 0.838222
0.938864 0.842446
0.93415 0.84314
0.929394 0.844752
0.92619 0.854986
0.931061 0.854194
0.935717 0.853285
0.94076 0.849318
0.948148 0.849571
0.945123 0.852302
0.939847 0.857806
0.936908 0.864417
0.933334 0.864064
0.929417 0.864686
0.925799 0.870572
0.920834 0.874861
0.916395 0.875919
0.912741 0.872807
0.908552 0.872843
0.903257 0.875425
0.898561 0.875384
0.894167 0.873994
0.889338 0.875746
0.885278 0.876409
0.877953 0.877284
0.87375 0.877919
0.868959 0.874698
0.871619 0.885065
0.86394 0.883509
0.857825 0.88634
0.848706 0.883486
0.844528 0.879308
0.84029 0.879996
0.833144 0.87758
0.823878 0.876161
0.81575 0.876892
0.809635 0.879076
0.798583 0.879831
0.792239 0.882095
0.785814 0.880895
0.78125 0.88275
0.776975 0.88243
0.772877 0.881355
0.768714 0.880855
0.765 0.880435
0.761838 0.880577
0.758447 0.878239
0.754475 0.876969
0.74947 0.875824
0.745545 0.87644
0.742083 0.883995
0.738136 0.881325
0.741458 0.874034
0.736339 0.873102
0.732301 0.871088
0.727727 0.870224
0.723878 0.869937
0.720189 0.868028
0.716733 0.868103
0.713257 0.868687
0.70675 0.869928
0.701553 0.87253
0.70621 0.879515
0.710571 0.879004
0.715817 0.878986
0.720562 0.8797
0.730231 0.878154
0.727083 0.88285
0.723817 0.885846
0.719394 0.890316
0.715833 0.890097
0.712184 0.89
0.707373 0.889257
0.70223 0.885124
0.698948 0.88101
0.696042 0.884541
0.692361 0.885726
0.687407 0.884997
0.683485 0.880435
0.675884 0.880821
0.671766 0.885611
0.669042 0.879348
0.672083 0.872843
0.667813 0.867049
0.671292 0.861715
0.665783 0.854831
0.669459 0.852778
0.674199 0.854887
0.679028 0.85798
0.682917 0.855073
0.687803 0.859464
0.683882 0.862891
0.675453 0.867097
0.679063 0.871477
0.682566 0.871154
0.686766 0.871923
0.690125 0.877174
0.694015 0.873408
0.697327 0.868458
0.690463 0.866479
0.693786 0.861111
0.699924 0.861331
0.704821 0.863182
0.71 0.864844
0.717986 0.841989
0.716131 0.831953
0.718083 0.828261
0.717121 0.817853
0.716542 0.807247
0.716833 0.795773
0.709811 0.797651
0.704387 0.801719
0.700933 0.796239
0.6965 0.798913
0.69066 0.7968
0.68625 0.797101
0.682159 0.796443
0.678534 0.793657
0.674703 0.797274
0.670317 0.797536
0.665151 0.796882
0.661378 0.804069
0.655 0.806763
0.64816 0.801228
0.644394 0.79809
0.63675 0.794444
0.641105 0.793163
0.645463 0.785561
0.648194 0.789223
0.654861 0.786903
0.660972 0.791408
0.664053 0.784695
0.667917 0.788977
0.674792 0.787561
0.671178 0.782451
0.674398 0.777778
0.678507 0.778281
0.681902 0.783817
0.685606 0.786781
0.689366 0.785707
0.693785 0.79056
0.698062 0.787597
0.702121 0.785573
0.705888 0.791063
0.709728 0.786232
0.716806 0.784162
0.722321 0.785542
0.720265 0.793478
0.724801 0.793688
0.728333 0.793478
0.731932 0.794247
0.734444 0.789184
0.737789 0.793943
0.742014 0.79368
0.746708 0.795652
0.752361 0.794053
0.756023 0.793478
0.749292 0.78901
0.7455 0.78599
0.741632 0.781804
0.736743 0.78184
0.731885 0.780941
0.727956 0.782206
0.724861 0.77772
0.719773 0.777009
0.716528 0.771739
0.709583 0.775228
0.706167 0.779469
0.70318 0.773773
0.699722 0.774457
0.695875 0.778744
0.691389 0.77647
0.686651 0.774155
0.681736 0.771639
0.67511 0.769832
0.669732 0.769496
0.667127 0.777333
0.660812 0.778986
0.663794 0.772121
0.660875 0.766546
0.654289 0.770603
0.648241 0.763151
0.647127 0.755085
0.643569 0.758402
0.63945 0.758696
0.635617 0.758889
0.632083 0.754831
0.624544 0.754371
0.620455 0.756588
0.628234 0.759317
0.631382 0.765637
0.626925 0.769669
0.623619 0.76462
0.619759 0.767925
0.622401 0.775305
0.620114 0.783048
0.626171 0.779791
0.630521 0.777073
0.634129 0.772618
0.637599 0.771854
0.64125 0.769324
0.645185 0.769592
0.648352 0.775415
0.643531 0.77924
0.640334 0.781763
0.636818 0.783817
0.633371 0.787769
0.63 0.788647
0.62674 0.790779
0.623583 0.788889
0.620779 0.796104
0.625272 0.801355
0.629167 0.800725
0.6325 0.801384
0.636019 0.806361
0.640707 0.805346
0.644384 0.811063
0.64875 0.812802
0.639028 0.814873
0.634333 0.814976
0.630385 0.813545
0.626146 0.8124
0.62155 0.807681
0.620285 0.818141
0.623785 0.822061
0.627877 0.823499
0.63132 0.827395
0.63511 0.824879
0.640278 0.823672
0.644744 0.822836
0.64875 0.823672
0.655 0.826087
0.661806 0.824235
0.662679 0.843513
0.655484 0.84459
0.651317 0.844107
0.64683 0.845463
0.641945 0.84635
0.636996 0.845601
0.632829 0.845601
0.629063 0.844304
0.640123 0.839372
0.64489 0.837084
0.64875 0.834121
0.642426 0.831841
0.637311 0.833663
0.633353 0.836612
0.627049 0.834541
0.62338 0.834407
0.620096 0.830918
0.613927 0.84574
0.59 0.849034
0.579286 0.84567
0.572604 0.850091
0.562028 0.857729
0.566204 0.847692
0.559233 0.840898
0.551026 0.846897
0.545814 0.835461
0.546597 0.822464
0.555509 0.820048
0.564547 0.819943
0.569517 0.820532
0.566188 0.832036
0.571823 0.832126
0.579219 0.822766
0.579107 0.809696
0.580217 0.79715
0.57651 0.787742
0.581528 0.784521
0.580321 0.774712
0.58875 0.774289
0.584394 0.766469
0.580796 0.762297
0.577153 0.766003
0.573299 0.761876
0.561218 0.768952
0.572404 0.773226
0.571713 0.785695
0.564135 0.791806
0.552037 0.800993
0.542203 0.807396
0.532053 0.806898
0.525319 0.814081
0.533662 0.819921
0.528829 0.824534
0.524221 0.82992
0.519387 0.823032
0.514257 0.813747
0.51974 0.805254
0.511856 0.79776
0.506409 0.793018
0.502865 0.795592
0.499276 0.804793
0.503982 0.809716
0.503838 0.823989
0.497448 0.820652
0.48998 0.820739
0.49349 0.811141
0.489583 0.80465
0.481042 0.807669
0.479896 0.823068
0.479544 0.837302
0.483208 0.837802
0.486397 0.838377
0.490083 0.835749
0.494417 0.83628
0.498917 0.835507
0.503714 0.840317
0.507778 0.836252
0.51194 0.832959
0.516105 0.832966
0.519083 0.841184
0.524028 0.840499
0.527317 0.846908
0.532187 0.843297
0.540758 0.84585
0.544924 0.851779
0.538935 0.856459
0.529583 0.857343
0.525032 0.864084
0.522956 0.85329
0.512525 0.850313
0.497651 0.869565
0.474941 0.868358
0.470158 0.870523
0.466458 0.877295
0.44326 0.878588
0.450994 0.874025
0.461721 0.865102
0.467139 0.859501
0.471617 0.856184
0.476012 0.851449
0.472868 0.839514
0.467326 0.835044
0.463441 0.832394
0.458287 0.843398
0.452989 0.843573
0.448237 0.84411
0.443583 0.844203
0.435926 0.849839
0.42875 0.851248
0.422692 0.843274
0.417604 0.84375
0.41375 0.843599
0.409333 0.844203
0.404383 0.843623
0.398995 0.844487
0.39415 0.836377
0.389627 0.836194
0.383917 0.846296
0.36975 0.845363
0.364076 0.845568
0.359338 0.846476
0.355492 0.843654
0.351766 0.846964
0.348534 0.843666
0.34473 0.845198
0.345232 0.856414
0.341136 0.855402
0.336705 0.855182
0.332321 0.858696
0.327772 0.861951
0.323864 0.861331
0.319676 0.860977
0.316174 0.864076
0.312181 0.862958
0.308056 0.866244
0.303552 0.867552
0.299883 0.869324
0.295917 0.864855
0.290373 0.844457
0.290324 0.831589
0.291938 0.819838
0.289508 0.811924
0.293371 0.801823
0.299954 0.802335
0.314972 0.817633
0.322409 0.798099
0.317014 0.796095
0.312701 0.795536
0.308333 0.8
0.303683 0.795507
0.307118 0.789251
0.300521 0.788446
0.296389 0.790419
0.292176 0.792807
0.286852 0.795223
0.283205 0.794407
0.279445 0.789453
0.275417 0.789669
0.267821 0.791713
0.272372 0.796544
0.278015 0.802572
0.267813 0.803442
0.262244 0.797566
0.257798 0.795894
0.253314 0.79969
0.247785 0.796529
0.244544 0.80176
0.243631 0.812687
0.242692 0.824601
0.242917 0.835749
0.243004 0.845474
0.245091 0.872033
0.249383 0.872609
0.253496 0.875079
0.257824 0.877125
0.254735 0.885815
0.249504 0.884346
0.244759 0.881706
0.240174 0.876409
0.235022 0.876875
0.226991 0.883387
0.223062 0.88285
0.219057 0.881198
0.21478 0.881287
0.210025 0.880577
0.200208 0.877718
0.194917 0.877174
0.190208 0.872671
0.195506 0.841184
0.196136 0.826307
0.188958 0.815017
0.179632 0.814649
0.171553 0.814779
0.162269 0.813473
0.149189 0.810259
0.15067 0.818473
0.148631 0.82994
0.148715 0.841788
0.142879 0.875604
0.130741 0.876141
0.124757 0.877416
0.119504 0.879975
0.112969 0.876661
0.100545 0.878763
0.0945833 0.876121
0.0884583 0.872706
0.0834849 0.871651
0.0778056 0.870854
0.0716821 0.872473
0.06575 0.874275
0.0656547 0.862836
0.054537 0.847692
0.04725 0.848551
0.0418873 0.847755
0.038799 0.855002
0.0360606 0.86166
0.0406703 0.865417
0.0363889 0.872585
0.02125 0.878986
0.00759922 0.886647
0.0280729 0.879378
0.0337167 0.880822
0.0400144 0.878353
0.04665 0.873382
0.05375 0.873478
0.0639951 0.883135
0.0672149 0.886156
0.0713691 0.885726
0.075308 0.885686
0.0798612 0.886762
0.085 0.887681
0.0904167 0.887681
0.0959722 0.888218
0.100743 0.889047
0.105302 0.885849
0.11 0.88889
0.11556 0.889181
0.122577 0.889202
0.128625 0.886594
0.13375 0.881015
0.137824 0.882716
0.142163 0.889637
0.14625 0.890426
0.150341 0.890426
0.153333 0.885507
0.156955 0.890561
0.161105 0.890412
0.16483 0.886608
0.168667 0.886111
0.172623 0.890239
0.17775 0.891063
0.175781 0.879076
0.182599 0.881815
0.187857 0.885784
0.195386 0.888218
0.204491 0.887681
0.208598 0.890426
0.214861 0.890902
0.219688 0.89055
0.230556 0.883253
0.234829 0.886687
0.239792 0.88748
0.245 0.890976
0.251645 0.893021
0.256875 0.893721
0.26035 0.890097
0.264583 0.890517
0.268917 0.892875
0.273706 0.89175
0.279717 0.892802
0.284145 0.888063
0.28865 0.892319
0.293144 0.89394
0.297176 0.889962
0.301119 0.893148
0.30566 0.891808
0.309621 0.890756
0.313917 0.891184
0.318356 0.891496
0.323561 0.893061
0.322424 0.881423
0.318882 0.883105
0.313 0.882367
0.308576 0.879932
0.303292 0.881884
0.299954 0.882582
0.293393 0.883425
0.290099 0.88032
0.286206 0.879672
0.281952 0.879672
0.278195 0.883655
0.271944 0.884595
0.268211 0.883419
0.262114 0.878556
0.265972 0.877444
0.270768 0.874714
0.27462 0.876549
0.277956 0.872384
0.28225 0.869324
0.28625 0.869278
0.290199 0.867202
0.293208 0.871015
0.297083 0.876677
0.305515 0.87532
0.312159 0.8722
0.316424 0.875705
0.320743 0.870668
0.325218 0.873764
0.333854 0.870974
0.337758 0.864217
0.341542 0.868237
0.337542 0.874759
0.341513 0.879418
0.336497 0.885534
0.332468 0.891954
0.337868 0.89777
0.340792 0.891425
0.363652 0.891945
0.371383 0.890677
0.381458 0.891004
0.388542 0.891477
0.395208 0.891132
0.40435 0.892512
0.41218 0.892419
0.419107 0.888371
0.425375 0.895653
0.430278 0.892244
0.435152 0.895257
0.440308 0.894823
0.444584 0.895411
0.449167 0.892512
0.454167 0.892512
0.459202 0.894022
0.462798 0.888026
0.46875 0.892754
0.473317 0.884686
0.479209 0.886715
0.485961 0.886001
0.492 0.886474
0.497868 0.889387
0.502163 0.892397
0.505453 0.886211
0.510114 0.886254
0.514584 0.891425
0.518796 0.884997
0.524167 0.89203
0.529822 0.887221
0.525114 0.874945
0.529872 0.872445
0.537257 0.872585
0.544735 0.874067
0.549927 0.875462
0.554759 0.877638
0.564627 0.878147
0.571898 0.878154
0.576167 0.87971
0.580655 0.877156
0.586174 0.880764
0.591406 0.87817
0.601845 0.884231
0.60875 0.872959
0.614542 0.875966
0.622821 0.880435
0.629722 0.881039
0.618175 0.892512
0.613924 0.892613
0.610152 0.889328
0.605994 0.892605
0.596162 0.890605
0.590898 0.891862
0.583013 0.892419
0.578864 0.890756
0.574583 0.892512
0.571019 0.891439
0.5675 0.891975
0.564233 0.890351
0.560456 0.889637
0.553662 0.891241
0.549815 0.88379
0.543182 0.887242
0.53985 0.883334
0.534459 0.890218
0.542084 0.899035
0.546181 0.895532
0.55365 0.901401
0.559676 0.901011
0.56491 0.901124
0.57 0.901296
0.574769 0.902443
0.578936 0.902085
0.583533 0.9048
0.587285 0.897093
0.593352 0.899234
0.598296 0.89921
0.601991 0.898775
0.605973 0.904268
0.610764 0.900866
0.61629 0.90436
0.622701 0.905842
0.62859 0.905704
0.63483 0.900385
0.642778 0.900403
0.646902 0.892302
0.653473 0.898451
0.66093 0.897529
0.666571 0.992476
0.722584 0.899276
0.727347 0.894165
0.731667 0.88748
0.735384 0.889904
0.739542 0.891788
0.744511 0.891567
0.750985 0.894489
0.748025 0.887996
0.752125 0.88442
0.756072 0.889924
0.760379 0.890756
0.764583 0.891305
0.76875 0.891305
0.773075 0.891132
0.778641 0.891987
0.784053 0.891414
0.788098 0.888732
0.791435 0.891573
0.795083 0.889976
0.798333 0.891305
0.801996 0.88908
0.805562 0.885686
0.810046 0.889292
0.817976 0.920118
0.838889 0.899759
0.853631 0.927021
0.871281 0.901799
0.876519 0.888772
0.881304 0.883863
0.885272 0.887156
0.889827 0.886876
0.8949 0.885516
0.899692 0.885686
0.903456 0.886687
0.906726 0.884346
0.909635 0.884813
0.9125 0.885266
0.915833 0.886473
0.919546 0.885925
0.924056 0.885185
0.93167 0.890097
0.910114 0.92567
0.957681 0.93323
0.993826 0.953228
0.994972 0.88124
0.990261 0.882247
0.986209 0.881401
0.982121 0.881094
0.977378 0.885124
0.972813 0.882951
0.967378 0.88285
0.960734 0.872958
0.954641 0.871772
0.947917 0.884461
0.949232 0.876494
0.947046 0.868907
0.948042 0.860266
0.953719 0.857175
0.960545 0.860275
0.969339 0.870915
0.975377 0.872499
0.979583 0.871015
0.98415 0.869807
0.989382 0.87019
0.997623 0.86921
0.997448 0.860356
0.986905 0.835403
0.991557 0.832761
0.988482 0.81979
0.987948 0.805019
0.986111 0.792774
0.989861 0.786735
0.994861 0.787574
0.998399 0.786486
0.997517 0.775991
0.992961 0.780638
0.986333 0.778623
0.989667 0.774034
0.99346 0.769534
0.998062 0.764808
0.994702 0.759202
0.989946 0.762077
0.986174 0.766798
0.979292 0.764372
0.975855 0.7664
0.972917 0.761748
0.969917 0.765459
0.970655 0.77657
0.974583 0.77657
0.97882 0.776771
0.978869 0.787612
0.974117 0.787198
0.969284 0.786908
0.965 0.785953
0.960592 0.788139
0.956777 0.7903
0.953106 0.787769
0.949544 0.789453
0.945907 0.789358
0.94338 0.785427
0.943523 0.775472
0.947917 0.778566
0.951925 0.776915
0.956866 0.779826
0.961446 0.778843
0.964968 0.773412
0.959941 0.769784
0.955083 0.770773
0.950875 0.766063
0.9475 0.766908
0.943788 0.765152
0.935562 0.766908
0.93154 0.762287
0.926667 0.757905
0.929828 0.753268
0.935059 0.755291
0.942222 0.754026
0.945875 0.754227
0.949425 0.755176
0.954028 0.759777
0.95775 0.761232
0.96248 0.762652
0.965285 0.757882
0.96947 0.752416
0.973507 0.749899
0.977617 0.754541
0.986091 0.755406
0.991091 0.752531
0.998333 0.75255
0.995093 0.748524
0.998115 0.740798
0.993542 0.740218
0.990261 0.735809
0.985671 0.735717
0.989232 0.744788
0.985373 0.745296
0.977554 0.743384
0.974258 0.736558
0.970872 0.73957
0.967441 0.740338
0.964394 0.743962
0.96178 0.750988
0.957772 0.750525
0.95269 0.749451
0.948167 0.744686
0.943062 0.744749
0.941094 0.736866
0.946887 0.73636
0.944189 0.731693
0.948268 0.72788
0.952 0.726932
0.95625 0.731884
0.951827 0.738016
0.95625 0.741719
0.96051 0.73676
0.963993 0.729972
0.968056 0.728261
0.972019 0.725474
0.977222 0.729771
0.984394 0.725626
0.988531 0.727371
0.992917 0.729151
0.997292 0.731079
0.998399 0.72076
0.995 0.720478
0.991333 0.71872
0.98769 0.716074
0.98375 0.714976
0.97659 0.718778
0.972084 0.714775
0.965174 0.716284
0.961083 0.722077
0.957566 0.721905
0.954338 0.720304
0.950209 0.716788
0.946593 0.718883
0.943048 0.720633
0.940662 0.726556
0.93425 0.724879
0.930695 0.725845
0.927566 0.725591
0.923531 0.725083
0.919948 0.722524
0.91125 0.722442
0.906833 0.726087
0.903399 0.725591
0.899682 0.72684
0.897127 0.7336
0.890417 0.729914
0.885114 0.72859
0.880562 0.730466
0.876528 0.730408
0.870417 0.72859
0.866077 0.727959
0.862434 0.728007
0.859345 0.727226
0.856105 0.723115
0.852212 0.722037
0.845644 0.725955
0.842197 0.720246
0.833949 0.721705
0.838636 0.726285
0.831771 0.729267
0.827 0.728503
0.823417 0.727295
0.819623 0.727341
0.815417 0.725845
0.810972 0.72759
0.806991 0.725175
0.800899 0.725591
0.796894 0.720795
0.793267 0.718853
0.788279 0.723115
0.793125 0.730173
0.797917 0.730811
0.800459 0.738164
0.795815 0.739183
0.791091 0.739763
0.787584 0.735314
0.784202 0.729167
0.780947 0.729469
0.777542 0.733333
0.772789 0.734207
0.76962 0.730362
0.765091 0.731727
0.761721 0.738868
0.766685 0.741178
0.769656 0.746534
0.773631 0.748965
0.775548 0.741737
0.779801 0.743279
0.783569 0.742964
0.787171 0.746568
0.791736 0.749598
0.79625 0.75
0.800545 0.749907
0.8075 0.747585
0.811162 0.751017
0.815038 0.754502
0.811563 0.761021
0.808195 0.759662
0.801528 0.76097
0.796771 0.761977
0.792639 0.759763
0.787084 0.757247
0.78256 0.755263
0.777778 0.753422
0.771131 0.756786
0.76625 0.756039
0.763217 0.749421
0.754827 0.747786
0.750795 0.749781
0.748542 0.756341
0.745231 0.752281
0.740996 0.755146
0.738136 0.762077
0.735373 0.757755
0.73276 0.752868
0.729191 0.755115
0.725091 0.755146
0.721771 0.756643
0.718646 0.75317
0.721667 0.746981
0.716204 0.746914
0.709233 0.745423
0.705636 0.747076
0.701395 0.749685
0.698625 0.745169
0.694504 0.745744
0.687661 0.743311
0.683826 0.737703
0.68011 0.7336
0.676431 0.734352
0.672875 0.736594
0.66875 0.735927
0.664623 0.739533
0.660308 0.735087
0.653237 0.732163
0.64875 0.730676
0.644827 0.730375
0.640992 0.728761
0.637308 0.730119
0.634007 0.725009
0.630333 0.72963
0.626632 0.729569
0.622953 0.731202
0.619425 0.735392
0.619688 0.723329
0.624091 0.718709
0.630503 0.710853
0.636917 0.713865
0.643258 0.716733
0.648056 0.718733
0.65197 0.719697
0.660272 0.723745
0.663667 0.71872
0.668403 0.722021
0.664837 0.729206
0.671667 0.72657
0.674833 0.722343
0.67875 0.722222
0.683334 0.725187
0.687627 0.730571
0.691699 0.736715
0.696206 0.736016
0.700717 0.734638
0.704464 0.737923
0.708438 0.734602
0.716065 0.736447
0.719452 0.739957
0.723487 0.73894
0.727083 0.738647
0.732478 0.737541
0.727667 0.74686
0.7325 0.745169
0.737313 0.745836
0.742083 0.745974
0.746513 0.743644
0.750625 0.739493
0.754439 0.736033
0.746292 0.734058
0.742188 0.73747
0.739013 0.734617
0.735811 0.732202
0.73174 0.729113
0.728426 0.73014
0.724702 0.727801
0.720208 0.730193
0.71593 0.725288
0.708333 0.724638
0.703895 0.725846
0.699962 0.721344
0.697222 0.726651
0.69196 0.722446
0.6875 0.717206
0.682454 0.714842
0.67718 0.710702
0.672591 0.713558
0.666776 0.712624
0.659941 0.710893
0.663056 0.707729
0.665636 0.701564
0.669837 0.706522
0.673826 0.701471
0.678068 0.697519
0.685683 0.694541
0.690769 0.694166
0.69495 0.68971
0.699537 0.690955
0.70375 0.690821
0.708182 0.693127
0.718875 0.693961
0.722757 0.690821
0.727084 0.697325
0.732798 0.696055
0.738148 0.696726
0.745258 0.697205
0.749621 0.69708
0.753826 0.701142
0.750456 0.707442
0.746647 0.708362
0.754684 0.712802
0.750417 0.716989
0.746875 0.720773
0.741375 0.71558
0.736601 0.714785
0.731343 0.71256
0.726898 0.709474
0.723472 0.705142
0.720602 0.702899
0.717574 0.706806
0.707627 0.704001
0.70375 0.701271
0.69947 0.701032
0.695272 0.701061
0.696286 0.711983
0.700606 0.711133
0.704514 0.71397
0.708625 0.713889
0.714847 0.713133
0.718988 0.715493
0.721204 0.721417
0.724425 0.716644
0.728667 0.719686
0.733531 0.72165
0.738004 0.72343
0.742462 0.726065
0.749537 0.729737
0.752478 0.725083
0.755528 0.72504
0.761211 0.724925
0.763981 0.720612
0.767877 0.721245
0.772979 0.720031
0.777301 0.723325
0.781395 0.716079
0.785733 0.715434
0.776607 0.713653
0.772708 0.70616
0.769583 0.712077
0.765695 0.711487
0.761174 0.711133
0.764242 0.703008
0.768902 0.701142
0.76375 0.692029
0.766601 0.691775
0.770189 0.689504
0.773496 0.69497
0.778658 0.697263
0.784167 0.695982
0.78894 0.69708
0.793194 0.69479
0.796417 0.695652
0.799671 0.700674
0.79241 0.706417
0.795833 0.708937
0.79925 0.709259
0.800781 0.714976
0.807583 0.717029
0.812083 0.719025
0.818004 0.716057
0.822182 0.719025
0.825833 0.719289
0.829346 0.718369
0.831544 0.712347
0.825741 0.71095
0.820937 0.711353
0.815125 0.712681
0.81125 0.710145
0.806952 0.707793
0.809667 0.700604
0.813788 0.701032
0.817674 0.700987
0.820481 0.691936
0.824551 0.692308
0.828719 0.691314
0.832949 0.69175
0.837117 0.691739
0.842881 0.689404
0.844886 0.698617
0.840258 0.69824
0.836685 0.704106
0.842434 0.706776
0.838958 0.713265
0.845379 0.713439
0.851743 0.708498
0.855417 0.711773
0.859717 0.712899
0.863264 0.716486
0.868155 0.718369
0.874015 0.723101
0.878182 0.718599
0.883426 0.720209
0.88932 0.722413
0.896528 0.721014
0.899667 0.716425
0.903076 0.713883
0.907361 0.716414
0.91383 0.715149
0.917873 0.715675
0.921323 0.711773
0.916071 0.708074
0.910375 0.709662
0.905985 0.706193
0.901061 0.703887
0.897377 0.701833
0.896167 0.7093
0.889886 0.710474
0.886766 0.715033
0.882873 0.7097
0.875377 0.711813
0.871323 0.713558
0.86625 0.709877
0.862176 0.700528
0.858234 0.701806
0.854583 0.698855
0.854663 0.688003
0.858781 0.689077
0.86329 0.687115
0.866647 0.6941
0.871649 0.69329
0.876667 0.693566
0.881292 0.698672
0.885459 0.702899
0.888826 0.698727
0.898426 0.691492
0.901446 0.691887
0.904233 0.695843
0.908056 0.695048
0.912614 0.693127
0.917037 0.693371
0.920417 0.691063
0.923848 0.694871
0.928106 0.692688
0.924792 0.685387
0.929334 0.682488
0.9325 0.688043
0.942417 0.69116
0.94741 0.689089
0.951766 0.692144
0.949491 0.69941
0.945417 0.699275
0.940833 0.702395
0.932732 0.698336
0.929364 0.702327
0.925833 0.704106
0.933102 0.70773
0.929934 0.714022
0.926838 0.714052
0.933603 0.716752
0.940208 0.713406
0.944057 0.710081
0.947824 0.708266
0.952361 0.708592
0.955787 0.710145
0.959167 0.710145
0.962718 0.708477
0.9695 0.707488
0.976023 0.70773
0.983268 0.704361
0.986925 0.704221
0.990542 0.706884
0.994232 0.709192
0.997778 0.709038
0.993209 0.698188
0.989508 0.693896
0.985379 0.693786
0.985334 0.683454
0.989625 0.683333
0.99375 0.688406
0.997917 0.690821
0.997542 0.681159
0.992969 0.679197
0.991111 0.671095
0.9875 0.672705
0.984167 0.67236
0.974643 0.673741
0.97019 0.672376
0.963375 0.680797
0.967765 0.681709
0.97155 0.685749
0.975417 0.687857
0.976065 0.698068
0.97225 0.699855
0.968424 0.69434
0.964544 0.690074
0.960536 0.690419
0.95625 0.691224
0.958224 0.682749
0.953701 0.683362
0.950185 0.68022
0.946023 0.679183
0.942127 0.681096
0.94825 0.670652
0.942391 0.671561
0.931632 0.673712
0.926493 0.673813
0.920463 0.679281
0.915509 0.684649
0.911171 0.682943
0.906875 0.684481
0.902845 0.681317
0.898268 0.680715
0.905329 0.67296
0.899663 0.67213
0.888106 0.674462
0.882522 0.674867
0.885459 0.681522
0.88875 0.687888
0.884667 0.69215
0.881369 0.687543
0.877875 0.683696
0.873675 0.684453
0.8685 0.685387
0.86115 0.675797
0.85715 0.67628
0.852679 0.675983
0.843036 0.676933
0.838496 0.680057
0.837678 0.66891
0.831827 0.677537
0.824514 0.677335
0.816691 0.673132
0.808542 0.675725
0.812431 0.679751
0.8175 0.684234
0.814076 0.690979
0.809514 0.689815
0.799338 0.69075
0.798243 0.677431
0.791852 0.669753
0.794656 0.681737
0.790625 0.686292
0.786323 0.686043
0.782427 0.685919
0.779542 0.689251
0.775708 0.687681
0.771174 0.678415
0.766923 0.679023
0.763083 0.678664
0.753358 0.676826
0.747732 0.678073
0.751023 0.683575
0.753882 0.690885
0.747407 0.68854
0.742392 0.690777
0.73875 0.688003
0.734632 0.688193
0.728848 0.688051
0.725556 0.678845
0.721708 0.677415
0.71777 0.678247
0.707163 0.677996
0.702392 0.677447
0.687724 0.684039
0.68125 0.689528
0.675038 0.689614
0.670682 0.694554
0.667083 0.693103
0.663042 0.692874
0.662347 0.679062
0.666991 0.679012
0.671111 0.678207
0.668883 0.656957
0.662303 0.654526
0.65239 0.648043
0.658683 0.641691
0.650319 0.635621
0.655568 0.626153
0.647269 0.613795
0.654013 0.601004
0.662877 0.609904
0.668083 0.619565
0.674822 0.627157
0.664728 0.635633
0.669583 0.640415
0.67565 0.648937
0.680667 0.638406
0.685729 0.640097
0.686528 0.654348
0.693383 0.65058
0.700556 0.646672
0.703352 0.657162
0.709167 0.648913
0.715379 0.650966
0.720117 0.655411
0.725417 0.653114
0.732083 0.653382
0.73963 0.657273
0.747125 0.65773
0.74 0.644793
0.747806 0.644686
0.753958 0.652002
0.760486 0.652577
0.765695 0.658443
0.771286 0.659158
0.767279 0.647556
0.774167 0.644928
0.77825 0.652657
0.783268 0.652492
0.788542 0.650966
0.794107 0.654647
0.798542 0.651691
0.80441 0.651369
0.80925 0.652802
0.814703 0.654676
0.820655 0.653267
0.827424 0.652943
0.834202 0.650966
0.840625 0.652295
0.845536 0.651887
0.851154 0.651988
0.857184 0.650677
0.860576 0.656832
0.865606 0.651515
0.871184 0.654928
0.87654 0.649181
0.881283 0.65686
0.886771 0.650564
0.893309 0.652956
0.899712 0.651988
0.904584 0.656142
0.910152 0.650966
0.916722 0.650231
0.923112 0.652013
0.928637 0.653272
0.934222 0.651597
0.94109 0.651431
0.947347 0.655797
0.947418 0.645331
0.954167 0.649978
0.961 0.645048
0.960926 0.655261
0.968517 0.653768
0.975359 0.648551
0.983125 0.649557
0.989284 0.652029
0.996431 0.648866
0.993919 0.549034
0.981858 0.548574
0.972127 0.549057
0.961968 0.548711
0.953008 0.548497
0.94396 0.548795
0.918023 0.55063
0.897854 0.550723
0.884197 0.550786
0.872446 0.550934
0.8598 0.55122
0.849 0.551328
0.839145 0.551168
0.828935 0.550856
0.821528 0.551395
0.815677 0.551325
0.809356 0.552152
0.801845 0.551356
0.791827 0.551746
0.783077 0.55156
0.771987 0.551654
0.763195 0.551127
0.750334 0.551087
0.737952 0.55153
0.725513 0.551375
0.713136 0.55117
0.704306 0.552047
0.695834 0.551932
0.687742 0.552441
0.678125 0.551328
0.670466 0.552643
0.663611 0.546196
0.657084 0.548354
0.650025 0.546817
0.645888 0.53828
0.652639 0.532877
0.659444 0.535293
0.663075 0.530538
0.668472 0.534845
0.672197 0.523496
0.674583 0.51087
0.667542 0.515701
0.654861 0.516345
0.648611 0.516506
0.645022 0.505149
0.63725 0.496055
0.656042 0.498792
0.662969 0.491697
0.670641 0.491825
0.680694 0.498121
0.68974 0.479469
0.677625 0.477295
0.67315 0.461401
0.675708 0.449758
0.668459 0.460386
0.662163 0.459915
0.662972 0.47029
0.655074 0.467818
0.646405 0.47428
0.627963 0.465781
0.614044 0.467818
0.601286 0.469282
0.601042 0.458696
0.601354 0.448571
0.601417 0.43599
0.607269 0.43277
0.610958 0.425483
0.616885 0.422763
0.619783 0.415024
0.615017 0.411643
0.608447 0.416118
0.602242 0.416897
0.597819 0.416809
0.589464 0.415028
0.584101 0.419845
0.577732 0.4219
0.565417 0.425652
0.570321 0.429116
0.574645 0.428655
0.581162 0.432939
0.586389 0.433977
0.58975 0.438116
0.593657 0.438137
0.584849 0.445872
0.580972 0.441626
0.57625 0.443467
0.571845 0.446774
0.566689 0.443745
0.561884 0.437247
0.557683 0.432512
0.553889 0.432233
0.549653 0.427536
0.543554 0.430733
0.536713 0.439658
0.5335 0.434058
0.52879 0.427594
0.524656 0.433575
0.517378 0.435848
0.521917 0.442512
0.526612 0.447648
0.530884 0.45029
0.534583 0.458454
0.530617 0.463527
0.526667 0.458937
0.523194 0.45518
0.520123 0.454746
0.516171 0.450598
0.507599 0.444962
0.512583 0.441143
0.507315 0.434112
0.502257 0.437802
0.496593 0.440963
0.491131 0.438061
0.485257 0.439985
0.481856 0.433465
0.476923 0.436734
0.472717 0.438696
0.467083 0.441857
0.472292 0.427234
0.477195 0.413929
0.48625 0.411702
0.495163 0.396188
0.502031 0.401872
0.509083 0.399759
0.518005 0.402047
0.52395 0.41628
0.534028 0.413714
0.544792 0.396377
0.555717 0.414831
0.570737 0.405704
0.563315 0.396083
0.579985 0.393138
0.587679 0.38078
0.593068 0.370444
0.599968 0.392977
0.607741 0.389842
0.614542 0.396135
0.611302 0.401117
0.618334 0.401973
0.622337 0.40543
0.629306 0.408937
0.632656 0.400211
0.62502 0.397688
0.621174 0.391963
0.616442 0.38285
0.623889 0.383957
0.628309 0.382566
0.628208 0.390942
0.633519 0.387681
0.637837 0.38193
0.633424 0.375919
0.629891 0.370646
0.625564 0.373046
0.620353 0.369844
0.630958 0.360024
0.635617 0.364396
0.641333 0.369445
0.644901 0.360651
0.63925 0.352778
0.634444 0.348027
0.638838 0.343313
0.643207 0.338952
0.648311 0.346618
0.651488 0.335116
0.645329 0.328185
0.636574 0.326087
0.631613 0.307341
0.640814 0.303485
0.649439 0.316268
0.655711 0.322464
0.657176 0.309984
0.661528 0.302335
0.650762 0.293645
0.658125 0.283816
0.668946 0.281685
0.660096 0.255384
0.640144 0.264262
0.607223 0.259259
0.569183 0.25452
0.558284 0.22494
0.49824 0.244982
0.448943 0.229652
0.401626 0.252724
0.361806 0.269726
0.355099 0.27772
0.349653 0.27194
0.347707 0.256635
0.340279 0.275828
0.344583 0.283092
0.34915 0.290193
0.351917 0.301852
0.357817 0.291546
0.364425 0.296009
0.371645 0.28852
0.378512 0.305469
0.38629 0.309121
0.40066 0.315721
0.392202 0.317863
0.384107 0.322464
0.37162 0.318304
0.360091 0.314692
0.35375 0.316023
0.35875 0.331804
0.36462 0.329395
0.367383 0.340145
0.367597 0.360741
0.374093 0.338377
0.380682 0.336298
0.389276 0.341788
0.396018 0.350242
0.409483 0.34343
0.399962 0.336188
0.41002 0.323039
0.418183 0.324493
0.426118 0.329456
0.43375 0.32902
0.44091 0.330698
0.448084 0.330998
0.456354 0.331924
0.463959 0.336504
0.472576 0.334871
0.480711 0.337951
0.487269 0.339104
0.49269 0.341348
0.500548 0.338991
0.508526 0.342995
0.518264 0.341687
0.527803 0.336957
0.538433 0.335576
0.546766 0.337532
0.552861 0.338567
0.560174 0.332931
0.56825 0.33599
0.575684 0.332995
0.583386 0.328956
0.59375 0.32603
0.602917 0.325483
0.610455 0.31928
0.620384 0.31657
0.625972 0.324557
0.630573 0.339825
0.625076 0.345521
0.619213 0.340848
0.611742 0.339372
0.611781 0.358257
0.602917 0.351298
0.597 0.34686
0.587083 0.345894
0.589653 0.3593
0.579063 0.35306
0.57115 0.357053
0.562386 0.351669
0.557011 0.363527
0.5525 0.365106
0.545099 0.364332
0.543148 0.352925
0.537576 0.360782
0.53338 0.357488
0.528487 0.357806
0.522996 0.358121
0.517401 0.368818
0.513721 0.375937
0.51855 0.384106
0.512462 0.386474
0.506078 0.385349
0.500208 0.386836
0.490108 0.379451
0.494879 0.376305
0.502979 0.377304
0.507156 0.368463
0.512188 0.358092
0.502619 0.357833
0.494184 0.358406
0.487215 0.357043
0.48125 0.356385
0.476852 0.366076
0.472171 0.356662
0.467208 0.352657
0.46391 0.363248
0.455 0.368599
0.457566 0.356789
0.45178 0.352657
0.446348 0.351876
0.441171 0.349954
0.435453 0.350294
0.427986 0.348833
0.41865 0.346329
0.416369 0.364102
0.421314 0.367986
0.398136 0.38908
0.408571 0.391822
0.427083 0.390902
0.438292 0.397706
0.446069 0.392932
0.464722 0.400832
0.454445 0.409152
0.458036 0.421325
0.450819 0.429161
0.438361 0.429066
0.431528 0.428261
0.423671 0.427364
0.417279 0.424197
0.421397 0.413257
0.405573 0.414855
0.40879 0.421728
0.401028 0.434219
0.409811 0.44159
0.41473 0.442384
0.414444 0.43277
0.419957 0.436823
0.424333 0.441425
0.429083 0.443478
0.433333 0.439394
0.438393 0.439786
0.443403 0.438003
0.455148 0.436224
0.459522 0.437601
0.451282 0.44398
0.445818 0.452093
0.450489 0.456679
0.454236 0.458132
0.45785 0.458116
0.46572 0.456083
0.46875 0.458045
0.471689 0.453153
0.47625 0.452415
0.481125 0.449396
0.487692 0.454571
0.483554 0.457445
0.479028 0.459877
0.474306 0.463596
0.477215 0.470188
0.481417 0.46868
0.485898 0.468227
0.490764 0.466989
0.495453 0.46172
0.49265 0.453672
0.498997 0.45272
0.504375 0.455717
0.510947 0.454655
0.514057 0.461162
0.507963 0.464036
0.502167 0.465217
0.498895 0.465711
0.504708 0.471256
0.510241 0.471205
0.514702 0.470957
0.518958 0.464855
0.522327 0.469304
0.526635 0.469435
0.534327 0.469714
0.543155 0.468427
0.546019 0.472491
0.549289 0.469523
0.554826 0.467693
0.558712 0.472881
0.563565 0.47343
0.568106 0.46805
0.563917 0.463768
0.559015 0.461792
0.554901 0.456349
0.551375 0.46244
0.546583 0.459082
0.543353 0.454624
0.545417 0.444686
0.550417 0.450483
0.554356 0.446091
0.558577 0.449678
0.563605 0.453214
0.568217 0.454734
0.571632 0.461755
0.575289 0.457079
0.57975 0.454106
0.583 0.45785
0.586991 0.45679
0.591612 0.459515
0.588706 0.465357
0.59204 0.471841
0.587833 0.475845
0.584547 0.468967
0.580262 0.468376
0.57559 0.470914
0.58191 0.480173
0.585373 0.482647
0.591733 0.485189
0.6 0.490777
0.605189 0.48924
0.611927 0.490338
0.627663 0.497112
0.620463 0.499329
0.615613 0.505755
0.609044 0.507317
0.601204 0.510064
0.593334 0.511638
0.586058 0.503902
0.581111 0.51664
0.574115 0.518569
0.566689 0.516336
0.561071 0.522084
0.555987 0.518497
0.549583 0.521049
0.543972 0.52182
0.536776 0.523964
0.528224 0.52104
0.521645 0.521294
0.51255 0.52372
0.502617 0.525556
0.491929 0.525183
0.483333 0.524327
0.475972 0.526053
0.466759 0.520263
0.460695 0.51919
0.454187 0.521912
0.444221 0.519586
0.437792 0.521739
0.42775 0.519887
0.422215 0.517226
0.414827 0.518015
0.406818 0.511528
0.399711 0.512728
0.394199 0.503066
0.386198 0.499245
0.400617 0.498696
0.406607 0.498792
0.412083 0.501898
0.417465 0.501912
0.42239 0.502606
0.427996 0.503738
0.433017 0.509227
0.438317 0.50372
0.446488 0.50509
0.453622 0.504552
0.461786 0.504572
0.469663 0.506154
0.475515 0.507175
0.481488 0.506384
0.487817 0.507874
0.496784 0.506619
0.503854 0.505032
0.512242 0.504659
0.52109 0.503716
0.530787 0.503489
0.537672 0.504192
0.544703 0.504543
0.552396 0.501912
0.562192 0.501418
0.573622 0.500929
0.578826 0.484958
0.574663 0.482689
0.570994 0.480398
0.567014 0.48118
0.563004 0.482901
0.558657 0.482689
0.555054 0.480414
0.55135 0.479855
0.547361 0.482387
0.542833 0.482488
0.535152 0.481555
0.530503 0.478636
0.525769 0.480212
0.521544 0.480889
0.518399 0.477689
0.515232 0.480945
0.511 0.481401
0.505972 0.480576
0.500784 0.480145
0.495762 0.479052
0.491061 0.479908
0.487228 0.479784
0.483106 0.479908
0.478403 0.480475
0.473786 0.478523
0.470232 0.480945
0.46585 0.481981
0.469817 0.47029
0.465833 0.469807
0.4585 0.475483
0.45625 0.480072
0.452917 0.478629
0.448542 0.479771
0.444306 0.481654
0.439811 0.481445
0.435227 0.482104
0.431424 0.480375
0.427242 0.481999
0.422765 0.481774
0.417042 0.479469
0.413258 0.47881
0.41 0.479469
0.410119 0.466529
0.414757 0.467291
0.419 0.471981
0.423433 0.469692
0.428026 0.468442
0.432517 0.468068
0.436343 0.47182
0.443646 0.472373
0.450417 0.469686
0.446794 0.466131
0.44269 0.462121
0.437426 0.461708
0.439356 0.451691
0.434063 0.452395
0.429479 0.455717
0.425093 0.45679
0.41989 0.460908
0.421495 0.450767
0.417192 0.453424
0.412389 0.454428
0.407564 0.455965
0.397917 0.467391
0.383534 0.46426
0.383826 0.453557
0.370694 0.462293
0.350472 0.453704
0.334635 0.447916
0.329093 0.470375
0.333925 0.477943
0.322197 0.478809
0.325849 0.489846
0.330893 0.492121
0.339142 0.485152
0.34475 0.492995
0.349861 0.497826
0.33825 0.506812
0.331389 0.507448
0.342042 0.51715
0.348229 0.509511
0.354455 0.510684
0.360662 0.509733
0.36891 0.514214
0.377522 0.514048
0.383009 0.532609
0.392542 0.531643
0.400208 0.536685
0.407159 0.538977
0.415 0.540097
0.422396 0.54212
0.429271 0.543025
0.437542 0.543599
0.448195 0.546699
0.454861 0.556602
0.46035 0.548068
0.468073 0.548762
0.474436 0.55179
0.4825 0.550362
0.490662 0.552217
0.497667 0.55157
0.506923 0.552304
0.516939 0.549622
0.527361 0.549114
0.535493 0.550834
0.54287 0.548041
0.55145 0.547488
0.559583 0.547244
0.566157 0.546162
0.573909 0.542616
0.582187 0.54227
0.588667 0.545652
0.594408 0.540364
0.601806 0.535829
0.613258 0.533048
0.622259 0.529303
0.630265 0.521739
0.639735 0.520202
0.63516 0.534653
0.639352 0.545357
0.629886 0.546223
0.622552 0.546649
0.616294 0.549771
0.608603 0.546817
0.601891 0.556392
0.593173 0.560851
0.588485 0.567523
0.582139 0.561272
0.576864 0.55956
0.571424 0.566023
0.563854 0.565016
0.55609 0.568562
0.550833 0.567271
0.545084 0.568744
0.539028 0.568496
0.533519 0.575416
0.52954 0.566807
0.523982 0.567499
0.517663 0.568841
0.512326 0.573571
0.504112 0.568526
0.496958 0.567995
0.492599 0.572176
0.486406 0.568388
0.480899 0.566171
0.475505 0.573163
0.470985 0.568182
0.464132 0.569143
0.455983 0.571353
0.449546 0.56939
0.437273 0.576856
0.44065 0.56343
0.433388 0.565375
0.425655 0.562198
0.418982 0.574477
0.417983 0.561304
0.412738 0.557626
0.40725 0.56095
0.401389 0.574074
0.39474 0.569897
0.398021 0.563305
0.402478 0.554729
0.393671 0.551702
0.38713 0.547773
0.380618 0.559096
0.375575 0.543881
0.369375 0.535024
0.361212 0.525582
0.362879 0.540624
0.355069 0.53754
0.349057 0.532736
0.344617 0.529227
0.335768 0.534643
0.349659 0.550944
0.337996 0.554118
0.325241 0.549517
0.312083 0.550882
0.30002 0.553313
0.286101 0.552709
0.269848 0.552187
0.253118 0.551353
0.239809 0.550539
0.229028 0.549695
0.216251 0.549516
0.203977 0.549406
0.192171 0.549644
0.181973 0.549356
0.173554 0.548946
0.163592 0.549056
0.154045 0.548804
0.141817 0.548934
0.124502 0.549152
0.113787 0.549408
0.0990675 0.549976
0.081932 0.549407
0.0666866 0.548708
0.0511539 0.549235
0.0291392 0.549997
0.0101834 0.549321
0.00391667 0.646941
0.00263889 0.657407
0.00918651 0.655567
0.013625 0.650362
0.0196154 0.652732
0.0252652 0.650857
0.0301894 0.654041
0.034537 0.653516
0.0397685 0.652577
0.0444792 0.64996
0.0492045 0.65459
0.054256 0.652692
0.05935 0.649227
0.0650181 0.653067
0.0716146 0.657005
0.07705 0.654541
0.0707407 0.645062
0.0823215 0.647746
0.08875 0.644228
0.0860516 0.657983
0.0925833 0.654952
0.10055 0.658213
0.097375 0.64843
0.106288 0.650088
0.112349 0.652503
0.117156 0.651701
0.122292 0.655395
0.129259 0.653919
0.130714 0.643547
0.1365 0.651812
0.142454 0.644659
0.148935 0.643183
0.144028 0.658328
0.150466 0.655087
0.156902 0.651282
0.16359 0.65236
0.167969 0.660326
0.17026 0.651419
0.175377 0.651196
0.180893 0.651657
0.186576 0.649811
0.191744 0.657676
0.196425 0.65211
0.201736 0.651872
0.20875 0.64461
0.216111 0.64533
0.208281 0.65776
0.213234 0.658558
0.219432 0.656566
0.224583 0.652577
0.229417 0.64942
0.234398 0.649714
0.239647 0.643534
0.244707 0.647925
0.252462 0.641854
0.259639 0.63583
0.268217 0.636377
0.277708 0.649879
0.272347 0.654526
0.266417 0.654952
0.261054 0.650398
0.260123 0.660486
0.255504 0.65656
0.249057 0.654272
0.238686 0.658677
0.23525 0.676329
0.239742 0.677996
0.244083 0.678181
0.254475 0.677431
0.259242 0.677866
0.253062 0.687303
0.258195 0.688406
0.263531 0.687071
0.270357 0.687543
0.277685 0.687869
0.274653 0.692231
0.27125 0.696105
0.266786 0.694445
0.261721 0.69686
0.255329 0.695843
0.251528 0.698355
0.257996 0.702726
0.254345 0.707212
0.26068 0.708937
0.264828 0.710926
0.268496 0.717024
0.271607 0.715839
0.27525 0.715894
0.279708 0.715459
0.28375 0.717391
0.287992 0.720905
0.29375 0.719807
0.2975 0.719807
0.300768 0.718345
0.304306 0.716069
0.307951 0.712661
0.312333 0.7093
0.320167 0.709541
0.326023 0.714207
0.326818 0.72354
0.322117 0.720049
0.318208 0.718478
0.315114 0.717391
0.311593 0.719736
0.309233 0.725718
0.305606 0.726065
0.301726 0.728836
0.296689 0.733473
0.293565 0.7292
0.288838 0.730295
0.285022 0.729151
0.281186 0.728911
0.276117 0.728937
0.272383 0.728841
0.269394 0.732872
0.266364 0.740558
0.263009 0.746109
0.259801 0.745904
0.253706 0.747203
0.256766 0.751725
0.252689 0.757795
0.249402 0.75147
0.245972 0.752013
0.241528 0.75416
0.238194 0.753221
0.235278 0.759393
0.231902 0.755566
0.227917 0.753221
0.225025 0.750284
0.221544 0.7527
0.218531 0.759408
0.213531 0.760806
0.207401 0.759087
0.211208 0.754227
0.215833 0.751537
0.219625 0.744324
0.223531 0.741864
0.227377 0.738207
0.22924 0.745169
0.232417 0.74372
0.235417 0.746434
0.23998 0.743674
0.246369 0.741604
0.250909 0.73935
0.255683 0.737536
0.258889 0.731985
0.262652 0.732872
0.266206 0.728388
0.264458 0.719928
0.260615 0.721015
0.257014 0.716788
0.251603 0.714419
0.247917 0.709267
0.242654 0.702581
0.23875 0.701792
0.234015 0.705204
0.242014 0.71397
0.237986 0.713567
0.234219 0.714825
0.228224 0.713387
0.22375 0.71256
0.220379 0.716623
0.216136 0.711682
0.212672 0.704817
0.205417 0.703301
0.2095 0.708696
0.20625 0.712916
0.202672 0.7132
0.200221 0.709221
0.195492 0.709157
0.191583 0.704976
0.18822 0.711353
0.183134 0.713033
0.178407 0.712205
0.174757 0.71568
0.171167 0.713285
0.168113 0.717462
0.163569 0.719124
0.159811 0.719807
0.167037 0.726516
0.17125 0.724638
0.174886 0.72859
0.178631 0.730676
0.179402 0.721225
0.183792 0.722947
0.189107 0.72136
0.192679 0.717909
0.195899 0.721269
0.200114 0.721673
0.204531 0.721618
0.208519 0.720746
0.212127 0.716946
0.214828 0.72414
0.217778 0.722356
0.223838 0.722413
0.227778 0.72182
0.231996 0.723557
0.236667 0.72501
0.241667 0.724638
0.24788 0.7207
0.254653 0.72494
0.251174 0.72881
0.246975 0.731097
0.241864 0.734745
0.2375 0.735206
0.232599 0.734587
0.228946 0.73025
0.224496 0.731693
0.220521 0.731482
0.216856 0.735947
0.213333 0.734165
0.210461 0.728896
0.206118 0.730295
0.202176 0.730542
0.19904 0.735192
0.195127 0.732462
0.191359 0.731097
0.187259 0.730676
0.182599 0.733092
0.186125 0.739251
0.181167 0.742512
0.176757 0.740233
0.172478 0.742627
0.168092 0.739067
0.171482 0.733897
0.165172 0.734086
0.161938 0.731202
0.157197 0.727163
0.153646 0.722021
0.149479 0.715781
0.146091 0.723085
0.14218 0.723802
0.139697 0.732763
0.145258 0.733897
0.149432 0.7287
0.152462 0.734409
0.156 0.73756
0.159653 0.739735
0.16441 0.745169
0.169259 0.748927
0.175456 0.75046
0.179504 0.751725
0.183924 0.751912
0.188048 0.747839
0.191052 0.741949
0.194276 0.745042
0.199583 0.747182
0.203552 0.740108
0.208036 0.738728
0.211732 0.742627
0.207917 0.74839
0.204226 0.751495
0.200758 0.756917
0.194683 0.757343
0.19066 0.756039
0.187 0.759783
0.184 0.766063
0.17968 0.764307
0.175583 0.763768
0.172014 0.756643
0.166952 0.755212
0.161326 0.750878
0.157159 0.750549
0.153599 0.746926
0.148155 0.741259
0.143083 0.740942
0.139544 0.744709
0.135573 0.746981
0.132625 0.752536
0.137819 0.753836
0.142546 0.752147
0.146042 0.750604
0.150046 0.755099
0.153075 0.759202
0.146125 0.760749
0.140875 0.760387
0.135329 0.762586
0.131319 0.763788
0.127202 0.760697
0.122628 0.762078
0.118 0.764251
0.114067 0.761387
0.107465 0.759763
0.111019 0.756844
0.116991 0.755099
0.12076 0.7527
0.124458 0.749275
0.128565 0.746511
0.132159 0.740119
0.136091 0.735853
0.1325 0.728261
0.128715 0.732589
0.125123 0.729256
0.121343 0.730542
0.117833 0.726932
0.112375 0.727778
0.109063 0.722726
0.113533 0.718494
0.117417 0.717633
0.121075 0.718472
0.13011 0.717455
0.132798 0.713883
0.141894 0.711572
0.14575 0.709904
0.149773 0.704326
0.154167 0.708937
0.157163 0.712618
0.165575 0.709167
0.160983 0.707198
0.159271 0.696659
0.164117 0.698793
0.168575 0.700293
0.172844 0.695075
0.177518 0.695705
0.18256 0.69617
0.187011 0.699065
0.189792 0.693599
0.193636 0.692908
0.196632 0.697464
0.206208 0.694203
0.210227 0.696311
0.214191 0.696007
0.217222 0.69525
0.220221 0.694302
0.223241 0.694981
0.226958 0.695169
0.231083 0.696739
0.23553 0.694994
0.241617 0.691256
0.23752 0.686738
0.232083 0.686594
0.228452 0.685818
0.22425 0.684783
0.218889 0.684246
0.214496 0.6858
0.210768 0.685037
0.207448 0.685538
0.213009 0.675792
0.207441 0.676156
0.197361 0.679952
0.193333 0.677838
0.188565 0.676999
0.190052 0.683726
0.184924 0.687088
0.180542 0.687077
0.175809 0.686346
0.17088 0.68599
0.167623 0.690892
0.164266 0.687083
0.160833 0.685991
0.166597 0.676329
0.162046 0.67556
0.151615 0.676328
0.147789 0.679302
0.143292 0.675483
0.139531 0.682971
0.134205 0.68599
0.138004 0.690758
0.144091 0.687637
0.15053 0.690821
0.147424 0.695652
0.143833 0.699638
0.140644 0.697629
0.135139 0.697128
0.130833 0.693017
0.126845 0.696285
0.122083 0.695716
0.11506 0.690304
0.119436 0.689756
0.124583 0.687658
0.129485 0.682793
0.12072 0.676658
0.117292 0.677174
0.114191 0.67711
0.106012 0.677306
0.102083 0.675696
0.09775 0.675411
0.0919583 0.682488
0.086875 0.683334
0.08165 0.68401
0.0770833 0.685286
0.0698333 0.687077
0.0730044 0.680587
0.0758088 0.674695
0.07025 0.675
0.059892 0.674584
0.0535326 0.674176
0.0559239 0.681737
0.059375 0.686232
0.0508179 0.684425
0.04625 0.683092
0.0415036 0.683943
0.0369246 0.683863
0.0318452 0.682252
0.0307341 0.673856
0.02635 0.674638
0.0160833 0.675121
0.0125595 0.674201
0.00833334 0.67341
0.00296875 0.679499
0.0102183 0.683402
0.0144697 0.687857
0.00628788 0.687747
0.00197464 0.690034
0.00662037 0.697665
0.0104167 0.694025
0.0144643 0.698125
0.0235985 0.701691
0.0281061 0.70224
0.0317045 0.70246
0.0256019 0.69431
0.0243333 0.685266
0.0287847 0.688909
0.0335167 0.692222
0.0380093 0.693774
0.0423333 0.694445
0.0466123 0.693289
0.0510688 0.696965
0.054504 0.692604
0.059132 0.696055
0.0560648 0.702093
0.0593641 0.709319
0.0634325 0.709167
0.0667593 0.709474
0.0700595 0.708592
0.0733712 0.706851
0.06875 0.697363
0.0730208 0.69364
0.0766848 0.697385
0.0805 0.694686
0.0849819 0.693289
0.0895834 0.692449
0.0935417 0.691908
0.0974342 0.686944
0.102348 0.68643
0.105017 0.694735
0.100243 0.695753
0.0957576 0.699495
0.0985913 0.706292
0.10345 0.705942
0.113583 0.699517
0.117917 0.699824
0.12252 0.706637
0.118843 0.709206
0.114318 0.708937
0.109667 0.708816
0.107262 0.713768
0.103909 0.718944
0.100455 0.715525
0.0959849 0.714537
0.0904167 0.712681
0.0865064 0.709123
0.0762062 0.710717
0.0787917 0.714734
0.0829605 0.717074
0.0870833 0.721015
0.09155 0.72372
0.083625 0.727657
0.0798611 0.7255
0.0753373 0.724235
0.072375 0.720652
0.0692325 0.72076
0.0657676 0.72076
0.0622283 0.722485
0.0582675 0.725973
0.0538258 0.721234
0.0574537 0.716989
0.0548958 0.709692
0.0516288 0.709376
0.0460577 0.711632
0.0411051 0.707152
0.0352083 0.710447
0.02875 0.713348
0.0244792 0.713366
0.0205 0.70773
0.0174342 0.709319
0.0143382 0.708653
0.011 0.70616
0.00766667 0.708213
0.00183824 0.705811
0.00232143 0.714458
0.00336111 0.722142
0.00660715 0.72067
0.01 0.718599
0.0135606 0.718819
0.01875 0.719686
0.0220417 0.721981
0.0266288 0.72365
0.0320167 0.719372
0.0379808 0.718042
0.0420417 0.716908
0.0490761 0.721015
0.0449457 0.7249
0.041557 0.728134
0.0384326 0.731942
0.0349008 0.726421
0.0306945 0.731381
0.026131 0.733667
0.0224074 0.732555
0.0191865 0.733782
0.0163971 0.728403
0.0133712 0.731774
0.00994048 0.731022
0.00625 0.731884
0.00139706 0.728403
0.0021627 0.738383
0.00606061 0.742205
0.0109722 0.742351
0.0140132 0.748729
0.008125 0.750805
0.00212719 0.748729
0.00364583 0.757548
0.00791667 0.761199
0.0121558 0.757877
0.0173303 0.757515
0.0224242 0.759772
0.0275544 0.761657
0.0316512 0.765209
0.0241667 0.768237
0.0189744 0.76793
0.0128833 0.768261
0.00741667 0.77087
0.0024359 0.76728
0.00241667 0.778986
0.00610507 0.782451
End
