1200 414
0.00166667 0.676731
0.00509615 0.676235
0.0185417 0.675725
0.0223437 0.671649
0.023 0.680193
0.0207292 0.685839
0.0174755 0.686772
0.0218046 0.695342
0.0181436 0.697643
0.00310185 0.699946
0.00479167 0.71407
0.0167262 0.711353
0.0348055 0.70314
0.0395343 0.70098
0.046125 0.701449
0.049391 0.710795
0.06125 0.712158
0.0655449 0.699275
0.062803 0.695652
0.0660416 0.686352
0.0625 0.68323
0.0635119 0.673913
0.0666666 0.675121
0.0789951 0.673842
0.0824167 0.673671
0.0852778 0.679348
0.0892324 0.674993
0.0938377 0.674104
0.0966667 0.684783
0.0831019 0.700349
0.0793333 0.70459
0.0874167 0.702013
0.0908088 0.702685
0.0948958 0.709541
0.10625 0.715838
0.107694 0.699436
0.110711 0.697854
0.125673 0.702806
0.130373 0.702962
0.134083 0.703784
0.138674 0.703887
0.153542 0.693387
0.15625 0.693237
0.155476 0.701518
0.152167 0.710628
0.169681 0.710074
0.174811 0.704435
0.17974 0.704559
0.183946 0.705101
0.186131 0.720324
0.197917 0.716184
0.200929 0.702248
0.199327 0.695745
0.2025 0.693841
0.216389 0.705515
0.220083 0.705072
0.223333 0.704106
0.226583 0.705072
0.230104 0.705163
0.232083 0.717874
0.24493 0.717592
0.245288 0.703549
0.248452 0.699965
0.245357 0.693582
0.248437 0.690217
0.244519 0.684782
0.250481 0.681624
0.247788 0.679952
0.243365 0.675492
0.246083 0.66884
0.249167 0.67029
0.252276 0.670847
0.256 0.671498
0.262279 0.674836
0.265833 0.673741
0.269083 0.671256
0.27175 0.67657
0.268015 0.681372
0.263631 0.683402
0.271435 0.685051
0.275417 0.679952
0.279327 0.681438
0.284659 0.684563
0.292552 0.686443
0.292259 0.696224
0.29526 0.697765
0.290795 0.710694
0.276964 0.705831
0.274097 0.703704
0.271607 0.704969
0.268015 0.704817
0.263572 0.705314
0.278125 0.720612
0.291 0.732125
0.290613 0.748153
0.2905 0.763768
0.271528 0.755905
0.26371 0.754831
0.245208 0.73752
0.24369 0.753451
0.243125 0.77657
0.228972 0.769324
0.222917 0.757247
0.215 0.742926
0.19744 0.749425
0.179524 0.752416
0.150481 0.744797
0.135938 0.765852
0.126005 0.749432
0.104702 0.754486
0.0899621 0.76625
0.0618269 0.743311
0.034364 0.746186
0.0148864 0.745169
0.00115742 0.75993
0.01125 0.796009
0.0238889 0.792271
0.0319318 0.789526
0.0367857 0.791236
0.0450834 0.787199
0.0577084 0.786957
0.0483854 0.84375
0.0476225 0.856848
0.0423611 0.867552
0.0386306 0.886071
0.0535119 0.873879
0.0475833 0.868357
0.053848 0.860827
0.054053 0.85101
0.0540278 0.842056
0.0597304 0.824879
0.0819551 0.789949
0.093 0.794928
0.102917 0.799001
0.121132 0.794513
0.149687 0.804047
0.150521 0.777476
0.172396 0.788952
0.182462 0.771519
0.19621 0.788187
0.196249 0.830016
0.219905 0.79831
0.243208 0.803262
0.257593 0.794418
0.288985 0.803018
0.276996 0.779621
0.289925 0.77923
0.315104 0.774155
0.327361 0.783241
0.346667 0.782609
0.346667 0.768116
0.346629 0.752415
0.346944 0.738527
0.35875 0.73913
0.364135 0.738108
0.369028 0.739936
0.3725 0.741546
0.375861 0.742432
0.378571 0.73913
0.383177 0.739583
0.386838 0.739628
0.38075 0.733253
0.374687 0.732337
0.377708 0.729167
0.383438 0.728865
0.386667 0.729469
0.386208 0.719565
0.380319 0.72002
0.374635 0.720712
0.367981 0.715998
0.36125 0.711607
0.365833 0.705767
0.375644 0.706961
0.38125 0.705964
0.386875 0.709138
0.387083 0.70008
0.39625 0.69816
0.398095 0.703244
0.401361 0.700402
0.406891 0.702248
0.405194 0.707005
0.402708 0.708736
0.4 0.710662
0.396547 0.710662
0.397147 0.718599
0.400833 0.719289
0.40375 0.717391
0.406472 0.716989
0.405028 0.72649
0.401891 0.727332
0.398214 0.7255
0.398125 0.734903
0.400486 0.734501
0.40619 0.733782
0.403429 0.736994
0.400972 0.744042
0.398333 0.746894
0.404167 0.746377
0.406763 0.743311
0.410083 0.74372
0.413361 0.744364
0.416985 0.748579
0.421042 0.748188
0.424167 0.746377
0.43016 0.754274
0.433305 0.755636
0.436833 0.753382
0.441488 0.754486
0.447377 0.750426
0.451771 0.753623
0.454931 0.747584
0.45869 0.744996
0.46125 0.745169
0.461131 0.756384
0.453981 0.759259
0.461544 0.765487
0.455774 0.768633
0.461583 0.775282
0.457377 0.778701
0.454427 0.778532
0.45224 0.785779
0.454361 0.791868
0.457981 0.790134
0.460861 0.784783
0.46125 0.794988
0.458015 0.799446
0.46175 0.804106
0.45875 0.809028
0.461964 0.814182
0.460417 0.820048
0.45675 0.818438
0.452966 0.821895
0.451361 0.81409
0.454583 0.811836
0.451458 0.806159
0.454821 0.801932
0.451528 0.797826
0.441302 0.791516
0.439427 0.801781
0.440907 0.809534
0.423429 0.810015
0.420417 0.804348
0.416806 0.808615
0.413083 0.808776
0.410545 0.804255
0.407434 0.803394
0.402738 0.800552
0.398385 0.802234
0.400714 0.795376
0.397972 0.792029
0.397788 0.782516
0.400639 0.783011
0.402917 0.788647
0.407034 0.7895
0.412972 0.791224
0.410096 0.79515
0.413512 0.799517
0.416635 0.799981
0.419226 0.796929
0.423472 0.798309
0.42119 0.790718
0.418385 0.786986
0.423379 0.785427
0.430417 0.781884
0.44125 0.778985
0.44119 0.767253
0.438274 0.7657
0.435139 0.76409
0.431319 0.765096
0.42787 0.762345
0.424142 0.765203
0.42125 0.7657
0.41869 0.767426
0.42375 0.775362
0.42099 0.776117
0.417917 0.77808
0.413799 0.77927
0.410365 0.780646
0.407417 0.777536
0.403144 0.777229
0.401319 0.772544
0.398417 0.772705
0.397917 0.763285
0.400536 0.762595
0.403045 0.764493
0.407083 0.767651
0.409375 0.763436
0.412083 0.76087
0.415 0.761387
0.417679 0.758109
0.420417 0.755435
0.413639 0.752899
0.410096 0.753716
0.407724 0.752044
0.402181 0.753836
0.398333 0.754831
0.387028 0.752738
0.383694 0.754187
0.385 0.746377
0.381042 0.747434
0.37825 0.750161
0.374821 0.751208
0.371667 0.751208
0.372222 0.760467
0.376012 0.758627
0.380694 0.758374
0.38425 0.763043
0.387083 0.763285
0.386667 0.772947
0.383403 0.771538
0.380929 0.767837
0.378333 0.764148
0.375833 0.767713
0.371319 0.768317
0.373819 0.772142
0.371528 0.778985
0.376806 0.776248
0.379861 0.776248
0.38369 0.779503
0.386805 0.783816
0.38157 0.784745
0.378083 0.78591
0.374779 0.783816
0.371985 0.789642
0.369917 0.797343
0.345833 0.79798
0.34657 0.816146
0.34625 0.835749
0.331361 0.863366
0.328631 0.871118
0.331776 0.878782
0.327083 0.878824
0.329436 0.886118
0.325764 0.886675
0.326041 0.895683
0.330361 0.894122
0.335481 0.891583
0.342738 0.875259
0.343958 0.860105
0.372 0.839372
0.373958 0.843146
0.376378 0.846619
0.380357 0.845928
0.378417 0.840177
0.382475 0.836956
0.386005 0.835251
0.385368 0.826726
0.380729 0.830163
0.377083 0.832507
0.373109 0.831568
0.370353 0.831382
0.375238 0.825742
0.370417 0.820048
0.372788 0.820048
0.375625 0.816123
0.378701 0.820617
0.381972 0.822303
0.386845 0.818841
0.383706 0.814454
0.379768 0.811594
0.376361 0.806683
0.373155 0.809179
0.370417 0.807971
0.373472 0.799248
0.376382 0.795258
0.379904 0.792549
0.383972 0.79058
0.386838 0.795609
0.382311 0.797431
0.379583 0.802234
0.383333 0.80383
0.385694 0.805153
0.387532 0.808714
0.398214 0.811077
0.401583 0.80942
0.407417 0.813768
0.410417 0.815519
0.414479 0.816727
0.419427 0.814764
0.423055 0.818237
0.41725 0.820692
0.420125 0.828261
0.415238 0.828157
0.412083 0.823671
0.407731 0.823671
0.402212 0.818933
0.399062 0.81884
0.398214 0.826604
0.401667 0.828502
0.398417 0.835507
0.40175 0.83889
0.407426 0.835109
0.410083 0.831964
0.412976 0.834196
0.417239 0.834088
0.42125 0.841306
0.431067 0.846621
0.440357 0.843685
0.437853 0.841416
0.440764 0.833333
0.450476 0.832816
0.453523 0.82971
0.456691 0.828857
0.46132 0.827295
0.460492 0.83542
0.455172 0.838377
0.473554 0.868927
0.497188 0.845412
0.47546 0.838482
0.47125 0.835231
0.470737 0.827666
0.470833 0.820048
0.474167 0.822866
0.476354 0.829106
0.482143 0.826949
0.486054 0.827295
0.490609 0.829896
0.492917 0.824879
0.497546 0.823134
0.503056 0.825684
0.507262 0.827467
0.513274 0.82695
0.52025 0.829952
0.529305 0.831803
0.53275 0.832286
0.53625 0.827549
0.539387 0.824737
0.542344 0.826087
0.548583 0.824718
0.55276 0.827446
0.551528 0.818277
0.555833 0.821256
0.559643 0.818323
0.561601 0.824498
0.558015 0.830705
0.562037 0.837091
0.555861 0.843076
0.5525 0.842593
0.553972 0.835507
0.549271 0.835749
0.543958 0.838013
0.539266 0.835921
0.535046 0.838835
0.527386 0.84069
0.5375 0.84686
0.528542 0.866548
0.549676 0.887413
0.549627 0.895945
0.557235 0.893171
0.557279 0.882424
0.556378 0.870216
0.558622 0.870216
0.556583 0.860145
0.559531 0.858393
0.55625 0.851449
0.559417 0.847101
0.564776 0.846618
0.569375 0.842794
0.572604 0.843599
0.575568 0.841568
0.579044 0.841077
0.583611 0.838298
0.587524 0.838235
0.584643 0.845066
0.58974 0.84375
0.59322 0.844423
0.597259 0.845093
0.600583 0.844364
0.603473 0.845492
0.608512 0.84334
0.611472 0.842754
0.606201 0.839372
0.602917 0.835346
0.59875 0.835346
0.595139 0.838164
0.591932 0.836517
0.594327 0.831011
0.590481 0.830082
0.587292 0.828955
0.583882 0.826659
0.581122 0.831382
0.5775 0.830573
0.574305 0.831723
0.572986 0.823873
0.579135 0.822278
0.574896 0.81884
0.578542 0.813808
0.583173 0.816146
0.586122 0.818933
0.589167 0.820738
0.5925 0.823154
0.596058 0.825437
0.599167 0.827295
0.602583 0.826328
0.60625 0.8281
0.609524 0.833851
0.613214 0.835059
0.617083 0.833736
0.615 0.827899
0.61026 0.826389
0.612361 0.820853
0.617377 0.818627
0.614514 0.818237
0.61 0.816425
0.606417 0.819887
0.599653 0.820652
0.595833 0.816425
0.5925 0.81401
0.589083 0.811836
0.585833 0.809696
0.582972 0.805877
0.585194 0.799114
0.588125 0.802536
0.591122 0.804441
0.593805 0.802818
0.596905 0.799862
0.602475 0.798025
0.598802 0.79378
0.594948 0.791667
0.59175 0.793317
0.588929 0.795376
0.583403 0.792472
0.587024 0.789165
0.584811 0.784475
0.589861 0.78446
0.593611 0.782474
0.597623 0.783816
0.600361 0.778341
0.595956 0.774865
0.589861 0.775282
0.586944 0.777778
0.58775 0.767069
0.591012 0.763285
0.594083 0.764332
0.596667 0.766103
0.599226 0.769151
0.602404 0.771553
0.604391 0.776013
0.607239 0.776117
0.610662 0.773444
0.614167 0.771049
0.617159 0.770861
0.614306 0.779187
0.616979 0.781552
0.612404 0.784002
0.609391 0.78233
0.604327 0.783816
0.601146 0.787892
0.604762 0.791925
0.607867 0.789216
0.611528 0.792351
0.614792 0.790056
0.6175 0.793327
0.614583 0.799517
0.610694 0.800403
0.607361 0.799785
0.604531 0.805103
0.600324 0.80569
0.59625 0.807971
0.598942 0.813731
0.6025 0.81567
0.605069 0.813003
0.608554 0.809534
0.612604 0.808575
0.615609 0.809829
0.61776 0.805103
0.636864 0.803267
0.652305 0.802657
0.6525 0.810386
0.6525 0.817633
0.652381 0.825569
0.652724 0.833612
0.658004 0.84039
0.661955 0.842717
0.661732 0.831871
0.65775 0.831642
0.657381 0.823154
0.661666 0.821256
0.657731 0.814009
0.661805 0.811675
0.6575 0.805555
0.6575 0.798309
0.651823 0.795139
0.652305 0.787681
0.657867 0.790068
0.6575 0.780193
0.651548 0.779675
0.651667 0.771739
0.657171 0.770341
0.651667 0.763285
0.657083 0.760869
0.651667 0.754831
0.657592 0.751745
0.651506 0.747399
0.656719 0.74381
0.656666 0.734299
0.651103 0.73977
0.645232 0.738191
0.637387 0.738143
0.628622 0.736994
0.615917 0.72971
0.612852 0.727889
0.609199 0.727889
0.603155 0.727053
0.599916 0.729227
0.605833 0.731884
0.602404 0.736065
0.599821 0.739475
0.604659 0.741217
0.607361 0.740137
0.609391 0.736065
0.6125 0.736715
0.615952 0.73844
0.61675 0.746618
0.613333 0.746377
0.610083 0.746618
0.606861 0.749195
0.602861 0.74694
0.599263 0.748885
0.601635 0.754459
0.605052 0.756341
0.609681 0.755826
0.61375 0.755636
0.617159 0.755709
0.616131 0.763285
0.611936 0.764066
0.608162 0.764777
0.605083 0.765459
0.601667 0.762767
0.598512 0.758454
0.595694 0.75467
0.5925 0.754831
0.588988 0.756039
0.585504 0.755848
0.581152 0.754263
0.576927 0.754982
0.571833 0.754348
0.568333 0.753623
0.563861 0.754348
0.559639 0.753221
0.555639 0.753382
0.550893 0.751553
0.550958 0.761715
0.555625 0.762882
0.558833 0.761353
0.562468 0.76152
0.56572 0.762956
0.569479 0.763587
0.567321 0.771221
0.568809 0.777433
0.576667 0.778381
0.573523 0.789306
0.569327 0.791434
0.567377 0.785663
0.56027 0.780122
0.55724 0.788194
0.561548 0.789165
0.559444 0.793478
0.557315 0.799785
0.56223 0.800014
0.566397 0.799588
0.570711 0.799019
0.574167 0.799517
0.577417 0.800241
0.574528 0.808615
0.571528 0.810789
0.567917 0.815437
0.567972 0.807005
0.56 0.808508
0.556152 0.808397
0.551314 0.810015
0.553 0.804106
0.54901 0.799215
0.549583 0.78951
0.541094 0.788194
0.539356 0.794137
0.536838 0.789358
0.531667 0.789855
0.527963 0.796028
0.531891 0.80314
0.53625 0.801932
0.539167 0.801932
0.539408 0.81242
0.536528 0.81562
0.530469 0.818086
0.527083 0.811077
0.522083 0.815031
0.518622 0.819119
0.513456 0.815359
0.509305 0.820182
0.506488 0.8147
0.50175 0.815217
0.497574 0.812091
0.496699 0.804441
0.504792 0.80475
0.508045 0.805927
0.511139 0.808132
0.518274 0.809006
0.517361 0.801691
0.510917 0.794686
0.508541 0.789251
0.511083 0.781159
0.524514 0.773953
0.53178 0.776131
0.536667 0.780193
0.539828 0.778701
0.54375 0.78124
0.549962 0.775911
0.542639 0.772222
0.542917 0.764864
0.539345 0.767771
0.536528 0.769726
0.530741 0.766371
0.536786 0.758972
0.539917 0.758696
0.542679 0.755694
0.539427 0.748037
0.5425 0.746377
0.550536 0.73706
0.5425 0.737923
0.539263 0.736994
0.533694 0.737439
0.536905 0.741891
0.53375 0.746779
0.536186 0.751115
0.53125 0.754831
0.52875 0.754831
0.52599 0.754227
0.522468 0.751115
0.523558 0.75929
0.520265 0.757027
0.518073 0.754076
0.515361 0.754187
0.512917 0.756252
0.508333 0.756039
0.504941 0.75207
0.508977 0.745169
0.49825 0.751288
0.493358 0.752273
0.489886 0.751976
0.496071 0.756729
0.491528 0.761916
0.494219 0.765549
0.497573 0.764919
0.505208 0.764694
0.508333 0.764493
0.512847 0.77033
0.508407 0.773444
0.505711 0.777138
0.499833 0.777053
0.494762 0.77726
0.491694 0.778341
0.484417 0.773671
0.480417 0.769324
0.480417 0.780843
0.484828 0.785521
0.48131 0.791408
0.484524 0.797964
0.480947 0.80336
0.483622 0.809272
0.486827 0.805927
0.490993 0.809829
0.487639 0.815861
0.484472 0.818921
0.481058 0.815217
0.47744 0.816943
0.475352 0.813545
0.47072 0.813022
0.473301 0.809272
0.470655 0.804348
0.473512 0.799517
0.470655 0.794686
0.473512 0.789855
0.47075 0.784783
0.473861 0.779791
0.47075 0.775121
0.473988 0.770704
0.470833 0.766908
0.473917 0.761433
0.470583 0.758051
0.479917 0.758695
0.484375 0.75634
0.479583 0.751449
0.475811 0.754322
0.472139 0.750966
0.469896 0.744112
0.47375 0.742888
0.481645 0.738304
0.476642 0.733234
0.472426 0.733376
0.469583 0.7343
0.461012 0.734645
0.458162 0.732239
0.453869 0.73637
0.448237 0.737365
0.445361 0.735024
0.441065 0.734434
0.437426 0.73096
0.43375 0.728134
0.440417 0.723913
0.443958 0.726902
0.447917 0.727053
0.451495 0.727693
0.455104 0.724638
0.460694 0.725201
0.469821 0.724983
0.475238 0.726708
0.480515 0.725845
0.484375 0.726298
0.487857 0.732229
0.49118 0.736514
0.49506 0.734127
0.498333 0.734903
0.50225 0.73438
0.50787 0.732689
0.5125 0.733897
0.51776 0.73445
0.5225 0.73499
0.527604 0.734601
0.532972 0.729871
0.536667 0.730676
0.540417 0.729578
0.542917 0.729469
0.55 0.722464
0.550032 0.706336
0.541823 0.705163
0.538417 0.707971
0.535024 0.712205
0.531736 0.713567
0.538333 0.716184
0.541548 0.714458
0.542708 0.720813
0.538878 0.723616
0.535139 0.721659
0.531763 0.721943
0.528333 0.722101
0.525189 0.725845
0.52125 0.725543
0.522917 0.716385
0.517741 0.71898
0.512431 0.720008
0.51474 0.725996
0.50875 0.722625
0.504934 0.721523
0.50175 0.724879
0.498073 0.725392
0.500232 0.715916
0.495917 0.719807
0.493333 0.724465
0.49 0.725543
0.488802 0.718901
0.484053 0.71794
0.47825 0.719565
0.475096 0.71767
0.472417 0.721175
0.469934 0.713514
0.473443 0.709064
0.469934 0.701945
0.472969 0.698068
0.476402 0.699275
0.470231 0.690821
0.474057 0.687325
0.481667 0.686853
0.492639 0.698068
0.507381 0.69686
0.519213 0.696323
0.530583 0.693962
0.533472 0.701691
0.536563 0.700634
0.54026 0.698068
0.542694 0.691224
0.539062 0.689613
0.535536 0.690419
0.533333 0.683306
0.529375 0.680354
0.522431 0.677134
0.526528 0.672866
0.523139 0.667874
0.518704 0.670558
0.515639 0.674154
0.509327 0.678837
0.502679 0.674258
0.498906 0.672252
0.494191 0.672705
0.489375 0.674919
0.485361 0.672383
0.477969 0.672705
0.474427 0.674668
0.472083 0.679952
0.469583 0.679952
0.461806 0.682367
0.458646 0.684481
0.45575 0.680918
0.452619 0.679262
0.449167 0.679262
0.446012 0.683575
0.449135 0.68757
0.452404 0.687755
0.454877 0.691745
0.457694 0.694605
0.460833 0.693237
0.460806 0.702335
0.459191 0.708937
0.461639 0.715539
0.458306 0.719404
0.454792 0.714372
0.450568 0.709596
0.451314 0.718042
0.447344 0.716636
0.443929 0.717909
0.440595 0.710835
0.443878 0.702991
0.450417 0.694646
0.446442 0.692772
0.44326 0.689898
0.440122 0.69345
0.436759 0.692566
0.433558 0.692215
0.430032 0.695931
0.427546 0.69176
0.423805 0.694283
0.4205 0.691304
0.417417 0.693478
0.414286 0.693754
0.410306 0.69525
0.406699 0.694073
0.403437 0.693991
0.399635 0.692784
0.396583 0.688164
0.400083 0.683816
0.403155 0.68323
0.405694 0.686594
0.409167 0.686508
0.41276 0.687047
0.406985 0.678531
0.411028 0.678341
0.414167 0.677536
0.416952 0.68313
0.421094 0.681612
0.424472 0.686071
0.427292 0.681763
0.429904 0.679766
0.431528 0.686071
0.435208 0.683424
0.440472 0.684138
0.438437 0.679046
0.443194 0.67818
0.446805 0.673832
0.451429 0.671843
0.455573 0.67195
0.459167 0.673242
0.462083 0.671498
0.469583 0.667874
0.472328 0.667164
0.476198 0.664704
0.479948 0.665761
0.482599 0.668909
0.487344 0.665761
0.490694 0.667391
0.493333 0.664251
0.496936 0.665601
0.500952 0.664941
0.504071 0.66453
0.509006 0.663043
0.506094 0.670743
0.509167 0.67029
0.512303 0.668764
0.515417 0.664251
0.520625 0.662892
0.525947 0.665239
0.529427 0.665912
0.533512 0.664251
0.536442 0.663601
0.540714 0.663216
0.542083 0.669192
0.538237 0.669361
0.531562 0.672403
0.535024 0.674268
0.540865 0.675678
0.53787 0.679952
0.542279 0.682225
0.550809 0.684356
0.549792 0.677738
0.554115 0.678895
0.557917 0.677234
0.562139 0.674799
0.568095 0.674776
0.565 0.67029
0.569028 0.66723
0.573073 0.666667
0.576806 0.662399
0.571305 0.659662
0.566667 0.661836
0.562194 0.664171
0.559639 0.668357
0.55675 0.668679
0.55325 0.670612
0.549917 0.669324
0.55516 0.661929
0.551856 0.662604
0.549524 0.657867
0.552917 0.655425
0.556891 0.656354
0.559917 0.656763
0.563799 0.656365
0.567724 0.654125
0.570568 0.651845
0.574528 0.656119
0.578622 0.655797
0.581152 0.659775
0.584115 0.656552
0.587916 0.655797
0.59151 0.65625
0.594306 0.652778
0.5975 0.653382
0.600767 0.657195
0.603848 0.654092
0.607386 0.653162
0.610083 0.655958
0.613095 0.652001
0.61675 0.645974
0.620903 0.644324
0.61425 0.640821
0.616838 0.634342
0.621012 0.63492
0.623472 0.631481
0.630185 0.62708
0.634427 0.622886
0.638611 0.623725
0.64175 0.620531
0.644639 0.622464
0.647917 0.616407
0.652797 0.615252
0.65725 0.612802
0.66225 0.612802
0.668371 0.615613
0.664289 0.622265
0.659715 0.622616
0.655416 0.624396
0.65025 0.623913
0.646302 0.631038
0.641719 0.630133
0.63625 0.628824
0.63275 0.632931
0.635069 0.637077
0.638306 0.635668
0.640595 0.640442
0.643854 0.637228
0.648155 0.637509
0.652738 0.63216
0.658073 0.634662
0.662819 0.633063
0.667532 0.631457
0.673068 0.629886
0.676098 0.642402
0.670625 0.644324
0.665737 0.647064
0.662992 0.649209
0.658958 0.65006
0.654191 0.645993
0.649417 0.645652
0.646028 0.645974
0.642361 0.64694
0.644167 0.652174
0.639345 0.648723
0.636139 0.644847
0.632472 0.64533
0.630156 0.639643
0.626736 0.645129
0.629167 0.649758
0.62522 0.652671
0.631028 0.656602
0.634167 0.652692
0.637552 0.654891
0.642083 0.65735
0.646071 0.65804
0.649048 0.658212
0.653092 0.656687
0.656991 0.659957
0.663512 0.660283
0.660139 0.665056
0.656389 0.670155
0.653489 0.667723
0.650694 0.665942
0.6475 0.667184
0.644166 0.666667
0.640677 0.6641
0.637639 0.663245
0.633958 0.661685
0.630305 0.666586
0.624472 0.665459
0.627685 0.66036
0.623095 0.65873
0.615714 0.65597
0.613095 0.661491
0.607083 0.660628
0.604028 0.664171
0.607333 0.667391
0.610833 0.667421
0.616028 0.667713
0.613686 0.671962
0.608447 0.672925
0.605 0.67443
0.602153 0.669485
0.599048 0.667529
0.597381 0.661318
0.594345 0.661836
0.591887 0.667448
0.588264 0.667472
0.587538 0.662385
0.583935 0.666667
0.580046 0.670021
0.57678 0.67007
0.574735 0.674682
0.571639 0.675443
0.577404 0.678651
0.579881 0.68185
0.583102 0.676328
0.586635 0.674749
0.589805 0.67496
0.595318 0.671711
0.598942 0.675307
0.60175 0.678985
0.597528 0.681723
0.594416 0.682206
0.592019 0.67958
0.589904 0.685712
0.586845 0.68323
0.584653 0.686594
0.581891 0.686641
0.576905 0.688061
0.574083 0.683333
0.570625 0.684782
0.567788 0.683854
0.565104 0.681763
0.561667 0.683575
0.558125 0.685537
0.555083 0.688164
0.552532 0.692401
0.549881 0.693754
0.555096 0.697975
0.558333 0.69525
0.561028 0.693478
0.564167 0.692566
0.567829 0.693427
0.57175 0.693478
0.574776 0.693887
0.578558 0.693887
0.581667 0.694444
0.585 0.694445
0.58825 0.693478
0.591771 0.692482
0.59428 0.694005
0.596583 0.691707
0.599427 0.689764
0.602361 0.689613
0.60526 0.695199
0.602417 0.700725
0.59925 0.700241
0.605583 0.704106
0.608045 0.699275
0.610655 0.700138
0.615472 0.697343
0.616333 0.704589
0.613021 0.705012
0.609821 0.710145
0.60675 0.711031
0.603365 0.709866
0.599917 0.709903
0.602404 0.717113
0.599821 0.720152
0.605521 0.721467
0.608333 0.719289
0.611477 0.721893
0.616071 0.720669
0.612528 0.7157
0.615528 0.71248
0.62412 0.708803
0.626932 0.716842
0.638167 0.713043
0.641642 0.71121
0.644583 0.710346
0.647292 0.705012
0.650416 0.707126
0.653512 0.710145
0.656732 0.711098
0.647167 0.717391
0.654659 0.719916
0.656927 0.724185
0.68425 0.724638
0.694093 0.724282
0.69151 0.715278
0.685288 0.709123
0.68 0.706522
0.683358 0.702969
0.688208 0.704589
0.691789 0.705243
0.711495 0.700412
0.715 0.701691
0.711972 0.710225
0.711763 0.719156
0.712532 0.727889
0.7125 0.735507
0.712622 0.744032
0.713028 0.75306
0.71325 0.763526
0.685521 0.769928
0.692958 0.768961
0.713083 0.772544
0.713452 0.780711
0.713333 0.789855
0.714135 0.799426
0.759843 0.796349
0.759792 0.787591
0.759333 0.77657
0.743889 0.768921
0.759166 0.764492
0.759167 0.754831
0.75875 0.747956
0.758237 0.74071
0.758333 0.731884
0.758155 0.722222
0.743958 0.726047
0.732159 0.708498
0.729712 0.702991
0.734524 0.704451
0.737475 0.706237
0.741041 0.705918
0.743958 0.708937
0.758045 0.712839
0.758542 0.703704
0.756944 0.69847
0.760926 0.696994
0.775865 0.70485
0.779191 0.705811
0.7825 0.705314
0.785861 0.705072
0.789083 0.707327
0.790801 0.720457
0.803686 0.722687
0.804232 0.733346
0.803935 0.743693
0.804821 0.753968
0.805 0.762077
0.789978 0.768815
0.804881 0.770014
0.805364 0.777929
0.805156 0.786987
0.805858 0.794901
0.850833 0.793482
0.850833 0.786232
0.850952 0.778295
0.850277 0.770129
0.834083 0.765217
0.850504 0.76106
0.849687 0.751811
0.84973 0.743322
0.849166 0.734299
0.849028 0.723832
0.836071 0.718772
0.833417 0.704831
0.829926 0.703254
0.82625 0.702708
0.821833 0.703502
0.803622 0.712653
0.80325 0.70314
0.805972 0.697987
0.802864 0.69218
0.806028 0.688003
0.804028 0.682568
0.800416 0.683122
0.803848 0.67441
0.807916 0.67735
0.81375 0.673712
0.819779 0.671569
0.823694 0.671739
0.826667 0.676328
0.819653 0.680958
0.823493 0.681067
0.828942 0.682181
0.836361 0.680596
0.832426 0.677536
0.830096 0.671591
0.834828 0.667448
0.832604 0.662138
0.828972 0.663365
0.826314 0.663787
0.823523 0.662824
0.820737 0.661743
0.816887 0.66418
0.811864 0.665459
0.808333 0.665056
0.804782 0.664999
0.801337 0.659992
0.796991 0.663312
0.800573 0.67029
0.79572 0.671827
0.790694 0.677335
0.787619 0.676674
0.784028 0.677053
0.778646 0.678744
0.774047 0.678054
0.776194 0.673671
0.781103 0.673558
0.782738 0.665976
0.786071 0.668737
0.792583 0.666103
0.789479 0.664251
0.785655 0.660283
0.780481 0.660628
0.778021 0.665761
0.775156 0.66259
0.772361 0.665781
0.769647 0.670661
0.76675 0.666103
0.762972 0.664654
0.758259 0.662759
0.751574 0.663983
0.754759 0.666349
0.759762 0.669427
0.763214 0.674258
0.756593 0.675405
0.759391 0.678837
0.761472 0.685427
0.758416 0.689774
0.755972 0.685789
0.744926 0.679383
0.741667 0.678744
0.738447 0.680171
0.735655 0.678399
0.7325 0.678744
0.729027 0.677804
0.732222 0.68901
0.725417 0.687198
0.715416 0.693639
0.712132 0.69004
0.715813 0.682597
0.711074 0.680841
0.707276 0.684597
0.700833 0.685266
0.696488 0.682194
0.693333 0.679683
0.690352 0.683296
0.686527 0.682689
0.688958 0.675725
0.683854 0.678895
0.681071 0.682367
0.677538 0.686759
0.672361 0.684984
0.666972 0.685749
0.660564 0.685351
0.656991 0.690687
0.660509 0.697531
0.6575 0.700483
0.654074 0.700215
0.65075 0.695894
0.647202 0.696687
0.64375 0.700785
0.640729 0.698219
0.635583 0.698792
0.638333 0.703416
0.633667 0.707488
0.630481 0.70262
0.627083 0.701691
0.623854 0.697464
0.625893 0.690821
0.629948 0.693539
0.633472 0.693102
0.637857 0.692547
0.643305 0.690902
0.646917 0.68913
0.653021 0.689764
0.649917 0.685749
0.645893 0.681504
0.642462 0.682806
0.640032 0.684968
0.637262 0.683575
0.635694 0.677738
0.632917 0.681763
0.629028 0.684622
0.625917 0.681401
0.622528 0.682528
0.616122 0.688313
0.613139 0.691224
0.610194 0.690419
0.607147 0.688127
0.604904 0.682925
0.608452 0.680642
0.611309 0.679607
0.61375 0.681159
0.61625 0.678744
0.62099 0.672554
0.624167 0.673395
0.627528 0.672383
0.630288 0.676421
0.633045 0.67159
0.635833 0.669082
0.638631 0.673395
0.64125 0.673913
0.644028 0.675322
0.647724 0.675678
0.650655 0.675983
0.653194 0.678341
0.655119 0.682885
0.657917 0.678399
0.661309 0.674258
0.663686 0.669361
0.666688 0.668128
0.669815 0.669485
0.673056 0.670693
0.674806 0.678019
0.677917 0.675689
0.680613 0.670432
0.683681 0.669283
0.686428 0.669772
0.690729 0.669384
0.693528 0.667069
0.696397 0.670858
0.699107 0.677191
0.705352 0.670476
0.709805 0.670612
0.713407 0.672421
0.716864 0.67029
0.720028 0.666908
0.723333 0.667512
0.727083 0.667606
0.73125 0.669535
0.73522 0.668869
0.738848 0.671284
0.742864 0.669837
0.749635 0.670743
0.74617 0.665574
0.742202 0.661318
0.738014 0.661622
0.733223 0.660755
0.728554 0.659207
0.717008 0.65975
0.712697 0.662408
0.70925 0.662077
0.705972 0.66244
0.702622 0.665175
0.699338 0.665317
0.696397 0.659349
0.690952 0.660283
0.687176 0.660896
0.682868 0.661196
0.678946 0.66077
0.676302 0.665912
0.672916 0.661836
0.669134 0.653382
0.675 0.652476
0.680291 0.649517
0.685625 0.649154
0.690655 0.649241
0.695865 0.650409
0.700729 0.649456
0.70625 0.649687
0.712039 0.650585
0.717857 0.649068
0.723518 0.6511
0.729391 0.648551
0.734345 0.650104
0.739263 0.651152
0.744191 0.650966
0.749093 0.651534
0.754271 0.652023
0.759286 0.650794
0.764356 0.651625
0.769514 0.65157
0.774361 0.650483
0.780288 0.64948
0.78625 0.649666
0.791916 0.65161
0.798274 0.649758
0.805536 0.643374
0.811694 0.651127
0.817262 0.650966
0.822404 0.650595
0.827381 0.649758
0.832708 0.651369
0.838173 0.650595
0.842847 0.652174
0.838309 0.663043
0.841342 0.66774
0.844167 0.663647
0.847528 0.662238
0.850139 0.665861
0.853241 0.664251
0.856012 0.665631
0.858928 0.665114
0.862824 0.664519
0.865677 0.664855
0.868583 0.666264
0.871792 0.665821
0.876435 0.663849
0.87994 0.665804
0.883333 0.667012
0.879093 0.675405
0.875463 0.673108
0.872321 0.676328
0.86875 0.676328
0.864907 0.676463
0.853264 0.677939
0.849167 0.677234
0.84651 0.672856
0.845937 0.684179
0.851054 0.687056
0.848229 0.690972
0.850994 0.697789
0.848155 0.700828
0.848399 0.711098
0.86625 0.702899
0.87 0.702899
0.873333 0.702899
0.876972 0.701852
0.879417 0.707488
0.88072 0.719477
0.893267 0.716438
0.893842 0.728395
0.89369 0.738613
0.89425 0.746618
0.894391 0.754831
0.895083 0.763526
0.879895 0.768418
0.895556 0.791869
0.895528 0.782528
0.895329 0.773137
0.911435 0.763151
0.924424 0.765873
0.939444 0.768518
0.939531 0.777476
0.93868 0.785427
0.940417 0.789935
0.945677 0.827295
0.943 0.845411
0.943639 0.860628
0.941083 0.866425
0.938194 0.873671
0.935 0.874396
0.931544 0.874325
0.927969 0.877717
0.928035 0.885095
0.931667 0.884058
0.935 0.884058
0.938251 0.884299
0.941786 0.884576
0.944639 0.882689
0.940737 0.87709
0.943701 0.87262
0.961112 0.84889
0.954305 0.842891
0.984001 0.794445
0.983819 0.782407
0.981827 0.781401
0.98248 0.769208
0.984659 0.759442
0.981845 0.751955
0.981607 0.742409
0.980893 0.735852
0.964516 0.754026
0.966666 0.7708
0.940486 0.760467
0.938305 0.755958
0.938429 0.747213
0.937798 0.740166
0.9375 0.731884
0.937417 0.722464
0.936972 0.712319
0.924375 0.718197
0.922604 0.703653
0.918701 0.701833
0.91425 0.702013
0.910609 0.701877
0.892573 0.703964
0.895083 0.695894
0.892321 0.692892
0.895052 0.685386
0.891635 0.683854
0.896917 0.677778
0.892083 0.676673
0.893806 0.670934
0.889861 0.668277
0.88625 0.664654
0.889527 0.659984
0.893554 0.66148
0.89675 0.665137
0.900329 0.663298
0.904444 0.664385
0.908379 0.663043
0.911639 0.66401
0.908837 0.673849
0.9125 0.673913
0.915833 0.678916
0.9195 0.675483
0.923417 0.675604
0.916083 0.669646
0.914792 0.663245
0.918969 0.661518
0.922171 0.664696
0.926389 0.663848
0.929958 0.665217
0.933833 0.659662
0.936726 0.662353
0.939877 0.661196
0.943842 0.662775
0.948028 0.664171
0.951789 0.661765
0.955139 0.664788
0.958399 0.662789
0.961726 0.662526
0.965 0.661836
0.968452 0.664941
0.965885 0.6718
0.962917 0.671498
0.960417 0.673913
0.957552 0.673309
0.954722 0.676731
0.952024 0.672015
0.939962 0.671388
0.937083 0.671498
0.934583 0.67236
0.939356 0.682367
0.937143 0.682022
0.934861 0.683977
0.936012 0.693582
0.93875 0.693701
0.936666 0.702898
0.954537 0.700081
0.958214 0.699965
0.961174 0.700154
0.964583 0.699275
0.966786 0.706177
0.967667 0.719324
0.980929 0.727889
0.980545 0.7199
0.98 0.710145
0.979877 0.700554
0.997697 0.699657
0.982143 0.691684
0.979167 0.692029
0.979391 0.684597
0.97675 0.679952
0.983667 0.680676
0.980476 0.677536
0.979861 0.669807
0.982847 0.667472
0.977396 0.665761
0.971666 0.663345
0.974948 0.66093
0.979975 0.659349
0.984405 0.6608
0.987083 0.661836
0.989917 0.661916
0.992976 0.660973
0.995583 0.661111
0.995 0.671498
0.99825 0.674155
0.998472 0.663446
0.998826 0.650527
0.994654 0.648752
0.990064 0.648203
0.98514 0.648551
0.979809 0.647902
0.974237 0.649557
0.969049 0.650103
0.9641 0.65016
0.95925 0.651449
0.954405 0.652519
0.950083 0.651208
0.944378 0.650564
0.938028 0.649356
0.930348 0.649557
0.924775 0.649851
0.918603 0.649261
0.913972 0.652898
0.909093 0.649687
0.9015 0.65
0.894007 0.650037
0.889501 0.650966
0.884167 0.652001
0.879263 0.65078
0.874028 0.653704
0.868854 0.652174
0.862709 0.650664
0.854968 0.650781
0.848622 0.650966
0.865893 0.549477
0.740628 0.550121
0.692917 0.550121
0.669519 0.544314
0.665278 0.538849
0.657208 0.536111
0.651562 0.538194
0.654464 0.546411
0.661667 0.553623
0.650583 0.552898
0.646845 0.549862
0.643371 0.548419
0.639507 0.550176
0.643472 0.556965
0.639722 0.558374
0.635917 0.555153
0.632448 0.556763
0.626488 0.557281
0.622417 0.560145
0.619271 0.561594
0.615368 0.559037
0.610171 0.557758
0.60522 0.563157
0.600536 0.565217
0.596635 0.567168
0.60375 0.571256
0.599455 0.572371
0.595737 0.5746
0.592275 0.5733
0.587222 0.572732
0.583162 0.573956
0.580139 0.574074
0.57734 0.572185
0.574263 0.572557
0.569687 0.572917
0.566157 0.576221
0.562528 0.572383
0.557211 0.572928
0.552292 0.573671
0.548194 0.574879
0.542619 0.575224
0.54 0.577697
0.536378 0.575344
0.532976 0.581608
0.530096 0.57906
0.5275 0.582528
0.524491 0.578771
0.519926 0.577508
0.514926 0.57836
0.510139 0.575443
0.506583 0.57818
0.503452 0.577812
0.5 0.578049
0.497194 0.580113
0.493095 0.578847
0.489635 0.577748
0.486299 0.581628
0.48369 0.574879
0.480417 0.579408
0.477721 0.583902
0.473698 0.581824
0.469828 0.580634
0.4665 0.578744
0.461354 0.575634
0.456898 0.576087
0.451944 0.56978
0.447024 0.566425
0.442992 0.566206
0.440774 0.560559
0.43625 0.564815
0.440556 0.572464
0.441699 0.578317
0.444815 0.579576
0.447963 0.576355
0.451058 0.582218
0.454491 0.584809
0.457404 0.587607
0.45994 0.583333
0.463528 0.584944
0.466488 0.588509
0.471406 0.589372
0.475139 0.59058
0.481194 0.589936
0.483646 0.585749
0.488861 0.586715
0.491667 0.589372
0.495096 0.587235
0.49825 0.58913
0.501891 0.586678
0.505083 0.586393
0.509877 0.584044
0.513708 0.588406
0.517731 0.585615
0.521694 0.585427
0.52474 0.589825
0.522404 0.596897
0.519821 0.593858
0.516645 0.596936
0.513333 0.599034
0.510119 0.594548
0.507135 0.593146
0.500994 0.59411
0.49375 0.595225
0.488988 0.596618
0.486005 0.595411
0.481667 0.597826
0.478528 0.595572
0.475871 0.599363
0.472656 0.600091
0.469776 0.596711
0.46675 0.59686
0.46266 0.599498
0.458942 0.603029
0.46178 0.607268
0.466054 0.607346
0.469455 0.605444
0.469524 0.612319
0.474417 0.609259
0.477917 0.60628
0.480417 0.60628
0.482976 0.60628
0.486122 0.60693
0.488301 0.608231
0.49072 0.611001
0.494417 0.60628
0.491786 0.602484
0.496111 0.598027
0.498542 0.600694
0.502972 0.599758
0.50662 0.604401
0.509972 0.604589
0.513036 0.608696
0.516786 0.609731
0.519387 0.60493
0.522361 0.607488
0.526805 0.611916
0.530694 0.614197
0.535833 0.608178
0.532019 0.605258
0.528264 0.605676
0.525139 0.601852
0.527969 0.596467
0.532024 0.597826
0.536528 0.599597
0.53984 0.601728
0.543036 0.597654
0.550139 0.595612
0.547966 0.592143
0.542972 0.590258
0.538848 0.591432
0.534491 0.591251
0.530417 0.589717
0.536667 0.584023
0.541122 0.584448
0.545367 0.583759
0.548558 0.582404
0.551495 0.583049
0.555305 0.581401
0.559792 0.577748
0.563139 0.582528
0.568897 0.582339
0.5725 0.582126
0.575833 0.581608
0.578472 0.58446
0.581305 0.585588
0.584194 0.584138
0.586629 0.581357
0.589139 0.583011
0.591699 0.585749
0.594524 0.583333
0.598694 0.580274
0.602188 0.582277
0.605486 0.5781
0.609844 0.578351
0.613512 0.578847
0.617972 0.576409
0.622917 0.580228
0.627788 0.579989
0.632259 0.577485
0.626389 0.573672
0.621083 0.571981
0.616719 0.569142
0.623144 0.56906
0.625833 0.565217
0.629006 0.567168
0.6325 0.567633
0.635858 0.566425
0.640288 0.567354
0.643109 0.564753
0.647135 0.566576
0.653667 0.567633
0.643906 0.572917
0.640595 0.577122
0.636302 0.583786
0.640208 0.586655
0.643631 0.581435
0.648928 0.58109
0.654519 0.581661
0.656369 0.588337
0.651354 0.588919
0.646667 0.59058
0.643611 0.598497
0.64869 0.598861
0.653083 0.597182
0.658028 0.596538
0.659861 0.604911
0.655208 0.604921
0.650583 0.607166
0.645885 0.60779
0.639305 0.605394
0.641726 0.611974
0.63825 0.613768
0.635171 0.612035
0.632321 0.616114
0.628958 0.615338
0.623935 0.614197
0.620568 0.609903
0.616406 0.611262
0.612472 0.609259
0.603565 0.60628
0.598214 0.605763
0.595096 0.608417
0.592305 0.601691
0.595893 0.598689
0.599199 0.597269
0.603167 0.596377
0.607306 0.599114
0.610711 0.602231
0.61599 0.603563
0.621875 0.600091
0.62662 0.600778
0.631111 0.602858
0.636944 0.596752
0.633154 0.592075
0.626776 0.588291
0.621955 0.589279
0.619071 0.58482
0.615861 0.584622
0.616719 0.594354
0.613393 0.595238
0.610811 0.590071
0.607426 0.588875
0.598505 0.589159
0.593681 0.592794
0.589904 0.592438
0.587187 0.59843
0.583173 0.596711
0.578897 0.596547
0.574583 0.590278
0.570555 0.589372
0.565417 0.587302
0.560024 0.586601
0.556562 0.590127
0.553241 0.591385
0.558264 0.59682
0.561864 0.596173
0.566642 0.597116
0.571198 0.599034
0.574776 0.598755
0.580333 0.604106
0.585741 0.608025
0.578109 0.610275
0.575625 0.605878
0.567596 0.606373
0.561666 0.607622
0.558333 0.606798
0.555305 0.602335
0.551667 0.602484
0.547609 0.606598
0.543417 0.606039
0.540521 0.611262
0.543694 0.615861
0.53901 0.618206
0.53618 0.618357
0.533305 0.621175
0.528095 0.621291
0.523972 0.618277
0.519427 0.616395
0.520937 0.624396
0.516201 0.620986
0.511944 0.618894
0.508869 0.613181
0.503542 0.61252
0.500833 0.607488
0.497569 0.611111
0.499405 0.617322
0.50575 0.618921
0.508472 0.623269
0.503073 0.625604
0.500341 0.624177
0.496381 0.623633
0.493528 0.619243
0.49 0.619048
0.487981 0.623467
0.484531 0.618055
0.480466 0.616155
0.47775 0.620209
0.474083 0.621176
0.470952 0.618702
0.466771 0.618961
0.463173 0.621238
0.460737 0.623281
0.466635 0.627369
0.470083 0.629227
0.47522 0.6315
0.480139 0.631481
0.486306 0.632126
0.489962 0.634497
0.49213 0.62869
0.495189 0.633399
0.499647 0.633129
0.505312 0.632246
0.509811 0.631862
0.513333 0.627717
0.516583 0.630837
0.520114 0.631642
0.524028 0.631481
0.529805 0.632125
0.535069 0.631844
0.539861 0.631803
0.542478 0.624523
0.547824 0.622249
0.550024 0.616013
0.553843 0.618089
0.558036 0.616575
0.562812 0.618508
0.569405 0.621808
0.566861 0.614251
0.572305 0.615861
0.576071 0.616805
0.580625 0.615187
0.585069 0.617754
0.590194 0.619082
0.594391 0.616778
0.598819 0.61413
0.605694 0.614573
0.609006 0.616035
0.613045 0.617335
0.615341 0.625055
0.613611 0.630233
0.610694 0.630193
0.605556 0.632448
0.597235 0.632082
0.588928 0.629572
0.580833 0.631643
0.573125 0.629831
0.567417 0.63132
0.556771 0.633152
0.549107 0.635093
0.542857 0.635783
0.541181 0.642915
0.542847 0.647746
0.54234 0.655611
0.539226 0.655797
0.535833 0.655797
0.532381 0.656487
0.529167 0.657005
0.52625 0.657005
0.523512 0.657005
0.520947 0.651186
0.518125 0.657005
0.515492 0.654919
0.5125 0.657005
0.509167 0.655797
0.505937 0.657156
0.5025 0.656487
0.499083 0.656763
0.495417 0.656602
0.491562 0.656401
0.488456 0.656081
0.485 0.657676
0.48175 0.656763
0.478333 0.656487
0.474917 0.656763
0.472083 0.657005
0.469519 0.65654
0.460972 0.662641
0.4575 0.663734
0.453848 0.664038
0.449694 0.665298
0.446845 0.664251
0.443988 0.669082
0.441174 0.671168
0.438631 0.668737
0.435655 0.673913
0.432694 0.67496
0.428806 0.671739
0.425238 0.676328
0.422404 0.673634
0.419139 0.674316
0.416571 0.670847
0.413113 0.668016
0.409071 0.671219
0.40625 0.66891
0.40325 0.674154
0.400208 0.674919
0.396917 0.679307
0.39625 0.670847
0.399129 0.668753
0.397083 0.661836
0.401058 0.663601
0.40375 0.664251
0.406699 0.660256
0.410472 0.663688
0.41593 0.662114
0.41925 0.66401
0.422202 0.663734
0.425 0.667184
0.427917 0.664158
0.432034 0.666027
0.436083 0.664654
0.44125 0.661836
0.444323 0.65776
0.4475 0.655797
0.450917 0.656763
0.454167 0.655797
0.45766 0.655797
0.462841 0.654919
0.461058 0.650409
0.461917 0.641948
0.467202 0.635266
0.462083 0.63285
0.459097 0.632448
0.454391 0.630342
0.45025 0.630435
0.444167 0.631441
0.440595 0.627847
0.433333 0.623037
0.438102 0.619431
0.441838 0.618997
0.446823 0.616999
0.451583 0.618438
0.457031 0.618357
0.46099 0.613979
0.457292 0.609501
0.454048 0.609213
0.450655 0.610421
0.447708 0.606129
0.443917 0.609742
0.441012 0.608351
0.437381 0.606453
0.432024 0.60559
0.429444 0.610038
0.433571 0.614389
0.427139 0.6157
0.42375 0.622123
0.419583 0.617707
0.415602 0.620907
0.410737 0.616035
0.40625 0.616271
0.403528 0.614412
0.400714 0.617667
0.397689 0.614076
0.395417 0.619565
0.384583 0.623188
0.381042 0.626057
0.377083 0.622489
0.373603 0.624112
0.369485 0.621554
0.365476 0.61991
0.362738 0.616114
0.368015 0.613313
0.371771 0.613677
0.375 0.613526
0.378333 0.613009
0.381378 0.616035
0.385278 0.614332
0.388194 0.611836
0.392132 0.612745
0.395861 0.607327
0.393009 0.602523
0.398309 0.600668
0.40325 0.60008
0.406544 0.606351
0.410639 0.605556
0.413542 0.611312
0.416369 0.609558
0.422867 0.610472
0.425306 0.604911
0.429464 0.600069
0.434338 0.599389
0.437321 0.594203
0.44022 0.597968
0.443214 0.599551
0.448015 0.596547
0.451139 0.60153
0.454361 0.598148
0.457344 0.596769
0.461054 0.592143
0.452262 0.591615
0.448015 0.58717
0.444417 0.592029
0.442431 0.587359
0.438935 0.586285
0.434145 0.588927
0.429639 0.593156
0.424263 0.596154
0.42151 0.600091
0.418365 0.600427
0.413036 0.600932
0.415774 0.597999
0.41075 0.593961
0.406302 0.596014
0.40119 0.592478
0.404226 0.588682
0.399048 0.587647
0.393295 0.587286
0.396018 0.592727
0.392083 0.594548
0.387321 0.591442
0.382619 0.587819
0.377083 0.588164
0.374263 0.584262
0.379583 0.582816
0.384083 0.580918
0.387417 0.582367
0.390781 0.58288
0.394417 0.580113
0.397143 0.580918
0.401506 0.582033
0.407315 0.582662
0.410673 0.585935
0.414135 0.590951
0.417573 0.588448
0.421031 0.588673
0.425306 0.586876
0.429877 0.585322
0.43576 0.579639
0.432132 0.576655
0.427917 0.578804
0.423946 0.578502
0.419286 0.579538
0.414417 0.58285
0.411005 0.577508
0.415361 0.574799
0.42175 0.571417
0.426528 0.571659
0.430059 0.569185
0.425189 0.565327
0.420737 0.559179
0.425241 0.554602
0.42875 0.550207
0.4335 0.548551
0.430791 0.558333
0.435469 0.555254
0.439792 0.55153
0.44401 0.553744
0.446985 0.558042
0.451513 0.554983
0.458214 0.555383
0.455189 0.559618
0.457614 0.564888
0.461446 0.56401
0.465417 0.563266
0.468274 0.568668
0.473958 0.571659
0.478267 0.569603
0.483472 0.566425
0.488417 0.567874
0.494028 0.568035
0.499524 0.567633
0.505231 0.567364
0.510833 0.565821
0.515677 0.565217
0.521204 0.569109
0.526771 0.567784
0.531111 0.569847
0.533155 0.561422
0.536719 0.564764
0.541635 0.565682
0.547532 0.565496
0.5525 0.563319
0.557867 0.562447
0.56275 0.56256
0.567857 0.564009
0.572083 0.559179
0.574345 0.561594
0.578958 0.5625
0.584444 0.564613
0.589472 0.559823
0.594345 0.561249
0.596122 0.553233
0.599643 0.557281
0.604702 0.553658
0.607724 0.547101
0.61369 0.548827
0.617386 0.546662
0.62125 0.549919
0.625833 0.548712
0.632143 0.544858
0.636639 0.541304
0.638843 0.535024
0.64484 0.53744
0.642361 0.532448
0.647129 0.526167
0.651406 0.528231
0.660114 0.528656
0.663447 0.527339
0.672583 0.522625
0.669199 0.513285
0.677583 0.507971
0.671759 0.502013
0.667613 0.503074
0.662868 0.50547
0.659166 0.511171
0.664491 0.515298
0.661194 0.518277
0.657292 0.522796
0.654375 0.518418
0.650893 0.517081
0.64475 0.520209
0.63963 0.522678
0.634479 0.527023
0.627841 0.527997
0.632143 0.533471
0.62993 0.537842
0.626667 0.540718
0.623456 0.536587
0.619886 0.539855
0.616553 0.537659
0.611198 0.541063
0.605059 0.541235
0.600548 0.545321
0.595417 0.545801
0.591186 0.550074
0.587765 0.546882
0.583447 0.547321
0.585073 0.556053
0.580368 0.553637
0.575952 0.549172
0.571442 0.548774
0.568194 0.553543
0.56412 0.553274
0.559263 0.553233
0.553843 0.553274
0.54826 0.555058
0.544792 0.559179
0.541378 0.555648
0.536972 0.555636
0.530655 0.555555
0.52576 0.557189
0.521944 0.55938
0.518686 0.556392
0.513472 0.556763
0.508558 0.55825
0.503028 0.558051
0.498826 0.559398
0.494643 0.558488
0.490365 0.55933
0.484792 0.558273
0.478889 0.557568
0.474583 0.55628
0.472031 0.562198
0.468305 0.556602
0.462788 0.555277
0.472614 0.517677
0.478426 0.510869
0.483981 0.51154
0.489375 0.515097
0.494583 0.516908
0.500341 0.51592
0.505536 0.515528
0.516378 0.517558
0.521629 0.513944
0.527212 0.515329
0.532976 0.515355
0.538167 0.516425
0.543902 0.514383
0.549391 0.515329
0.554792 0.514694
0.560208 0.513486
0.565972 0.515097
0.571122 0.514214
0.579048 0.508627
0.582083 0.509022
0.587194 0.509581
0.593144 0.509772
0.598125 0.507246
0.603977 0.50538
0.609417 0.50314
0.614263 0.496934
0.620113 0.498573
0.631705 0.49462
0.648854 0.504529
0.654445 0.500805
0.660104 0.497283
0.665568 0.490448
0.673177 0.490187
0.675937 0.497434
0.678897 0.494672
0.682593 0.494766
0.685613 0.488704
0.689305 0.486111
0.68766 0.480583
0.683854 0.480223
0.680972 0.485588
0.677008 0.479029
0.670568 0.472222
0.681806 0.470344
0.670466 0.444657
0.656495 0.453467
0.64675 0.456763
0.63724 0.459692
0.627083 0.457071
0.62244 0.460605
0.625592 0.464976
0.617083 0.469807
0.608959 0.468297
0.597321 0.454106
0.59425 0.455797
0.596732 0.463323
0.595096 0.471665
0.598305 0.473671
0.595179 0.480331
0.598333 0.481884
0.607847 0.494766
0.602188 0.497434
0.596786 0.49931
0.591607 0.501725
0.586401 0.498353
0.57537 0.506575
0.569904 0.504924
0.564583 0.506211
0.559391 0.504366
0.553878 0.50511
0.548472 0.504428
0.542993 0.50516
0.537788 0.506596
0.532147 0.504366
0.527008 0.50516
0.521083 0.500966
0.51619 0.506384
0.51075 0.510145
0.505492 0.50516
0.5 0.506039
0.494643 0.506384
0.489583 0.505314
0.47322 0.506478
0.467778 0.511406
0.462188 0.512077
0.456979 0.511171
0.451389 0.51154
0.446139 0.509581
0.440917 0.508937
0.432829 0.508835
0.422328 0.506039
0.412008 0.49989
0.423988 0.479814
0.443512 0.468426
0.462708 0.481129
0.459861 0.475242
0.462679 0.471014
0.461805 0.463097
0.462083 0.454509
0.463694 0.445813
0.459427 0.44852
0.455333 0.446618
0.449167 0.444617
0.443861 0.444686
0.446305 0.435829
0.441071 0.430469
0.444583 0.425792
0.448701 0.42576
0.454115 0.425574
0.458906 0.423007
0.463417 0.424879
0.461042 0.430354
0.463505 0.436701
0.468333 0.437198
0.467019 0.428001
0.46984 0.426886
0.472993 0.42567
0.476635 0.426514
0.480038 0.426329
0.482431 0.422907
0.487656 0.421347
0.491094 0.42029
0.496194 0.424879
0.499917 0.426167
0.502583 0.429549
0.497181 0.432864
0.493148 0.430086
0.490038 0.428085
0.484776 0.428558
0.488083 0.434219
0.479584 0.445169
0.473385 0.447011
0.485167 0.458696
0.489305 0.445652
0.495353 0.447138
0.503542 0.45157
0.512596 0.447324
0.519881 0.450656
0.534762 0.449103
0.538223 0.451754
0.541146 0.446558
0.548658 0.446994
0.54026 0.459692
0.537917 0.464976
0.540179 0.471014
0.5375 0.475845
0.540073 0.481316
0.573055 0.471954
0.5615 0.466667
0.562472 0.448229
0.579208 0.451328
0.589375 0.447766
0.593489 0.447162
0.597454 0.443908
0.601736 0.440419
0.596805 0.434648
0.593194 0.42971
0.598558 0.427815
0.602212 0.43023
0.604828 0.426186
0.61276 0.419384
0.625139 0.411165
0.62818 0.401792
0.632215 0.39925
0.636856 0.392292
0.633942 0.384708
0.6405 0.380918
0.643371 0.37209
0.638148 0.369968
0.628869 0.375086
0.620476 0.38009
0.616305 0.378502
0.612083 0.375431
0.60875 0.371981
0.615139 0.370773
0.619694 0.368357
0.623558 0.37003
0.626406 0.362923
0.622619 0.361284
0.618674 0.358037
0.617083 0.363929
0.614375 0.361916
0.610809 0.363526
0.607639 0.361433
0.604364 0.364925
0.598625 0.36413
0.595083 0.363365
0.591667 0.360593
0.585515 0.361537
0.581299 0.362532
0.577315 0.36621
0.573694 0.369646
0.571378 0.365942
0.568407 0.366226
0.564968 0.368729
0.562014 0.367552
0.558972 0.370934
0.555038 0.368577
0.552689 0.373847
0.549219 0.371377
0.545929 0.374117
0.54234 0.374489
0.539904 0.371888
0.537344 0.37032
0.534062 0.372434
0.531583 0.375765
0.528333 0.377214
0.523361 0.376248
0.520972 0.371417
0.526012 0.373361
0.529236 0.369163
0.525297 0.365079
0.530903 0.36252
0.535714 0.359386
0.540956 0.360969
0.546186 0.364827
0.550486 0.360708
0.55516 0.356466
0.560194 0.361755
0.565224 0.360739
0.570189 0.356719
0.574792 0.360507
0.579305 0.355475
0.58475 0.352093
0.58925 0.353865
0.594676 0.351449
0.599387 0.354433
0.602396 0.358243
0.605809 0.353012
0.609791 0.351751
0.61526 0.352053
0.618805 0.350483
0.6225 0.353865
0.625583 0.352415
0.628489 0.354318
0.63125 0.349235
0.63489 0.357297
0.641898 0.35789
0.646634 0.358324
0.645417 0.347343
0.651296 0.345813
0.647976 0.336439
0.655476 0.328675
0.651369 0.327812
0.642847 0.33132
0.638456 0.336814
0.634062 0.338466
0.628139 0.341143
0.62243 0.343398
0.616614 0.341334
0.613173 0.336956
0.610465 0.341929
0.606472 0.343398
0.601389 0.343934
0.596964 0.342305
0.593365 0.338257
0.591305 0.344203
0.586991 0.340445
0.58275 0.345652
0.580417 0.345411
0.575833 0.348732
0.57234 0.343645
0.569107 0.336094
0.575104 0.33756
0.579975 0.335251
0.584776 0.334913
0.590809 0.332125
0.596012 0.329538
0.599286 0.335231
0.605 0.334903
0.602014 0.3281
0.607462 0.326416
0.611058 0.330267
0.61619 0.329192
0.61869 0.329883
0.621691 0.334967
0.625737 0.332126
0.629167 0.330012
0.632222 0.326221
0.635639 0.32504
0.639387 0.325021
0.641562 0.319142
0.645364 0.320501
0.652468 0.318562
0.657377 0.316922
0.66075 0.310145
0.654907 0.303274
0.65875 0.30038
0.662992 0.299407
0.666699 0.294036
0.664135 0.290877
0.660625 0.290761
0.656369 0.292443
0.650312 0.297705
0.645515 0.301719
0.651406 0.307367
0.647812 0.310537
0.643995 0.310671
0.640357 0.307626
0.637083 0.312944
0.632039 0.315853
0.627972 0.31876
0.623611 0.324477
0.61325 0.322222
0.61875 0.317978
0.623558 0.313545
0.628658 0.307971
0.633809 0.305038
0.639129 0.297211
0.644053 0.2926
0.649356 0.287989
0.654886 0.282938
0.663045 0.282702
0.666667 0.285024
0.670028 0.284783
0.665486 0.27496
0.66 0.275161
0.655269 0.245877
0.638068 0.256367
0.626667 0.257073
0.609479 0.255735
0.559998 0.22849
0.399356 0.249996
0.351081 0.241049
0.343889 0.267713
0.338066 0.27727
0.342917 0.288325
0.346635 0.278614
0.350417 0.278766
0.350556 0.286232
0.355469 0.286383
0.366838 0.289216
0.360241 0.294114
0.353162 0.295752
0.347239 0.298913
0.356083 0.302496
0.359779 0.305413
0.350231 0.309447
0.355305 0.314412
0.351991 0.317633
0.358048 0.321192
0.354417 0.327657
0.360364 0.331673
0.365795 0.326636
0.369048 0.330918
0.372306 0.334702
0.375764 0.337158
0.379263 0.338443
0.382404 0.338815
0.387679 0.335404
0.392239 0.335447
0.398417 0.333575
0.39463 0.328905
0.390032 0.326551
0.386875 0.325483
0.384391 0.329896
0.381146 0.327597
0.37575 0.328261
0.378694 0.32182
0.374904 0.31819
0.372031 0.321256
0.36875 0.318438
0.363393 0.319876
0.365861 0.313607
0.363211 0.308397
0.368083 0.307367
0.371194 0.304911
0.37473 0.30925
0.378068 0.312802
0.381776 0.314327
0.386845 0.316943
0.392404 0.320606
0.398267 0.324116
0.40375 0.325634
0.408045 0.327666
0.403068 0.332784
0.405714 0.337129
0.409583 0.33324
0.412667 0.329952
0.415486 0.33132
0.420694 0.332126
0.425625 0.331924
0.431139 0.333736
0.427528 0.339372
0.422981 0.338815
0.417276 0.3377
0.411378 0.339744
0.414327 0.342902
0.419635 0.344958
0.424028 0.348873
0.428906 0.349336
0.432303 0.344966
0.43835 0.342084
0.435833 0.338933
0.441132 0.336402
0.444408 0.341533
0.448625 0.339613
0.453048 0.340262
0.455737 0.342902
0.459195 0.340338
0.464485 0.341929
0.469583 0.342423
0.475161 0.342716
0.473694 0.349678
0.479427 0.348279
0.481763 0.343088
0.486131 0.344548
0.490741 0.347289
0.495695 0.347746
0.498833 0.348309
0.501111 0.352053
0.49463 0.358159
0.499528 0.359823
0.504053 0.358256
0.506389 0.35467
0.510306 0.351771
0.503403 0.34541
0.508264 0.345008
0.514213 0.345276
0.519139 0.34533
0.525195 0.345008
0.530573 0.345561
0.535555 0.347021
0.538667 0.342512
0.54256 0.344375
0.547028 0.34372
0.55234 0.340301
0.555481 0.345875
0.559048 0.342305
0.563109 0.339744
0.566553 0.344203
0.570288 0.348476
0.56625 0.351622
0.561806 0.351248
0.558403 0.352053
0.551827 0.350334
0.549135 0.35275
0.545573 0.354167
0.539968 0.350892
0.532083 0.35352
0.527833 0.352899
0.525096 0.355723
0.52125 0.352848
0.51619 0.353692
0.513819 0.358494
0.519305 0.362587
0.514643 0.366805
0.509877 0.364095
0.509821 0.375431
0.504472 0.366908
0.500104 0.369414
0.496378 0.367428
0.492083 0.36715
0.487961 0.37001
0.484653 0.364734
0.489375 0.358847
0.484583 0.35477
0.479583 0.358256
0.475139 0.356924
0.469792 0.353865
0.465947 0.350351
0.461186 0.346804
0.457639 0.350644
0.46375 0.356798
0.459711 0.357952
0.454028 0.355153
0.448946 0.350028
0.443472 0.349839
0.438583 0.353221
0.434583 0.357417
0.443109 0.359996
0.449191 0.361111
0.445917 0.36256
0.439926 0.363811
0.436805 0.365942
0.433958 0.370924
0.43975 0.374316
0.442639 0.369968
0.445801 0.371516
0.449635 0.370471
0.452788 0.369287
0.455545 0.368357
0.459643 0.370428
0.46225 0.369002
0.467361 0.369485
0.46994 0.364907
0.474861 0.367069
0.47825 0.369163
0.481667 0.369565
0.484844 0.375151
0.481805 0.378824
0.47825 0.378985
0.475224 0.379134
0.472431 0.383454
0.468958 0.381944
0.472917 0.374396
0.470224 0.374117
0.465662 0.378303
0.462377 0.379156
0.457083 0.377536
0.45125 0.378882
0.447694 0.378824
0.443794 0.379926
0.439896 0.384511
0.434806 0.383011
0.436861 0.377858
0.431472 0.37657
0.42875 0.376812
0.42631 0.375949
0.423542 0.379026
0.419643 0.376984
0.416042 0.380284
0.412528 0.377536
0.406639 0.380113
0.404114 0.386926
0.399917 0.381401
0.396875 0.382699
0.393819 0.378221
0.391406 0.383303
0.388681 0.381844
0.385861 0.385588
0.382596 0.384337
0.37975 0.382609
0.376786 0.38216
0.375265 0.375165
0.379881 0.374569
0.384219 0.37651
0.387386 0.375384
0.390417 0.370915
0.393417 0.369324
0.396694 0.372222
0.400319 0.372194
0.403704 0.375872
0.408639 0.37351
0.411506 0.369472
0.414323 0.368508
0.41875 0.369068
0.423792 0.369324
0.428917 0.367874
0.431789 0.3631
0.42825 0.359662
0.425 0.359903
0.421861 0.358857
0.418437 0.35477
0.414408 0.3545
0.411562 0.356129
0.408301 0.356652
0.405486 0.358494
0.409405 0.364389
0.405573 0.367452
0.402426 0.363242
0.398833 0.362802
0.394531 0.36096
0.390833 0.360421
0.387431 0.36091
0.38475 0.355314
0.388571 0.353002
0.392917 0.352657
0.397619 0.353002
0.400833 0.352657
0.404194 0.352093
0.408407 0.347187
0.403125 0.342995
0.398361 0.34227
0.394199 0.34476
0.390417 0.346273
0.386361 0.34372
0.383958 0.348229
0.38125 0.350242
0.378528 0.35161
0.376629 0.346618
0.372468 0.345875
0.36901 0.344203
0.363403 0.339775
0.359583 0.339929
0.356162 0.337084
0.358472 0.34839
0.361667 0.348344
0.364821 0.348689
0.373622 0.352564
0.375833 0.357488
0.370602 0.357085
0.366593 0.355712
0.361861 0.357568
0.363946 0.363526
0.367969 0.364885
0.373594 0.363074
0.377972 0.363204
0.381042 0.359601
0.384167 0.364217
0.387083 0.368357
0.381917 0.369968
0.3775 0.371176
0.373583 0.37029
0.370417 0.37191
0.36525 0.372061
0.3675 0.378019
0.370865 0.380806
0.37375 0.382448
0.369327 0.387495
0.372468 0.389725
0.376597 0.389895
0.380119 0.390787
0.383472 0.393156
0.387972 0.391546
0.390994 0.393999
0.39401 0.390399
0.396955 0.393999
0.399702 0.391822
0.401891 0.397157
0.405937 0.394777
0.409762 0.39717
0.412981 0.398086
0.41525 0.398551
0.417656 0.402023
0.420333 0.403865
0.422708 0.401168
0.425609 0.406262
0.429219 0.406099
0.433694 0.407971
0.437917 0.410131
0.441472 0.40781
0.445298 0.410628
0.44875 0.405797
0.452139 0.401208
0.456378 0.401431
0.459792 0.403834
0.463333 0.405797
0.466972 0.406844
0.470083 0.408454
0.473301 0.408863
0.476544 0.410273
0.479926 0.407431
0.483333 0.405797
0.486726 0.404762
0.490178 0.399586
0.492981 0.405147
0.49657 0.407191
0.499139 0.408293
0.5025 0.409179
0.50516 0.407934
0.508177 0.410175
0.510805 0.407327
0.514338 0.409704
0.517426 0.411978
0.520208 0.409118
0.524135 0.402546
0.526861 0.404106
0.529926 0.402458
0.533393 0.404244
0.536694 0.402979
0.539199 0.40013
0.541667 0.397746
0.545417 0.396228
0.549861 0.391868
0.546305 0.388003
0.541667 0.389406
0.538028 0.391224
0.534896 0.394324
0.531639 0.392834
0.528194 0.392995
0.525178 0.39372
0.521763 0.39437
0.51993 0.398148
0.516442 0.397715
0.512024 0.398896
0.506111 0.39788
0.500972 0.397182
0.497083 0.395945
0.492176 0.392646
0.487417 0.393478
0.484167 0.396135
0.48099 0.397192
0.477857 0.397688
0.475059 0.398033
0.472276 0.399573
0.468897 0.399332
0.462865 0.396739
0.45875 0.393586
0.454427 0.392965
0.45075 0.394444
0.447847 0.397746
0.443583 0.401852
0.439583 0.397645
0.435476 0.399413
0.431548 0.400276
0.428988 0.39579
0.425 0.39579
0.421201 0.393507
0.41625 0.391649
0.411629 0.390975
0.409531 0.385115
0.4135 0.385024
0.418365 0.38731
0.420972 0.384662
0.424735 0.386803
0.429083 0.386554
0.432235 0.386364
0.433264 0.393317
0.437181 0.390381
0.44375 0.391304
0.447841 0.389218
0.450764 0.387279
0.454542 0.383816
0.459028 0.384192
0.463113 0.388676
0.467268 0.390767
0.471094 0.390851
0.475417 0.388889
0.479583 0.387815
0.483701 0.386829
0.487522 0.382977
0.493611 0.384863
0.498365 0.380063
0.502813 0.387983
0.509632 0.388249
0.515096 0.391397
0.520139 0.383172
0.522833 0.386957
0.525833 0.384576
0.529639 0.384299
0.533417 0.384299
0.536458 0.382397
0.539806 0.382045
0.543814 0.38155
0.547976 0.380607
0.550861 0.382528
0.554306 0.382246
0.558125 0.386071
0.553365 0.389353
0.554583 0.396026
0.557361 0.393116
0.561074 0.392766
0.565092 0.392244
0.573045 0.39437
0.570833 0.389291
0.568305 0.387037
0.564821 0.382505
0.560677 0.38119
0.556763 0.377834
0.562788 0.37579
0.566726 0.375604
0.569881 0.376639
0.572276 0.381178
0.574583 0.386301
0.577321 0.390442
0.580074 0.393222
0.584047 0.394928
0.587583 0.392673
0.590352 0.396414
0.593109 0.396786
0.59494 0.391822
0.598854 0.39221
0.604271 0.388738
0.602083 0.381562
0.597917 0.38285
0.592972 0.382367
0.590472 0.387037
0.584968 0.385823
0.581389 0.382045
0.578073 0.378472
0.575069 0.376208
0.580573 0.371981
0.583917 0.369968
0.588365 0.369844
0.585179 0.377157
0.58875 0.379692
0.594286 0.374914
0.5975 0.374396
0.600694 0.373188
0.604427 0.373641
0.606488 0.38009
0.609694 0.381884
0.613155 0.385093
0.618472 0.388889
0.616333 0.395169
0.610171 0.392512
0.607583 0.399919
0.603583 0.397665
0.597377 0.3999
0.592569 0.404187
0.588109 0.403846
0.584687 0.403382
0.579464 0.404072
0.576667 0.402023
0.573542 0.40157
0.569844 0.399909
0.566827 0.400316
0.564263 0.404404
0.560361 0.405072
0.557864 0.401117
0.553417 0.402013
0.549881 0.400449
0.547083 0.401076
0.541932 0.407005
0.54575 0.408454
0.548972 0.411353
0.551635 0.413136
0.554711 0.412393
0.557187 0.411836
0.560265 0.41513
0.563287 0.416935
0.566806 0.41197
0.57025 0.412158
0.574805 0.41087
0.578064 0.413683
0.581898 0.412104
0.586343 0.412372
0.59119 0.412698
0.594528 0.409742
0.596917 0.408696
0.600289 0.407005
0.604375 0.406099
0.612689 0.407005
0.608861 0.409742
0.605224 0.414809
0.596186 0.421312
0.593371 0.421058
0.589694 0.425845
0.585417 0.425466
0.581699 0.425214
0.578523 0.426768
0.573021 0.418176
0.568805 0.421981
0.564391 0.427257
0.560066 0.426328
0.553809 0.424948
0.549213 0.425121
0.545602 0.429281
0.54125 0.43246
0.539712 0.438034
0.538214 0.426846
0.534464 0.426501
0.531058 0.425585
0.526852 0.425658
0.53428 0.418204
0.540677 0.422101
0.545956 0.417803
0.542583 0.415217
0.539093 0.41212
0.535972 0.412802
0.531488 0.412698
0.528512 0.413389
0.524968 0.413694
0.520952 0.419427
0.518472 0.42351
0.521607 0.429607
0.518494 0.43246
0.515 0.432971
0.512083 0.432367
0.508972 0.43132
0.505994 0.427629
0.512917 0.424258
0.515677 0.421045
0.511806 0.416667
0.508652 0.420361
0.504975 0.418798
0.502212 0.417596
0.498701 0.417235
0.494896 0.416667
0.492147 0.412765
0.488906 0.41093
0.483177 0.415006
0.478878 0.416481
0.473972 0.417311
0.469881 0.417702
0.466955 0.417596
0.463102 0.415727
0.459534 0.412404
0.455865 0.412951
0.453083 0.409581
0.450472 0.414895
0.447083 0.41727
0.443036 0.416667
0.440364 0.419384
0.437475 0.421924
0.43494 0.416149
0.431495 0.415956
0.428125 0.415157
0.422731 0.411433
0.418594 0.413194
0.414821 0.415114
0.411309 0.414424
0.414464 0.407177
0.410833 0.406315
0.407639 0.4062
0.404776 0.409606
0.400305 0.407649
0.403571 0.402346
0.39775 0.402174
0.393861 0.400886
0.388456 0.400895
0.385194 0.400564
0.381763 0.401617
0.378988 0.398551
0.375714 0.396653
0.372139 0.397504
0.372724 0.405518
0.375899 0.40675
0.379083 0.408454
0.382679 0.40942
0.385417 0.410628
0.388155 0.410628
0.391361 0.4062
0.395194 0.40942
0.39125 0.415157
0.385625 0.419686
0.388214 0.42098
0.390347 0.425523
0.394191 0.419224
0.397792 0.415942
0.402583 0.4157
0.400903 0.421498
0.404427 0.424668
0.399028 0.427295
0.401528 0.434917
0.405548 0.433193
0.410613 0.432864
0.412083 0.423779
0.415795 0.424791
0.420472 0.423913
0.425466 0.421498
0.42901 0.424366
0.434048 0.426328
0.43125 0.432832
0.426593 0.434143
0.437546 0.440687
0.431827 0.449926
0.425613 0.449346
0.415774 0.44617
0.406642 0.443663
0.403301 0.44528
0.405655 0.456004
0.372475 0.45844
0.334583 0.439503
0.326389 0.47343
0.319444 0.481077
0.328988 0.483782
0.3325 0.483092
0.32484 0.492661
0.33375 0.493206
0.337981 0.491917
0.343162 0.499503
0.339375 0.502214
0.335809 0.501634
0.328861 0.502496
0.331726 0.51156
0.334364 0.516717
0.338809 0.514838
0.345893 0.512595
0.342917 0.508454
0.349263 0.507711
0.353333 0.513889
0.356442 0.52016
0.359861 0.520531
0.365073 0.523941
0.36994 0.52795
0.373214 0.532609
0.376786 0.533299
0.381477 0.534805
0.38425 0.53913
0.387917 0.537278
0.392656 0.540912
0.397656 0.541968
0.400224 0.54673
0.404881 0.543823
0.40869 0.549689
0.411736 0.545089
0.416186 0.548216
0.422462 0.547101
0.419306 0.552898
0.414199 0.555463
0.410288 0.55602
0.404583 0.55465
0.399968 0.557692
0.404352 0.565754
0.409338 0.56543
0.415032 0.56531
0.412262 0.569876
0.406972 0.572383
0.404167 0.577295
0.399962 0.572354
0.393611 0.570988
0.389821 0.574189
0.386786 0.572981
0.382552 0.573973
0.378889 0.575282
0.376094 0.575936
0.372396 0.578049
0.369142 0.579781
0.367139 0.585427
0.364904 0.590022
0.361615 0.592089
0.357222 0.593599
0.354881 0.590752
0.351528 0.594605
0.348686 0.59411
0.345059 0.595928
0.339391 0.598383
0.342037 0.601047
0.346944 0.602657
0.350319 0.603652
0.354305 0.600242
0.358861 0.60008
0.361771 0.602053
0.364917 0.598792
0.368542 0.594505
0.371481 0.590177
0.374643 0.594375
0.378977 0.594313
0.382679 0.596618
0.387679 0.601104
0.38516 0.603958
0.381583 0.605233
0.378333 0.603865
0.374583 0.603865
0.370899 0.602911
0.367679 0.603865
0.364583 0.608696
0.360139 0.610547
0.356667 0.606798
0.35349 0.610054
0.348365 0.611576
0.346506 0.617336
0.351103 0.615303
0.356875 0.61564
0.359821 0.62129
0.354524 0.621808
0.349583 0.624396
0.344139 0.622303
0.340046 0.62547
0.334508 0.631203
0.329345 0.624569
0.322468 0.629227
0.313429 0.629227
0.320046 0.619163
0.325046 0.619297
0.327917 0.61564
0.331194 0.613124
0.334194 0.616667
0.336667 0.620083
0.339861 0.616948
0.341887 0.611466
0.344792 0.608696
0.337697 0.607615
0.333583 0.605878
0.328021 0.606129
0.3225 0.608696
0.316139 0.613929
0.310871 0.616491
0.306891 0.620123
0.302583 0.61715
0.2975 0.617322
0.285 0.622464
0.291719 0.612168
0.299583 0.601248
0.306354 0.603714
0.311786 0.604555
0.319199 0.602099
0.325 0.597826
0.315865 0.595596
0.309199 0.591509
0.313429 0.585006
0.320221 0.588448
0.323361 0.578502
0.327788 0.585749
0.330729 0.593901
0.335476 0.59472
0.341583 0.588164
0.346635 0.586492
0.352305 0.585427
0.35625 0.581824
0.359048 0.586266
0.363095 0.582643
0.360694 0.579509
0.364978 0.57507
0.359926 0.572961
0.355476 0.572119
0.353274 0.575914
0.348214 0.576777
0.34375 0.576248
0.337917 0.581263
0.331495 0.57836
0.334375 0.570652
0.340673 0.567354
0.346103 0.565714
0.350324 0.568975
0.352361 0.563365
0.357262 0.567288
0.36125 0.564182
0.36401 0.565821
0.367083 0.563365
0.368512 0.571083
0.370972 0.566828
0.374083 0.567391
0.377417 0.565137
0.381028 0.56562
0.385492 0.565986
0.384083 0.559823
0.388333 0.562284
0.39125 0.564381
0.394323 0.558273
0.39725 0.552657
0.391823 0.548913
0.38868 0.553744
0.383211 0.55108
0.386667 0.546699
0.379485 0.542839
0.374583 0.541868
0.370694 0.540056
0.366917 0.536795
0.363988 0.534506
0.360347 0.532005
0.35657 0.528893
0.352083 0.526499
0.34924 0.520389
0.345737 0.522018
0.340463 0.524825
0.336094 0.525211
0.337969 0.533967
0.340956 0.53815
0.343972 0.537117
0.348889 0.534219
0.354107 0.537095
0.35875 0.540718
0.351488 0.543823
0.346691 0.54426
0.356012 0.547619
0.359485 0.551222
0.362694 0.547746
0.366571 0.54803
0.371406 0.548762
0.37739 0.552314
0.374276 0.557399
0.370929 0.558064
0.368452 0.554865
0.364352 0.555824
0.359226 0.559524
0.355809 0.558894
0.352972 0.552737
0.348794 0.557272
0.345241 0.553839
0.341615 0.54846
0.332569 0.550725
0.32075 0.550966
0.312083 0.549919
0.302028 0.550161
0.293139 0.551127
0.283403 0.550725
0.272966 0.550511
0.259375 0.55012
0.237753 0.550236
0.191111 0.550312
0.138221 0.548416
0.112529 0.547745
0.0989583 0.547403
0.0845144 0.547096
0.0683348 0.547818
0.0456128 0.547527
0.030943 0.547353
0.00977939 0.547241
0.00130952 0.651139
0.00609848 0.652284
0.0108333 0.65
0.0170833 0.649586
0.0216346 0.657655
0.0266912 0.649829
0.0329808 0.650409
0.0385417 0.650564
0.0444318 0.651406
0.0508578 0.649971
0.0575695 0.649558
0.0634722 0.651168
0.069375 0.65157
0.0754167 0.650409
0.0816346 0.651338
0.0869167 0.650725
0.0922115 0.650966
0.0985714 0.649586
0.104635 0.650362
0.110737 0.65078
0.115917 0.649759
0.120764 0.65157
0.125833 0.650483
0.130625 0.652174
0.135861 0.653704
0.140865 0.651152
0.145861 0.651771
0.15119 0.652346
0.156827 0.651152
0.162969 0.651268
0.169583 0.650966
0.177679 0.651139
0.184236 0.650362
0.189199 0.651524
0.194167 0.649275
0.199167 0.651168
0.204833 0.650483
0.210096 0.651152
0.216759 0.649222
0.224236 0.650161
0.229 0.650242
0.237328 0.648693
0.243045 0.650409
0.252824 0.649087
0.258902 0.647233
0.264306 0.648349
0.269053 0.649649
0.273814 0.645578
0.279583 0.64948
0.283667 0.645894
0.289167 0.649557
0.293417 0.642029
0.297361 0.65
0.302812 0.644927
0.307976 0.649241
0.313237 0.64948
0.318472 0.651771
0.323802 0.649305
0.328977 0.649209
0.334583 0.648551
0.339286 0.647688
0.343972 0.643881
0.348167 0.645169
0.352019 0.646135
0.35619 0.647688
0.359643 0.640269
0.36625 0.642233
0.368833 0.640821
0.371122 0.641304
0.373333 0.636473
0.367694 0.633575
0.366186 0.627741
0.370861 0.629549
0.375917 0.632609
0.379115 0.632699
0.384205 0.633619
0.38725 0.630837
0.393173 0.631457
0.396528 0.630435
0.400595 0.629054
0.404356 0.629666
0.409333 0.630918
0.415066 0.632151
0.418958 0.627415
0.421639 0.633253
0.425319 0.632495
0.428946 0.628658
0.431875 0.633303
0.436333 0.630676
0.43925 0.635829
0.441042 0.652778
0.438237 0.656726
0.434917 0.656763
0.431667 0.657005
0.428452 0.656487
0.424671 0.656814
0.420298 0.655625
0.416763 0.654125
0.413437 0.655646
0.409531 0.655646
0.405156 0.653834
0.401667 0.654589
0.398826 0.65426
0.395972 0.65318
0.387861 0.650322
0.387573 0.64031
0.382222 0.641908
0.379101 0.643465
0.376094 0.643267
0.372992 0.647014
0.36875 0.649758
0.364583 0.653899
0.361763 0.656726
0.36525 0.664251
0.368452 0.666149
0.371305 0.665137
0.374405 0.661491
0.368095 0.657867
0.371667 0.655107
0.374904 0.652453
0.377656 0.655646
0.381435 0.652174
0.380069 0.660427
0.383036 0.662526
0.387972 0.665942
0.380319 0.668869
0.376528 0.667606
0.373064 0.672563
0.367008 0.673584
0.36925 0.677214
0.371667 0.681677
0.374647 0.680695
0.377014 0.680757
0.380833 0.680469
0.378371 0.67556
0.383796 0.673242
0.386845 0.678917
0.387765 0.686978
0.378558 0.68887
0.375737 0.691843
0.378237 0.697789
0.374167 0.696618
0.369514 0.691224
0.366122 0.684411
0.360639 0.688325
0.355 0.686853
0.347125 0.687077
0.35525 0.696377
0.347532 0.704664
0.356028 0.7157
0.3475 0.721014
0.330602 0.73014
0.327194 0.707649
0.318292 0.70471
0.322778 0.683776
0.318583 0.680918
0.314972 0.683333
0.31125 0.680378
0.305787 0.687735
0.29734 0.687012
0.295156 0.680254
0.290536 0.677019
0.294083 0.671256
0.297708 0.673913
0.301361 0.669324
0.304479 0.672705
0.308842 0.674584
0.313136 0.671815
0.316488 0.673741
0.32131 0.675638
0.325515 0.678673
0.329167 0.683172
0.335119 0.679952
0.332194 0.678341
0.328618 0.672832
0.332083 0.668753
0.336601 0.669273
0.340861 0.673993
0.346955 0.676421
0.344802 0.668128
0.34826 0.666169
0.351806 0.666063
0.35494 0.666667
0.358667 0.661111
0.354635 0.657911
0.350917 0.656441
0.345926 0.656468
0.340972 0.66095
0.336417 0.659903
0.333437 0.660628
0.329948 0.661232
0.326875 0.661383
0.322622 0.660344
0.324323 0.667723
0.319583 0.665713
0.316343 0.663043
0.313361 0.660467
0.310677 0.662892
0.307865 0.665459
0.303333 0.661836
0.298819 0.660024
0.297847 0.666063
0.294681 0.661907
0.290833 0.659938
0.285417 0.661232
0.290417 0.667874
0.286827 0.668989
0.283194 0.669968
0.278565 0.671229
0.275083 0.671739
0.272305 0.666264
0.278882 0.662153
0.274896 0.659873
0.269387 0.661196
0.264028 0.660829
0.266098 0.6648
0.261506 0.665645
0.25843 0.667503
0.255556 0.66244
0.251528 0.662399
0.247976 0.65735
0.243806 0.662399
0.240937 0.666968
0.237917 0.669295
0.232917 0.68105
0.225167 0.685024
0.221429 0.680124
0.216299 0.676257
0.219496 0.672578
0.223796 0.672168
0.226823 0.675574
0.230046 0.675389
0.232147 0.668803
0.235032 0.665831
0.23225 0.658212
0.228854 0.665157
0.225504 0.662662
0.221397 0.661907
0.217037 0.663446
0.21349 0.66712
0.210022 0.66762
0.206635 0.66806
0.205052 0.66093
0.201667 0.662641
0.19511 0.666094
0.198068 0.666996
0.200917 0.671739
0.204028 0.672866
0.201694 0.681079
0.204135 0.684783
0.199455 0.685712
0.195737 0.684039
0.186326 0.682148
0.182034 0.678389
0.177917 0.680757
0.17375 0.680236
0.169345 0.679952
0.171343 0.670961
0.175083 0.671256
0.178333 0.671498
0.181562 0.668931
0.185417 0.671142
0.19174 0.667448
0.188 0.6657
0.183554 0.662333
0.178594 0.662289
0.175114 0.663263
0.172417 0.659984
0.167824 0.665861
0.164194 0.667874
0.160987 0.664569
0.157311 0.661067
0.154028 0.665459
0.150855 0.66584
0.15725 0.668679
0.158542 0.674919
0.15484 0.675678
0.157171 0.684274
0.152656 0.68282
0.145231 0.681025
0.139583 0.679208
0.134978 0.67779
0.130361 0.677214
0.127215 0.676011
0.132596 0.671033
0.135937 0.668025
0.138972 0.669968
0.142798 0.668564
0.147321 0.666264
0.140156 0.662288
0.132694 0.66256
0.129093 0.665033
0.125833 0.66358
0.122619 0.665804
0.124189 0.675121
0.122 0.6843
0.113494 0.684411
0.109861 0.687198
0.1075 0.687198
0.105536 0.677536
0.109833 0.675241
0.113095 0.672015
0.118667 0.666425
0.114671 0.663425
0.110365 0.663043
0.107426 0.665175
0.104167 0.664922
0.100833 0.666667
0.0973397 0.664716
0.0944167 0.663204
0.0885937 0.662138
0.0914167 0.667069
0.0858088 0.668585
0.0826225 0.663754
0.0792857 0.662871
0.076553 0.665679
0.0734868 0.66584
0.0699265 0.665175
0.0668382 0.66347
0.0630833 0.663285
0.0592916 0.664855
0.0558796 0.665056
0.0520343 0.66489
0.0489423 0.663229
0.0459167 0.663365
0.0420833 0.661755
0.0382738 0.662526
0.0358578 0.665033
0.0396323 0.670858
0.0433929 0.67029
0.0491912 0.67441
0.0460119 0.674948
0.0416667 0.678226
0.0357675 0.676519
0.0333013 0.667131
0.0301389 0.666667
0.0279167 0.662842
0.0246814 0.664464
0.0196944 0.666747
0.0169167 0.662077
0.0145139 0.66566
0.0116071 0.664769
0.0078125 0.663194
0.00436403 0.666094
0.00125 0.666667
End
