1200 414
0.0024256 0.831091
0.0171859 0.823988
0.0247403 0.821589
0.0316667 0.818748
0.0375672 0.825269
0.0437244 0.820829
0.0511029 0.816212
0.0625425 0.814873
0.0701974 0.81954
0.0781697 0.820523
0.0849167 0.824517
0.0915863 0.824117
0.0980609 0.821303
0.108281 0.829107
0.116909 0.82149
0.125897 0.820327
0.133503 0.822643
0.139074 0.828995
0.144474 0.819771
0.15438 0.811567
0.159319 0.806498
0.165483 0.806573
0.171632 0.806059
0.178234 0.806188
0.184422 0.810776
0.19102 0.80422
0.190431 0.8231
0.201792 0.824995
0.209789 0.823759
0.204048 0.808662
0.21244 0.805786
0.218182 0.813717
0.224951 0.809855
0.231442 0.815156
0.238173 0.801716
0.252464 0.808522
0.26039 0.810502
0.267903 0.809753
0.276982 0.809326
0.286274 0.793478
0.297255 0.809073
0.284792 0.819222
0.278163 0.826661
0.27077 0.823897
0.262422 0.828205
0.254922 0.825739
0.248081 0.81993
0.237699 0.821535
0.224914 0.82829
0.218049 0.832893
0.212366 0.840752
0.20625 0.84405
0.200369 0.84267
0.19017 0.839328
0.183992 0.835907
0.174133 0.837392
0.17827 0.825657
0.168828 0.826163
0.16142 0.82309
0.154526 0.830002
0.161437 0.839081
0.167644 0.845328
0.154466 0.846407
0.143486 0.841788
0.135349 0.844398
0.129316 0.835362
0.122112 0.833833
0.114385 0.837801
0.0962765 0.838184
0.088524 0.841583
0.0810606 0.840836
0.0743535 0.833
0.0660156 0.835296
0.0595119 0.843203
0.0520119 0.833713
0.0434358 0.840996
0.0362783 0.844981
0.0268793 0.848245
0.0304741 0.835916
0.0217057 0.840391
0.0152083 0.844244
0.00716503 0.843635
0.00299731 0.855034
0.0106048 0.860138
0.0178448 0.861111
0.02375 0.862811
0.0312981 0.859393
0.0480585 0.862756
0.0596324 0.865268
0.0708248 0.86816
0.0654318 0.855446
0.0716523 0.847826
0.0775139 0.857609
0.0841031 0.859064
0.0911849 0.857337
0.0987054 0.853175
0.10713 0.849341
0.113548 0.856164
0.120591 0.850865
0.127131 0.850939
0.132639 0.860391
0.141159 0.858885
0.148594 0.858356
0.15527 0.863953
0.161016 0.856619
0.16648 0.865484
0.172725 0.85834
0.178914 0.850777
0.184753 0.859221
0.191445 0.855556
0.199753 0.859501
0.195568 0.866216
0.205095 0.866154
0.211508 0.858916
0.218282 0.852297
0.22475 0.848031
0.231017 0.841434
0.237455 0.840784
0.24875 0.839799
0.255768 0.843228
0.26159 0.847654
0.267156 0.842254
0.272851 0.840793
0.27844 0.844629
0.284725 0.839495
0.294888 0.829989
0.300222 0.830435
0.305629 0.834717
0.311197 0.829404
0.317572 0.825962
0.305176 0.811944
0.313443 0.808752
0.322917 0.810219
0.332178 0.803824
0.341068 0.807858
0.335778 0.822987
0.329078 0.82283
0.323189 0.830965
0.341193 0.834806
0.335054 0.842957
0.328568 0.844128
0.322272 0.847849
0.315947 0.847241
0.309398 0.851066
0.302037 0.852709
0.295049 0.851201
0.287113 0.856281
0.279705 0.859443
0.272548 0.860042
0.266078 0.862913
0.259175 0.86298
0.252947 0.860162
0.246971 0.858603
0.241178 0.860153
0.235798 0.861766
0.230509 0.867207
0.224213 0.867284
0.21723 0.869544
0.209758 0.87566
0.200576 0.889377
0.190747 0.888788
0.184279 0.879506
0.177903 0.872278
0.170913 0.878577
0.160685 0.876382
0.152492 0.877329
0.145689 0.876905
0.137319 0.872348
0.126769 0.869543
0.120098 0.869675
0.114051 0.874165
0.107708 0.874051
0.102811 0.864669
0.0957349 0.870729
0.0885526 0.878527
0.0800305 0.885148
0.0742349 0.900505
0.0680985 0.898485
0.0611 0.893913
0.0579012 0.881732
0.0505379 0.887725
0.0445531 0.888647
0.0384601 0.896188
0.0308106 0.894752
0.023179 0.884013
0.0295833 0.875244
0.015668 0.877253
0.0083179 0.876812
0.00277516 0.874054
0.0035 0.893575
0.0115064 0.894324
0.0185031 0.895912
0.0250446 0.902217
0.0342432 0.907892
0.0414352 0.909957
0.0478602 0.906719
0.0545115 0.901674
0.0627533 0.908899
0.0573448 0.916667
0.0512931 0.922955
0.0445988 0.924897
0.0372003 0.923828
0.0294109 0.917791
0.0222349 0.917501
0.0165278 0.911881
0.00958333 0.90901
0.00319444 0.90781
0.00389423 0.921544
0.0125481 0.923867
0.00274621 0.936759
0.00828333 0.935556
0.0139667 0.941353
0.0193494 0.934296
0.0255267 0.934213
0.0314773 0.935332
0.0374591 0.940679
0.0447756 0.939567
0.0515972 0.940318
0.0575735 0.933386
0.063858 0.925658
0.0699731 0.917213
0.078011 0.911654
0.0833675 0.903679
0.0890433 0.899535
0.0966412 0.899611
0.104857 0.901303
0.112868 0.900753
0.120792 0.900943
0.12722 0.900813
0.132881 0.894259
0.13912 0.898506
0.144962 0.907005
0.150511 0.905091
0.1571 0.903456
0.16248 0.908787
0.167793 0.901454
0.173705 0.903931
0.179655 0.904839
0.185172 0.899522
0.194392 0.90459
0.200662 0.907005
0.206515 0.902833
0.211971 0.897408
0.216928 0.902904
0.221565 0.902872
0.226151 0.896538
0.231402 0.899583
0.23682 0.894546
0.242645 0.89966
0.248914 0.901656
0.254665 0.908866
0.260385 0.90589
0.266379 0.906422
0.273076 0.901146
0.277516 0.907423
0.281861 0.915969
0.28775 0.92
0.297366 0.916439
0.291266 0.907452
0.284645 0.899893
0.297063 0.89911
0.303326 0.905424
0.309906 0.906655
0.316037 0.902328
0.322068 0.905911
0.329233 0.907343
0.335417 0.907415
0.342744 0.904407
0.349107 0.903209
0.355187 0.899342
0.361337 0.899557
0.368955 0.901115
0.375774 0.903478
0.382943 0.901484
0.39159 0.903337
0.398268 0.90281
0.40469 0.901968
0.412071 0.904738
0.406321 0.915844
0.399954 0.919977
0.393688 0.920514
0.386826 0.915789
0.380946 0.920476
0.375369 0.922055
0.369744 0.920708
0.36467 0.913949
0.358393 0.915977
0.352991 0.920678
0.347023 0.921015
0.339429 0.92038
0.331235 0.922348
0.324208 0.920693
0.315817 0.918339
0.304993 0.922644
0.311008 0.929874
0.319392 0.930656
0.325353 0.937895
0.317053 0.943505
0.310885 0.949382
0.30485 0.957005
0.299744 0.964383
0.2929 0.957532
0.284462 0.960189
0.290069 0.970008
0.295655 0.977096
0.285736 0.97916
0.279914 0.975002
0.273282 0.972731
0.264657 0.978234
0.254709 0.976552
0.248074 0.971994
0.242163 0.971619
0.236587 0.972165
0.231413 0.972117
0.226028 0.977214
0.220861 0.975872
0.215241 0.974359
0.209241 0.971705
0.203783 0.975362
0.197662 0.975919
0.190433 0.974496
0.185071 0.973871
0.180587 0.97074
0.175469 0.972373
0.169965 0.976097
0.163485 0.978425
0.155599 0.972837
0.149404 0.974922
0.143466 0.980188
0.13733 0.976919
0.129395 0.978694
0.123053 0.973188
0.111964 0.978926
0.104103 0.977258
0.0960031 0.979245
0.0879481 0.976369
0.0809663 0.977875
0.0751716 0.974448
0.0693873 0.976343
0.0633975 0.976635
0.0566411 0.978285
0.048665 0.978532
0.0408258 0.975033
0.0340625 0.974594
0.0211706 0.972567
0.0278066 0.967391
0.03665 0.958889
0.0454907 0.965513
0.0532181 0.966621
0.0602636 0.962807
0.0662815 0.95814
0.0718333 0.957778
0.0782639 0.958837
0.08375 0.96328
0.0927604 0.965177
0.0989 0.963044
0.104643 0.96095
0.110115 0.964565
0.116836 0.966259
0.128017 0.96
0.133509 0.965298
0.139028 0.957595
0.144483 0.963816
0.151371 0.957291
0.160399 0.965028
0.166551 0.963229
0.172127 0.956035
0.17905 0.954976
0.164129 0.948287
0.157624 0.950017
0.14625 0.946903
0.138995 0.941343
0.132623 0.947689
0.122841 0.953821
0.116508 0.947497
0.110117 0.948599
0.102832 0.947131
0.0952084 0.94824
0.0884375 0.954861
0.0756771 0.944445
0.0823958 0.943884
0.08864 0.938452
0.094327 0.929859
0.0998554 0.933575
0.106823 0.933877
0.1125 0.931612
0.117452 0.927957
0.122049 0.936997
0.128004 0.936965
0.134475 0.92946
0.143626 0.931776
0.152765 0.938362
0.158865 0.929827
0.164257 0.929455
0.169599 0.937571
0.175381 0.940564
0.181517 0.939363
0.187827 0.936983
0.195511 0.935277
0.200617 0.943058
0.193194 0.948968
0.186277 0.955813
0.194067 0.962754
0.20092 0.959781
0.20717 0.952524
0.213053 0.955226
0.219257 0.958961
0.225914 0.959255
0.232048 0.955777
0.238523 0.956149
0.245848 0.953898
0.252811 0.960057
0.260389 0.966409
0.267465 0.966133
0.277176 0.95858
0.270305 0.952852
0.263549 0.947133
0.257747 0.949052
0.251473 0.942159
0.256872 0.929703
0.267392 0.934112
0.273951 0.940643
0.281034 0.94525
0.288463 0.944445
0.29689 0.946601
0.304568 0.941217
0.299192 0.931702
0.29261 0.930397
0.28375 0.931737
0.277115 0.927583
0.27101 0.91986
0.262529 0.923247
0.250134 0.922317
0.242971 0.917602
0.236522 0.911604
0.225817 0.914484
0.23136 0.921953
0.236769 0.929519
0.245402 0.934541
0.239693 0.941642
0.230902 0.941305
0.2229 0.943623
0.217083 0.941314
0.206012 0.935399
0.212083 0.93394
0.2257 0.93087
0.219076 0.923121
0.21258 0.915523
0.206426 0.919315
0.199686 0.922981
0.19226 0.923542
0.1882 0.913158
0.182705 0.922235
0.175663 0.923201
0.169043 0.918232
0.154698 0.918419
0.148571 0.924776
0.140053 0.918511
0.134311 0.910907
0.12883 0.918571
0.123096 0.918703
0.116879 0.912723
0.109888 0.914901
0.104132 0.919787
0.09895 0.91401
0.0928103 0.912658
0.087901 0.920814
0.082284 0.925881
0.0755833 0.928503
0.0692303 0.937997
0.0629648 0.943655
0.0566667 0.95087
0.0493793 0.954427
0.0419097 0.953201
0.0309414 0.952854
0.0239583 0.952416
0.0176894 0.95448
0.00958333 0.955522
0.00327128 0.951562
0.00342687 0.96606
0.0144924 0.969148
0.00929487 0.975985
0.00320652 0.980886
0.00333333 0.993961
0.0101852 0.992083
0.0165755 0.989433
0.0230506 0.992107
0.0277039 0.983683
0.0317602 0.992778
0.03785 0.991304
0.043767 0.991447
0.0502296 0.992482
0.0570833 0.992754
0.0645685 0.992409
0.0717308 0.992103
0.0782108 0.992209
0.0850481 0.99201
0.0918787 0.992055
0.0997321 0.99215
0.107127 0.992182
0.114002 0.993006
0.119194 0.988325
0.125417 0.992205
0.133065 0.99215
0.140253 0.992967
0.147691 0.992552
0.153719 0.990817
0.159505 0.990726
0.166012 0.992482
0.172219 0.991447
0.177544 0.990518
0.182428 0.990705
0.18785 0.991304
0.193701 0.99112
0.200046 0.991769
0.206786 0.99146
0.213218 0.991171
0.219936 0.992103
0.226125 0.992995
0.231495 0.990125
0.236667 0.990338
0.242083 0.990338
0.247824 0.99007
0.253442 0.992543
0.259386 0.989657
0.265 0.993271
0.270509 0.989712
0.276201 0.99112
0.282372 0.992482
0.289852 0.991751
0.296347 0.993118
0.301645 0.987944
0.3072 0.991546
0.312737 0.991072
0.319348 0.991865
0.325461 0.990295
0.331046 0.989951
0.336676 0.992888
0.343042 0.990771
0.348974 0.992103
0.35425 0.985705
0.35899 0.992243
0.366757 0.99273
0.37375 0.991546
0.38125 0.991546
0.388333 0.991546
0.394847 0.991546
0.399266 0.982516
0.402997 0.991499
0.409166 0.992753
0.415462 0.990492
0.42125 0.991546
0.42704 0.989963
0.433185 0.99146
0.440237 0.990208
0.447006 0.992664
0.454498 0.9908
0.462339 0.991507
0.469772 0.991585
0.47685 0.992097
0.484908 0.992201
0.491349 0.98608
0.497124 0.991001
0.504836 0.990997
0.51125 0.987052
0.518199 0.991026
0.52537 0.990458
0.533125 0.99132
0.540924 0.991024
0.548891 0.992037
0.555731 0.990754
0.562299 0.990494
0.569233 0.991758
0.573959 0.982952
0.578229 0.992193
0.585056 0.990821
0.591839 0.991921
0.59978 0.992424
0.607096 0.991212
0.614133 0.990754
0.620212 0.990634
0.625747 0.989541
0.631537 0.989357
0.637665 0.991819
0.644109 0.991213
0.650847 0.990572
0.657457 0.991171
0.667445 0.991828
0.67368 0.986474
0.680718 0.991135
0.687145 0.988415
0.692632 0.993138
0.698665 0.989827
0.704632 0.991167
0.71055 0.992222
0.717775 0.993242
0.724445 0.991143
0.730353 0.990617
0.735519 0.989046
0.74125 0.990651
0.747115 0.990817
0.752819 0.99112
0.758854 0.991646
0.764615 0.990817
0.770834 0.990902
0.777303 0.991865
0.784435 0.99215
0.792438 0.991467
0.799584 0.992754
0.806667 0.992753
0.813561 0.990595
0.820756 0.992306
0.827222 0.991646
0.832808 0.992018
0.839306 0.991546
0.847465 0.99381
0.843386 0.981028
0.850179 0.979962
0.855008 0.991249
0.860928 0.988702
0.866861 0.992995
0.8732 0.992367
0.87953 0.991803
0.885417 0.991256
0.891191 0.992388
0.896442 0.989967
0.901583 0.990901
0.906983 0.991304
0.912552 0.990288
0.917526 0.990116
0.922872 0.990492
0.929285 0.991956
0.935416 0.991546
0.941002 0.991597
0.94658 0.990539
0.952033 0.991208
0.957328 0.989983
0.962548 0.989641
0.967867 0.991256
0.974167 0.99146
0.981181 0.991788
0.98906 0.990304
0.99625 0.991546
0.996159 0.976043
0.98473 0.976714
0.977562 0.975309
0.970733 0.974763
0.963777 0.971209
0.956722 0.971256
0.950302 0.973014
0.943414 0.975474
0.935433 0.976135
0.92819 0.97631
0.921975 0.971059
0.915959 0.970421
0.909012 0.974827
0.902849 0.973602
0.8967 0.973043
0.889649 0.977053
0.881926 0.975914
0.875032 0.977518
0.867383 0.978164
0.872139 0.965244
0.865901 0.963178
0.860972 0.969303
0.855655 0.971434
0.850789 0.961944
0.845417 0.965479
0.83968 0.966462
0.834461 0.960793
0.82865 0.963285
0.834038 0.977009
0.825735 0.975999
0.819087 0.97631
0.813371 0.970993
0.806942 0.977094
0.799707 0.977858
0.794344 0.969971
0.788289 0.962304
0.782815 0.965173
0.788263 0.979332
0.780048 0.977518
0.774013 0.972561
0.767824 0.972356
0.762099 0.973105
0.756178 0.976475
0.750313 0.971403
0.744674 0.972222
0.73872 0.971651
0.733155 0.966874
0.727608 0.973698
0.72059 0.977758
0.714515 0.979321
0.709294 0.973405
0.703333 0.973922
0.697655 0.968007
0.693096 0.977006
0.687696 0.969511
0.681941 0.976488
0.676733 0.971015
0.66971 0.968856
0.663523 0.978019
0.657988 0.970307
0.651956 0.969064
0.645153 0.973792
0.638021 0.974411
0.629292 0.970421
0.622282 0.972146
0.614951 0.972304
0.608524 0.973164
0.601741 0.97481
0.595725 0.978798
0.588827 0.972966
0.581198 0.974185
0.57239 0.967519
0.565392 0.974458
0.556614 0.972631
0.548229 0.976374
0.539917 0.972867
0.531801 0.974824
0.524488 0.970808
0.517172 0.972442
0.511986 0.960323
0.506129 0.966446
0.50103 0.977053
0.497256 0.964746
0.492017 0.960069
0.486428 0.95084
0.47707 0.943432
0.471347 0.936192
0.465117 0.943803
0.458287 0.937869
0.449403 0.937077
0.442772 0.944672
0.436265 0.942071
0.426001 0.93883
0.419239 0.938156
0.412069 0.941499
0.404941 0.947982
0.392724 0.946396
0.380536 0.953835
0.38628 0.955314
0.39178 0.961847
0.399081 0.956189
0.409792 0.959498
0.416667 0.954754
0.423532 0.956265
0.43056 0.951566
0.436599 0.959662
0.447794 0.958324
0.453686 0.949601
0.459475 0.956433
0.464957 0.962708
0.471607 0.956771
0.480298 0.958612
0.486486 0.971216
0.480794 0.978648
0.474908 0.973082
0.468136 0.97557
0.459965 0.976112
0.453843 0.969539
0.447932 0.977724
0.442057 0.969052
0.43537 0.97598
0.428896 0.970804
0.421787 0.974106
0.41554 0.971417
0.409458 0.977737
0.403793 0.969643
0.395723 0.971631
0.388428 0.975189
0.38182 0.974638
0.373678 0.976213
0.364177 0.981884
0.360561 0.972083
0.368309 0.970944
0.377216 0.965964
0.372674 0.95527
0.365917 0.95628
0.361073 0.950689
0.352083 0.957572
0.346502 0.960201
0.356413 0.963981
0.349395 0.974729
0.342662 0.971088
0.338352 0.978316
0.333466 0.972068
0.327807 0.970855
0.321914 0.972983
0.316105 0.977526
0.305767 0.974348
0.311146 0.968772
0.317147 0.95982
0.323778 0.954086
0.330596 0.954225
0.336659 0.95732
0.341642 0.950625
0.331339 0.938097
0.336832 0.936674
0.343083 0.933092
0.347402 0.943031
0.352322 0.938899
0.357233 0.94
0.361424 0.929193
0.365799 0.937148
0.37105 0.938986
0.377386 0.93924
0.384078 0.936853
0.389727 0.932925
0.398147 0.937406
0.404826 0.932317
0.411005 0.925618
0.416695 0.920457
0.423395 0.921498
0.431057 0.927064
0.438208 0.924412
0.44498 0.923636
0.453485 0.922925
0.461176 0.923396
0.46692 0.923297
0.472844 0.916964
0.478625 0.923269
0.483403 0.933817
0.489967 0.93392
0.495914 0.940137
0.501641 0.949087
0.507311 0.942249
0.513946 0.938142
0.518561 0.951801
0.525038 0.951545
0.53213 0.956388
0.539745 0.955242
0.546156 0.946382
0.548583 0.960554
0.556462 0.955642
0.563443 0.958577
0.569967 0.951864
0.577984 0.957963
0.585258 0.956771
0.595113 0.961104
0.603491 0.959104
0.590986 0.947186
0.598834 0.945049
0.606065 0.943505
0.611391 0.954014
0.618677 0.956967
0.625403 0.951772
0.631488 0.945523
0.634296 0.960321
0.64017 0.954031
0.646417 0.956017
0.650486 0.944485
0.656533 0.951957
0.663737 0.958228
0.674891 0.955569
0.682901 0.958869
0.690952 0.955444
0.696431 0.952216
0.703979 0.956249
0.71065 0.956425
0.716172 0.961649
0.722344 0.962812
0.727526 0.954723
0.732192 0.94707
0.737676 0.951319
0.743408 0.954107
0.749965 0.951712
0.756198 0.946357
0.75625 0.961353
0.76272 0.955358
0.770776 0.955523
0.777317 0.954975
0.784008 0.947146
0.791439 0.949481
0.797484 0.953317
0.802546 0.962337
0.808812 0.958177
0.815387 0.952064
0.820805 0.959729
0.824845 0.948305
0.831417 0.946908
0.838318 0.947442
0.844877 0.947978
0.851441 0.945602
0.856789 0.952662
0.861939 0.948114
0.867803 0.949056
0.874138 0.951438
0.879306 0.960524
0.885613 0.961661
0.89151 0.961957
0.897628 0.956744
0.904142 0.95754
0.910502 0.959554
0.925942 0.959357
0.932151 0.962068
0.939379 0.964089
0.934788 0.948706
0.941957 0.950641
0.947222 0.957045
0.953792 0.953543
0.961001 0.955145
0.968793 0.95732
0.975955 0.957964
0.982946 0.960473
0.990118 0.965265
0.996806 0.960843
0.996667 0.939614
0.990224 0.93822
0.98342 0.938614
0.977417 0.932872
0.970377 0.93346
0.962778 0.9331
0.95608 0.933128
0.949005 0.934885
0.942097 0.930676
0.947401 0.9159
0.940201 0.910807
0.93218 0.90956
0.924659 0.913373
0.91743 0.916074
0.911231 0.913553
0.901409 0.910448
0.89442 0.914678
0.887954 0.914305
0.86969 0.919873
0.87666 0.92072
0.883341 0.923362
0.890956 0.929644
0.898897 0.92576
0.905675 0.923254
0.912516 0.930086
0.920644 0.929579
0.927344 0.9297
0.93473 0.932723
0.927175 0.944862
0.919639 0.951248
0.913811 0.946794
0.906376 0.942827
0.899002 0.942052
0.891774 0.945787
0.884885 0.943862
0.878682 0.942547
0.871305 0.937869
0.86392 0.931119
0.856404 0.933262
0.847934 0.933061
0.840513 0.932693
0.8328 0.931329
0.82595 0.932947
0.819081 0.935607
0.810826 0.940685
0.803827 0.94294
0.796962 0.936254
0.78935 0.933999
0.778837 0.93755
0.772683 0.936541
0.766667 0.943338
0.760689 0.935991
0.753854 0.931117
0.746577 0.936508
0.740072 0.934158
0.733698 0.932267
0.72634 0.936077
0.721129 0.945696
0.715133 0.942464
0.709257 0.939719
0.704299 0.937308
0.699318 0.940711
0.693185 0.933821
0.686897 0.941946
0.680381 0.944984
0.668504 0.945059
0.661917 0.938889
0.674217 0.938503
0.68076 0.929976
0.687735 0.92365
0.699028 0.92369
0.706106 0.92108
0.712277 0.923482
0.718356 0.926988
0.722951 0.919787
0.729445 0.920022
0.736482 0.916533
0.74351 0.918804
0.749924 0.920364
0.760032 0.9195
0.76617 0.925725
0.771215 0.918517
0.777243 0.920383
0.783363 0.925639
0.788769 0.91738
0.794635 0.920117
0.800849 0.921498
0.806722 0.924356
0.813217 0.926039
0.817655 0.913304
0.823194 0.917042
0.829075 0.912696
0.835523 0.916615
0.84127 0.917432
0.846627 0.914024
0.852424 0.918862
0.858644 0.91469
0.86477 0.904374
0.872227 0.902627
0.879075 0.903607
0.884943 0.900374
0.891715 0.899294
0.8985 0.898261
0.906768 0.899649
0.914295 0.899294
0.921106 0.899301
0.928461 0.89823
0.936905 0.896869
0.944331 0.897516
0.950599 0.897694
0.954727 0.910704
0.961026 0.907366
0.967578 0.915275
0.973982 0.917203
0.979886 0.912627
0.985446 0.921373
0.996832 0.921771
0.991 0.915942
0.996797 0.903402
0.984936 0.899683
0.990645 0.894577
0.996923 0.882639
0.979533 0.889406
0.97421 0.899259
0.968105 0.895785
0.961834 0.888607
0.955348 0.884998
0.966219 0.871912
0.973041 0.863571
0.954439 0.860925
0.965501 0.853783
0.971089 0.846576
0.979137 0.854986
0.985764 0.857247
0.992808 0.865049
0.996988 0.849452
0.990665 0.845517
0.997404 0.83115
0.983523 0.834575
0.976914 0.835145
0.970385 0.830082
0.963334 0.833957
0.953092 0.836684
0.940014 0.82798
0.933129 0.830106
0.926507 0.835244
0.918488 0.835749
0.921522 0.847604
0.921165 0.862837
0.914631 0.858317
0.907944 0.861626
0.90046 0.861903
0.89293 0.865482
0.885681 0.868247
0.879759 0.86267
0.873412 0.862244
0.8664 0.863369
0.858999 0.862043
0.84909 0.863527
0.842425 0.862933
0.836278 0.859783
0.829691 0.865514
0.821872 0.864392
0.814941 0.865942
0.808465 0.857704
0.801324 0.860723
0.794038 0.856239
0.787417 0.850242
0.780924 0.845429
0.774261 0.846424
0.767902 0.849742
0.760313 0.851363
0.752984 0.845995
0.745389 0.845268
0.73856 0.842678
0.732276 0.841602
0.723221 0.842717
0.712808 0.838847
0.706206 0.834753
0.69416 0.830463
0.700532 0.829835
0.711186 0.823439
0.722222 0.825148
0.728387 0.830194
0.735403 0.824184
0.742458 0.826933
0.748813 0.829528
0.753937 0.825126
0.758766 0.833812
0.769572 0.8292
0.776845 0.827333
0.783376 0.824588
0.788274 0.831263
0.793717 0.822132
0.800022 0.826278
0.805745 0.834671
0.794286 0.839717
0.801003 0.845053
0.814937 0.848379
0.821936 0.847187
0.827841 0.848156
0.833506 0.842746
0.819713 0.834326
0.814525 0.826575
0.82085 0.81942
0.827046 0.828283
0.833449 0.823755
0.839247 0.820515
0.845227 0.825642
0.850848 0.832169
0.839987 0.840807
0.846222 0.846373
0.853777 0.85076
0.862555 0.848031
0.869196 0.845702
0.860018 0.834068
0.865796 0.828217
0.871168 0.825779
0.875097 0.816843
0.88125 0.82317
0.889033 0.816949
0.895222 0.825521
0.887536 0.83319
0.875495 0.840844
0.881462 0.843302
0.88702 0.852452
0.89241 0.844914
0.897765 0.845828
0.905175 0.846838
0.911911 0.839334
0.905417 0.828419
0.910305 0.820048
0.916518 0.820135
0.923106 0.820459
0.929129 0.815437
0.9358 0.81401
0.94875 0.813607
0.955093 0.813697
0.961811 0.814381
0.967443 0.816401
0.97496 0.815252
0.983069 0.812708
0.993348 0.82009
0.997626 0.804992
0.992182 0.800393
0.978229 0.7995
0.968825 0.799837
0.959828 0.8001
0.950245 0.800361
0.939536 0.804162
0.93171 0.800183
0.923598 0.802818
0.916667 0.80314
0.910166 0.802867
0.904161 0.806131
0.894251 0.806002
0.88539 0.804962
0.877612 0.804066
0.86821 0.806242
0.860097 0.803698
0.860977 0.817261
0.850039 0.810349
0.843937 0.805889
0.836891 0.802862
0.829963 0.807056
0.823272 0.806988
0.814928 0.807243
0.804136 0.811072
0.797222 0.80773
0.789044 0.808278
0.781118 0.808048
0.774063 0.809255
0.767873 0.8092
0.758947 0.813022
0.753478 0.807182
0.747285 0.809841
0.740778 0.808615
0.734241 0.807403
0.728333 0.810953
0.722084 0.807444
0.711267 0.809227
0.70443 0.812282
0.69748 0.811337
0.690922 0.811258
0.684138 0.810845
0.67728 0.809508
0.668575 0.808268
0.666746 0.823337
0.673102 0.821972
0.679747 0.826475
0.68738 0.827582
0.6679 0.839421
0.673611 0.839473
0.678556 0.844034
0.684215 0.842159
0.690227 0.847254
0.697084 0.848099
0.703944 0.852335
0.710936 0.852498
0.718349 0.855565
0.727006 0.855413
0.734175 0.858345
0.741345 0.860644
0.748858 0.861891
0.756006 0.863902
0.763806 0.866506
0.770977 0.866655
0.777111 0.866425
0.783177 0.866546
0.789701 0.870519
0.796488 0.872745
0.804568 0.875738
0.812453 0.881978
0.81924 0.886213
0.825281 0.881333
0.829661 0.889157
0.835864 0.88078
0.849656 0.884215
0.85467 0.875479
0.861131 0.881067
0.866741 0.883841
0.858129 0.896396
0.852173 0.901786
0.845239 0.896418
0.839618 0.901771
0.833641 0.900231
0.823487 0.899674
0.815541 0.898165
0.81068 0.905861
0.805263 0.903248
0.799684 0.90372
0.793694 0.903945
0.78727 0.903653
0.780939 0.905122
0.774279 0.903428
0.767256 0.905089
0.761148 0.90385
0.754941 0.907197
0.747822 0.904954
0.740529 0.903567
0.732855 0.901682
0.726676 0.905126
0.71941 0.905395
0.714007 0.90603
0.708184 0.903468
0.702273 0.892677
0.695785 0.898504
0.701539 0.908829
0.693452 0.913173
0.685989 0.907526
0.688883 0.895459
0.680792 0.891322
0.673852 0.895568
0.665951 0.888501
0.65718 0.883873
0.662974 0.87323
0.660223 0.858294
0.653958 0.862118
0.6475 0.861748
0.640449 0.860673
0.632835 0.858379
0.62475 0.849605
0.619323 0.852129
0.608171 0.859638
0.613928 0.862181
0.626382 0.868047
0.634391 0.875418
0.642505 0.882973
0.649923 0.885552
0.635502 0.891079
0.626036 0.889925
0.618427 0.877124
0.606879 0.879104
0.600213 0.878562
0.594948 0.878321
0.58568 0.877723
0.602158 0.859947
0.595868 0.859488
0.589293 0.860307
0.582097 0.858916
0.569121 0.858965
0.576503 0.866674
0.569639 0.879093
0.562679 0.871349
0.551951 0.866671
0.543354 0.870179
0.533883 0.878019
0.521722 0.883656
0.51128 0.882894
0.502259 0.87874
0.493711 0.876208
0.48704 0.86635
0.5007 0.861025
0.5075 0.862994
0.514625 0.867407
0.520037 0.862425
0.533955 0.855352
0.547257 0.852042
0.565042 0.8234
0.545263 0.80651
0.555282 0.779084
0.567645 0.781598
0.594702 0.744627
0.588407 0.741618
0.581795 0.739409
0.574316 0.740813
0.566941 0.734472
0.561198 0.738275
0.555059 0.735015
0.559323 0.723027
0.572541 0.725088
0.579256 0.725155
0.587362 0.724155
0.59454 0.725429
0.592956 0.709579
0.584015 0.710241
0.576414 0.70911
0.568923 0.711853
0.562589 0.711155
0.554301 0.713646
0.52794 0.699706
0.520406 0.69963
0.512962 0.700081
0.503388 0.689456
0.489425 0.697992
0.480145 0.689351
0.480797 0.707581
0.496405 0.704348
0.50534 0.707819
0.521806 0.743683
0.50181 0.756552
0.486422 0.756075
0.485483 0.795449
0.498574 0.791385
0.515087 0.790358
0.527377 0.77496
0.521968 0.790962
0.526386 0.807971
0.521023 0.838604
0.512361 0.84805
0.502484 0.843739
0.49366 0.851857
0.485417 0.845388
0.479944 0.855465
0.469544 0.849206
0.463602 0.849681
0.459468 0.862486
0.452904 0.858236
0.446543 0.848676
0.441216 0.86195
0.43441 0.875
0.440502 0.881519
0.447929 0.876398
0.456623 0.880244
0.466533 0.88065
0.479426 0.878836
0.486642 0.891378
0.494096 0.899499
0.50178 0.905635
0.510088 0.904284
0.518199 0.903453
0.529496 0.897852
0.537365 0.90007
0.524968 0.911186
0.532709 0.917506
0.540247 0.917082
0.546634 0.910609
0.553858 0.913784
0.5608 0.912705
0.566861 0.915781
0.57306 0.915417
0.579237 0.919305
0.585735 0.914515
0.592972 0.912193
0.6005 0.912601
0.609115 0.913082
0.617118 0.915675
0.624414 0.914554
0.632317 0.914891
0.639252 0.913897
0.646026 0.913715
0.653922 0.908817
0.662997 0.905054
0.669405 0.907652
0.676711 0.908649
0.681105 0.914829
0.673356 0.923255
0.666688 0.92465
0.660045 0.919341
0.655724 0.931541
0.649936 0.925864
0.643492 0.934834
0.636557 0.934001
0.628327 0.930051
0.621719 0.934443
0.615502 0.936891
0.610283 0.929478
0.603026 0.927636
0.595404 0.929281
0.588395 0.930533
0.583147 0.937656
0.577704 0.940869
0.572964 0.933985
0.566782 0.933992
0.561629 0.941875
0.553406 0.941167
0.558429 0.927642
0.548996 0.928111
0.542168 0.934271
0.53575 0.937217
0.528946 0.934854
0.522108 0.93109
0.516237 0.92068
0.508517 0.922173
0.501504 0.925559
0.494454 0.917994
0.486755 0.913775
0.480067 0.904065
0.473247 0.899217
0.46588 0.904935
0.458969 0.90692
0.452389 0.905234
0.446219 0.906823
0.439023 0.905964
0.432842 0.906488
0.426925 0.906214
0.419763 0.902694
0.428846 0.882525
0.423293 0.87689
0.417811 0.879293
0.412436 0.878391
0.4075 0.878019
0.402208 0.878382
0.396642 0.87597
0.390732 0.880488
0.384257 0.880719
0.375399 0.884108
0.379502 0.873899
0.372391 0.869198
0.367886 0.878064
0.362717 0.879758
0.357213 0.878436
0.351667 0.88285
0.345884 0.885774
0.348816 0.864869
0.354888 0.859731
0.361551 0.86024
0.367854 0.857785
0.376133 0.857552
0.383341 0.859247
0.389689 0.865679
0.389137 0.848172
0.395494 0.853159
0.401886 0.857509
0.408398 0.856998
0.414818 0.858205
0.421038 0.855936
0.428384 0.85994
0.434847 0.849882
0.42814 0.835361
0.445384 0.815459
0.435077 0.814169
0.428635 0.806722
0.428715 0.781163
0.436356 0.785454
0.445702 0.790501
0.448776 0.77608
0.446103 0.756181
0.429792 0.74537
0.419371 0.746827
0.41182 0.731143
0.418179 0.716721
0.427236 0.712191
0.434734 0.707005
0.451834 0.702271
0.42184 0.706874
0.411928 0.713195
0.378836 0.7067
0.360357 0.6849
0.314964 0.639484
0.325081 0.639865
0.334971 0.64043
0.345126 0.63917
0.355794 0.635015
0.389886 0.642111
0.40499 0.643145
0.426789 0.645282
0.449093 0.645187
0.472026 0.643271
0.482509 0.644594
0.498751 0.644136
0.511099 0.643794
0.524958 0.643177
0.531493 0.642865
0.55293 0.641186
0.562071 0.642271
0.576003 0.639068
0.586125 0.641351
0.600571 0.635731
0.625364 0.65332
0.649168 0.619758
0.671864 0.637251
0.684705 0.641305
0.695313 0.63691
0.703287 0.640286
0.708677 0.632617
0.715496 0.639118
0.722958 0.637305
0.730441 0.635794
0.737173 0.637337
0.744205 0.636562
0.751263 0.634269
0.75851 0.639865
0.764447 0.634527
0.771343 0.638174
0.779362 0.637924
0.787083 0.639709
0.794263 0.638704
0.80027 0.637942
0.806564 0.638206
0.813658 0.638666
0.820135 0.637143
0.827187 0.641046
0.834289 0.636734
0.84087 0.637469
0.845889 0.626174
0.854023 0.628561
0.849583 0.640005
0.858301 0.64087
0.865187 0.637765
0.871418 0.637924
0.877174 0.639099
0.882455 0.634878
0.888538 0.640216
0.897104 0.64344
0.907898 0.642035
0.913285 0.635127
0.920121 0.636024
0.926815 0.637136
0.91568 0.619608
0.92299 0.617115
0.930625 0.622786
0.93894 0.627363
0.934642 0.638682
0.94418 0.63684
0.950724 0.636855
0.95732 0.637294
0.964808 0.637725
0.972156 0.638349
0.978737 0.633483
0.986149 0.643014
0.997232 0.632812
0.991686 0.63085
0.984569 0.625146
0.996809 0.60895
0.989463 0.610464
0.981855 0.609202
0.975657 0.614259
0.969342 0.622176
0.961028 0.621578
0.954282 0.619066
0.948217 0.615905
0.942528 0.611675
0.935615 0.60952
0.92886 0.60432
0.923234 0.597053
0.917417 0.602262
0.910883 0.60495
0.904053 0.606522
0.893792 0.610024
0.89935 0.617955
0.907732 0.622364
0.902191 0.633342
0.89375 0.630032
0.888148 0.620818
0.882238 0.616524
0.875834 0.619807
0.869146 0.619975
0.862096 0.620371
0.856005 0.613503
0.848993 0.612319
0.840941 0.615436
0.834475 0.614814
0.82884 0.623275
0.822766 0.619011
0.816726 0.615003
0.811062 0.622892
0.804842 0.620023
0.798003 0.618535
0.791265 0.624352
0.783712 0.621981
0.776172 0.621868
0.769212 0.620126
0.757084 0.621798
0.743777 0.619872
0.736537 0.618886
0.73069 0.61022
0.726175 0.619521
0.72029 0.618132
0.714426 0.622938
0.70144 0.623006
0.689798 0.626053
0.682159 0.621269
0.677012 0.610387
0.669596 0.611093
0.663497 0.594738
0.673577 0.591897
0.682647 0.595944
0.689206 0.605073
0.695845 0.610776
0.702639 0.603156
0.708489 0.612716
0.715552 0.603982
0.723001 0.598631
0.729115 0.590353
0.736328 0.598272
0.743062 0.602466
0.750451 0.611242
0.757971 0.603647
0.763983 0.611147
0.77248 0.603924
0.778809 0.603716
0.784796 0.602525
0.790032 0.608881
0.793889 0.598139
0.799465 0.598732
0.805177 0.601388
0.811349 0.603885
0.821584 0.598161
0.82822 0.603316
0.833764 0.591577
0.839129 0.598309
0.845601 0.596762
0.852871 0.598134
0.860075 0.59925
0.865917 0.601771
0.872381 0.602657
0.879397 0.601116
0.887029 0.601216
0.892538 0.591765
0.898969 0.59385
0.905875 0.588889
0.912675 0.586528
0.91973 0.582613
0.926796 0.581353
0.93289 0.588996
0.939465 0.592113
0.945673 0.592252
0.952289 0.598235
0.958942 0.602697
0.96537 0.608204
0.971277 0.599806
0.977313 0.59016
0.983945 0.591908
0.9914 0.592639
0.997223 0.585749
0.987831 0.578003
0.995128 0.568164
0.987447 0.561477
0.99735 0.550193
0.991127 0.54631
0.982501 0.548269
0.974989 0.544319
0.967286 0.544679
0.960257 0.548774
0.952356 0.544784
0.943312 0.547013
0.94881 0.560171
0.955787 0.563895
0.962258 0.571178
0.967357 0.56199
0.974545 0.561859
0.980371 0.570661
0.971301 0.578948
0.965148 0.589019
0.957598 0.5843
0.950612 0.578276
0.943218 0.570384
0.936628 0.572615
0.930062 0.565289
0.936887 0.551698
0.930634 0.546344
0.923898 0.549564
0.916194 0.549258
0.907202 0.548518
0.901369 0.553787
0.911157 0.560843
0.922026 0.565051
0.915465 0.569956
0.90682 0.57079
0.90054 0.573632
0.894627 0.573422
0.888084 0.57859
0.882515 0.585361
0.875202 0.586124
0.868653 0.583454
0.862414 0.580168
0.856397 0.58357
0.849852 0.581205
0.841667 0.580208
0.833822 0.572084
0.826915 0.582878
0.816465 0.588677
0.810144 0.58405
0.802957 0.581646
0.795636 0.579374
0.78901 0.584759
0.781945 0.585054
0.774809 0.584905
0.767606 0.591157
0.761766 0.586171
0.754625 0.589035
0.748472 0.590196
0.741882 0.582565
0.734375 0.579952
0.724046 0.57749
0.716997 0.584812
0.71003 0.591464
0.703175 0.585249
0.696365 0.588528
0.689056 0.584328
0.679052 0.577662
0.668339 0.57847
0.659902 0.574752
0.666586 0.558819
0.674375 0.56448
0.684888 0.567764
0.693171 0.568071
0.700368 0.566923
0.707083 0.571015
0.712643 0.566916
0.719359 0.565007
0.729041 0.564376
0.736072 0.564398
0.742479 0.56401
0.749492 0.569966
0.756849 0.570426
0.763962 0.56711
0.770635 0.569541
0.778103 0.566425
0.784857 0.56755
0.791111 0.564131
0.799306 0.564393
0.807263 0.565645
0.814688 0.566023
0.821039 0.571761
0.827234 0.562782
0.839598 0.5627
0.847208 0.564875
0.855686 0.565892
0.86386 0.563376
0.871196 0.566036
0.877649 0.570178
0.883176 0.563693
0.890071 0.560546
0.895248 0.550188
0.885656 0.54674
0.876593 0.550072
0.867894 0.548145
0.858893 0.548801
0.850825 0.548679
0.842277 0.546698
0.832827 0.549406
0.822098 0.548683
0.812437 0.546722
0.802935 0.547872
0.7943 0.547408
0.784459 0.547768
0.775785 0.548958
0.767988 0.549516
0.759986 0.549991
0.753393 0.551458
0.745726 0.548533
0.735273 0.54673
0.724571 0.54921
0.715466 0.547954
0.706503 0.549215
0.69755 0.548889
0.689049 0.549517
0.680192 0.549134
0.671523 0.532484
0.655472 0.505985
0.650385 0.490042
0.664524 0.490123
0.675772 0.478216
0.68547 0.47289
0.67773 0.454023
0.667046 0.467062
0.657614 0.471344
0.645386 0.473117
0.631144 0.466518
0.638728 0.479147
0.631334 0.487359
0.623655 0.481517
0.61657 0.481421
0.609626 0.478691
0.603898 0.471638
0.591333 0.487055
0.581046 0.494555
0.570473 0.492365
0.561702 0.4922
0.553438 0.494005
0.545453 0.494434
0.537841 0.494488
0.529871 0.493724
0.522111 0.494935
0.514985 0.494856
0.508477 0.491629
0.501089 0.491078
0.493358 0.492399
0.485017 0.495218
0.477094 0.492422
0.468088 0.49512
0.458155 0.494401
0.447939 0.49324
0.437494 0.494333
0.427329 0.493287
0.417677 0.491055
0.407586 0.490361
0.399583 0.48913
0.391151 0.491833
0.384363 0.481422
0.394338 0.476722
0.399624 0.472576
0.405216 0.473385
0.437763 0.464752
0.453967 0.464508
0.475656 0.452611
0.493918 0.454227
0.511621 0.452684
0.529057 0.44241
0.551417 0.441036
0.573462 0.4398
0.606379 0.426887
0.643549 0.352549
0.617394 0.314933
0.60894 0.309973
0.602341 0.319565
0.594756 0.317679
0.585646 0.324607
0.573911 0.325642
0.579461 0.313752
0.568609 0.315054
0.562317 0.317295
0.556329 0.320823
0.56375 0.332931
0.55192 0.333073
0.544691 0.327429
0.538261 0.330183
0.530962 0.333751
0.521682 0.332667
0.514574 0.324963
0.504805 0.323656
0.498656 0.315456
0.492488 0.323778
0.487547 0.310789
0.480815 0.314903
0.47319 0.313277
0.465467 0.317121
0.458268 0.308877
0.451235 0.308806
0.439276 0.311192
0.4453 0.300574
0.438205 0.294181
0.432199 0.299982
0.425852 0.29474
0.41913 0.294437
0.412945 0.302158
0.406882 0.294353
0.400563 0.287079
0.395283 0.284686
0.405747 0.276251
0.412312 0.281674
0.417902 0.274629
0.424015 0.27358
0.430104 0.277891
0.436459 0.277045
0.44261 0.280554
0.448889 0.283414
0.459008 0.286056
0.453514 0.293433
0.463599 0.298485
0.469893 0.297218
0.476708 0.296296
0.483477 0.29495
0.494322 0.299828
0.502653 0.296108
0.509257 0.308722
0.515417 0.300465
0.521375 0.2938
0.52844 0.284799
0.536674 0.280977
0.545431 0.277884
0.551871 0.272354
0.558765 0.269782
0.56564 0.270359
0.571394 0.275529
0.577051 0.274759
0.583253 0.277731
0.594276 0.286343
0.588084 0.286583
0.578682 0.292092
0.568522 0.291686
0.56115 0.285857
0.553984 0.287885
0.54779 0.294297
0.540848 0.293349
0.53414 0.299049
0.5273 0.301798
0.521541 0.314156
0.529154 0.318182
0.536886 0.314522
0.543371 0.309947
0.550199 0.312022
0.556599 0.302877
0.563342 0.301246
0.573696 0.302361
0.584556 0.302979
0.590873 0.305782
0.599485 0.300121
0.605672 0.290023
0.612973 0.290998
0.621206 0.293413
0.627986 0.302603
0.636181 0.290459
0.646591 0.281746
0.654778 0.277094
0.662767 0.262075
0.626746 0.272824
0.617163 0.273665
0.607507 0.267223
0.600403 0.275301
0.59497 0.264665
0.588649 0.26237
0.58211 0.256718
0.575263 0.253642
0.569004 0.25049
0.560942 0.252773
0.554078 0.254237
0.56346 0.238815
0.556051 0.235997
0.548181 0.241224
0.540369 0.243698
0.53199 0.245403
0.52475 0.245433
0.518581 0.243685
0.512478 0.246531
0.505968 0.249041
0.499333 0.245032
0.492578 0.246152
0.48523 0.244961
0.477785 0.244067
0.470032 0.242345
0.461347 0.238849
0.450504 0.23059
0.442945 0.238284
0.435764 0.245168
0.447639 0.249491
0.453831 0.250117
0.459515 0.252169
0.466479 0.257558
0.473763 0.259317
0.480765 0.260408
0.487429 0.261986
0.492872 0.266822
0.498735 0.260956
0.50429 0.271562
0.510994 0.264716
0.518907 0.260002
0.527039 0.261526
0.535735 0.259047
0.547069 0.25827
0.541178 0.265284
0.531719 0.271337
0.522522 0.275553
0.515725 0.2788
0.50924 0.286481
0.497652 0.280962
0.489912 0.285573
0.484022 0.276617
0.477507 0.277877
0.471192 0.276951
0.46567 0.279719
0.460932 0.26827
0.454293 0.270857
0.447447 0.266601
0.44102 0.259179
0.433843 0.261227
0.428023 0.25313
0.421179 0.255854
0.414337 0.259067
0.408209 0.261398
0.400417 0.265441
0.393904 0.268295
0.387829 0.268985
0.381923 0.267078
0.377026 0.275404
0.372671 0.263939
0.365232 0.263032
0.355252 0.255698
0.347892 0.26989
0.358869 0.272199
0.37025 0.283891
0.364028 0.288648
0.376855 0.295388
0.383191 0.288179
0.389765 0.288252
0.387738 0.305254
0.395282 0.305166
0.401556 0.308011
0.40759 0.314981
0.416057 0.317806
0.42274 0.314925
0.428894 0.317591
0.435319 0.321848
0.444625 0.322142
0.451699 0.324415
0.459397 0.328378
0.470286 0.330304
0.477885 0.33085
0.486187 0.336866
0.49787 0.34156
0.509306 0.349379
0.418266 0.450708
0.389087 0.468882
0.37819 0.474147
0.371647 0.473181
0.365076 0.470136
0.35825 0.466949
0.351785 0.463837
0.344438 0.463375
0.337261 0.454348
0.331528 0.465823
0.322848 0.477833
0.337543 0.478761
0.350717 0.479627
0.344686 0.488387
0.35359 0.495169
0.359094 0.484798
0.365755 0.491791
0.372763 0.492475
0.379068 0.497297
0.385643 0.503705
0.396291 0.510395
0.407328 0.513743
0.417979 0.518657
0.427096 0.524471
0.434993 0.519126
0.445731 0.519347
0.456237 0.52283
0.466042 0.529412
0.473044 0.52266
0.480494 0.530454
0.487624 0.529219
0.495275 0.520258
0.505546 0.521323
0.51342 0.527979
0.519385 0.525765
0.52558 0.525978
0.533671 0.520076
0.543431 0.520326
0.555125 0.522625
0.565833 0.517541
0.576838 0.519253
0.588304 0.518245
0.599058 0.507929
0.609597 0.508177
0.619322 0.51242
0.627175 0.510516
0.636162 0.509076
0.644028 0.514639
0.62948 0.539795
0.615631 0.527876
0.605702 0.527937
0.597295 0.529785
0.587972 0.535508
0.578774 0.53576
0.570052 0.53615
0.56211 0.537855
0.554194 0.542154
0.546893 0.538579
0.539516 0.538998
0.532586 0.540047
0.525489 0.545269
0.517724 0.544212
0.50913 0.544864
0.501712 0.542369
0.49439 0.541536
0.485494 0.54699
0.473983 0.544397
0.46225 0.542754
0.454568 0.540311
0.448445 0.538809
0.441361 0.538079
0.433256 0.53827
0.422098 0.537645
0.411672 0.533048
0.40274 0.527449
0.395491 0.528511
0.388631 0.521739
0.381294 0.521167
0.375114 0.515262
0.368707 0.510953
0.360256 0.505922
0.337698 0.552804
0.329905 0.554726
0.322372 0.541679
0.312917 0.546335
0.304529 0.549359
0.31973 0.560535
0.312745 0.565007
0.306006 0.568581
0.299479 0.569067
0.29375 0.571215
0.287796 0.572425
0.282458 0.573994
0.276024 0.579895
0.268777 0.581463
0.260648 0.583817
0.252604 0.583099
0.245695 0.580369
0.237784 0.581991
0.247821 0.598618
0.241016 0.598996
0.233919 0.600242
0.227121 0.596692
0.219644 0.599577
0.212738 0.608006
0.205664 0.610583
0.199247 0.61198
0.189271 0.607979
0.183412 0.613791
0.177394 0.604352
0.16819 0.605231
0.162867 0.614541
0.157343 0.61307
0.152196 0.619525
0.158937 0.629977
0.167263 0.625628
0.173072 0.619647
0.178945 0.62734
0.187342 0.633993
0.193313 0.622824
0.200164 0.630362
0.208591 0.626275
0.218243 0.620161
0.22533 0.615384
0.232199 0.619082
0.23956 0.618443
0.246742 0.616675
0.253912 0.621044
0.260735 0.622159
0.268026 0.622394
0.275431 0.620714
0.283994 0.623938
0.294695 0.631707
0.305057 0.637682
0.285712 0.643922
0.274646 0.641669
0.264229 0.643772
0.254477 0.640383
0.246981 0.635033
0.240083 0.637835
0.233221 0.63745
0.226318 0.635207
0.220053 0.63845
0.213311 0.637572
0.204651 0.642932
0.194336 0.642423
0.180876 0.644116
0.172292 0.640339
0.164681 0.640973
0.156776 0.645309
0.15059 0.638433
0.144087 0.639061
0.135881 0.645299
0.12558 0.643375
0.118777 0.638391
0.110842 0.642015
0.103172 0.640097
0.0980533 0.628911
0.0892555 0.627643
0.075895 0.623323
0.0826433 0.620396
0.089256 0.608696
0.0947276 0.614223
0.101081 0.6106
0.106338 0.620554
0.112336 0.625906
0.118028 0.617673
0.124697 0.62231
0.131275 0.628362
0.138843 0.627464
0.145986 0.620854
0.130903 0.609803
0.136533 0.610464
0.142426 0.606021
0.14832 0.600086
0.154964 0.597996
0.161572 0.595919
0.171839 0.591912
0.177537 0.582552
0.165764 0.582408
0.15871 0.57823
0.151954 0.5825
0.144844 0.581861
0.138941 0.589946
0.132821 0.589748
0.127241 0.599148
0.121695 0.602657
0.112527 0.606164
0.106394 0.598409
0.111715 0.587421
0.117725 0.589946
0.125296 0.581853
0.131774 0.570711
0.138038 0.568666
0.144056 0.561635
0.150058 0.565634
0.156277 0.560893
0.164067 0.562513
0.171188 0.570824
0.175614 0.558033
0.181961 0.567526
0.188228 0.568228
0.19543 0.562003
0.210393 0.566868
0.203787 0.571611
0.197168 0.57838
0.190686 0.585048
0.184144 0.591135
0.195212 0.598579
0.20181 0.592282
0.208258 0.590067
0.214559 0.584754
0.222451 0.580847
0.230655 0.578744
0.217917 0.565803
0.225889 0.563758
0.235586 0.563368
0.242589 0.565396
0.249322 0.55773
0.256326 0.567377
0.263667 0.566391
0.271237 0.563452
0.278326 0.562004
0.29033 0.552687
0.296908 0.547673
0.283572 0.548021
0.274128 0.545951
0.264618 0.547755
0.255884 0.548405
0.241562 0.546957
0.230597 0.549375
0.222024 0.546704
0.214722 0.547756
0.208537 0.546708
0.202556 0.551611
0.196295 0.54389
0.188882 0.547907
0.180953 0.545976
0.169488 0.546864
0.160037 0.544311
0.150149 0.545707
0.140247 0.546114
0.131941 0.548659
0.121546 0.544838
0.111819 0.544239
0.102301 0.545196
0.0954953 0.550246
0.08858 0.546116
0.0791947 0.544088
0.0694062 0.545148
0.0601394 0.544577
0.0516988 0.544494
0.0447563 0.548697
0.036288 0.544515
0.0270507 0.545208
0.0169134 0.544489
0.00604169 0.543526
0.0024359 0.559597
0.00805818 0.561822
0.0139368 0.561386
0.0214547 0.558247
0.0269136 0.565933
0.0325478 0.561594
0.0394664 0.56062
0.0507237 0.562018
0.0573611 0.562284
0.06405 0.558937
0.0693864 0.566118
0.0755316 0.558554
0.0838393 0.560257
0.0902017 0.566036
0.0955156 0.574572
0.100774 0.565275
0.107604 0.559826
0.116739 0.558601
0.126012 0.560943
0.120238 0.571299
0.11311 0.570695
0.106358 0.577116
0.10122 0.587604
0.0960695 0.595813
0.0901435 0.588798
0.0848173 0.580748
0.0794363 0.57244
0.0731997 0.57832
0.0641462 0.577275
0.0580357 0.58191
0.0520833 0.579644
0.0452885 0.572482
0.0385417 0.57751
0.0322952 0.582596
0.0255483 0.581808
0.0184861 0.574638
0.0100071 0.579403
0.00328704 0.579845
0.0145032 0.589976
0.0205556 0.592906
0.00282233 0.598555
0.00873611 0.60004
0.0147955 0.607751
0.0220687 0.609607
0.0334226 0.607143
0.0276907 0.599259
0.0374015 0.595762
0.0434534 0.592422
0.0496894 0.594225
0.056828 0.600553
0.0633839 0.597497
0.0699167 0.593107
0.0779324 0.589759
0.0836134 0.6004
0.0769792 0.606022
0.0705973 0.611957
0.0648791 0.617851
0.0586731 0.620049
0.0515625 0.611758
0.0454015 0.610782
0.0397105 0.615594
0.0521408 0.628394
0.0448292 0.62994
0.0350353 0.628081
0.0290895 0.619476
0.0242892 0.626859
0.0172446 0.624241
0.00994624 0.621747
0.00347222 0.616425
0.00303363 0.635923
0.00847825 0.638889
0.0148121 0.641068
0.0217754 0.641043
0.0303017 0.640847
0.0393258 0.641173
0.0494207 0.644958
0.0579688 0.64055
0.0644986 0.637907
0.0705556 0.635266
0.076875 0.640399
0.0832532 0.640329
0.0932568 0.642636
0.0856879 0.710342
0.126065 0.716721
0.137111 0.71753
0.145486 0.798443
0.13827 0.808301
0.130164 0.807022
0.121879 0.807182
0.114713 0.805341
0.108779 0.811065
0.09755 0.803285
0.0894197 0.804909
0.0821635 0.804673
0.0744079 0.801657
0.0663796 0.801906
0.05375 0.80095
0.0458088 0.803519
0.0370834 0.802496
0.0279303 0.800329
0.0192523 0.804928
0.00863562 0.801909
0.00273438 0.806575
0.0071894 0.822113
End
