1200 414
0.00228659 0.44954
0.00606982 0.461189
0.00212607 0.469063
0.0101239 0.471504
0.0180589 0.467214
0.0254375 0.473369
0.030375 0.469928
0.0351716 0.471796
0.0395833 0.469425
0.0442842 0.472656
0.0490428 0.478163
0.0546902 0.474328
0.0600219 0.469552
0.0643371 0.477327
0.0706731 0.477053
0.0762269 0.478798
0.0801321 0.486951
0.0736111 0.492351
0.0680208 0.489976
0.0628779 0.495366
0.0583333 0.485105
0.0520238 0.489533
0.044678 0.488472
0.0389015 0.486276
0.0331127 0.484086
0.0294257 0.490501
0.0248958 0.487092
0.0201931 0.481825
0.014625 0.479106
0.00634524 0.479538
0.00238248 0.487087
0.0109295 0.489564
0.00684829 0.498111
0.00246429 0.502864
0.0117982 0.505149
0.0165675 0.494939
0.0232419 0.499205
0.0191422 0.50682
0.0150711 0.516054
0.0084127 0.516333
0.00291667 0.516908
0.00291666 0.531403
0.00833333 0.531403
0.01325 0.530556
0.0182456 0.530894
0.0235923 0.531107
0.0284634 0.53292
0.0351136 0.531895
0.0413294 0.531344
0.0475092 0.531753
0.05375 0.531491
0.0596402 0.530962
0.0653261 0.530561
0.0718372 0.531847
0.0781151 0.531286
0.0833435 0.530724
0.0893286 0.532548
0.0946825 0.530768
0.10012 0.529495
0.104924 0.529755
0.110091 0.529616
0.115675 0.53204
0.122917 0.532119
0.13115 0.530725
0.126429 0.522314
0.118135 0.520071
0.112118 0.513939
0.10642 0.513285
0.101211 0.509915
0.096723 0.516092
0.0917892 0.516127
0.0870588 0.52046
0.0825794 0.513573
0.0765142 0.51841
0.0694697 0.519104
0.0623611 0.514516
0.0563294 0.516966
0.0507895 0.517671
0.0453198 0.517049
0.0395238 0.516966
0.03475 0.515096
0.0303186 0.52245
0.0214352 0.518586
0.0261432 0.513347
0.0300595 0.504946
0.035625 0.499231
0.0417685 0.502496
0.047936 0.502219
0.053369 0.503416
0.0580833 0.500845
0.0677083 0.505215
0.0734797 0.507148
0.0788492 0.502358
0.0882708 0.505133
0.094441 0.50215
0.08425 0.495712
0.0897024 0.489245
0.0954167 0.489065
0.100713 0.494176
0.106424 0.496995
0.11172 0.496686
0.116444 0.5025
0.121521 0.509802
0.126148 0.505332
0.130985 0.511913
0.135644 0.512077
0.140548 0.504894
0.145686 0.499858
0.150255 0.501946
0.154314 0.498792
0.159043 0.500228
0.164628 0.49716
0.168958 0.502617
0.176694 0.497558
0.17121 0.490108
0.175559 0.481766
0.181694 0.488433
0.186763 0.479469
0.191447 0.476036
0.196149 0.478151
0.200182 0.473657
0.204954 0.471484
0.210208 0.467814
0.21625 0.470425
0.221898 0.472276
0.226705 0.466074
0.23125 0.473602
0.235952 0.468024
0.240764 0.473581
0.247026 0.469368
0.252576 0.463988
0.257759 0.466347
0.262058 0.471856
0.26627 0.471869
0.271165 0.469435
0.27625 0.47452
0.281491 0.470719
0.288408 0.473585
0.292939 0.47516
0.296949 0.475495
0.3017 0.477249
0.306345 0.475673
0.310742 0.468511
0.315573 0.475996
0.309583 0.485507
0.318066 0.492041
0.313227 0.495646
0.308155 0.5023
0.303308 0.493025
0.297062 0.489432
0.289891 0.490338
0.284441 0.484005
0.278694 0.489667
0.273246 0.488558
0.268991 0.485316
0.265099 0.493904
0.260457 0.485124
0.255397 0.480929
0.250552 0.482783
0.244543 0.484653
0.24033 0.493508
0.234714 0.486478
0.227324 0.484783
0.221891 0.488139
0.216736 0.486245
0.212255 0.482452
0.207647 0.482808
0.200792 0.487681
0.194072 0.491601
0.188291 0.495243
0.18308 0.503728
0.193181 0.506805
0.199136 0.501502
0.20494 0.505003
0.205543 0.493376
0.21156 0.497556
0.21857 0.500098
0.224776 0.500836
0.229958 0.499758
0.234491 0.502885
0.238594 0.50785
0.243409 0.510485
0.248454 0.508065
0.24813 0.496152
0.254728 0.498635
0.260011 0.500098
0.269203 0.505146
0.274969 0.502857
0.28314 0.498262
0.288333 0.506671
0.293686 0.50127
0.298707 0.504552
0.303622 0.510931
0.311784 0.513285
0.31762 0.508454
0.323261 0.504043
0.327231 0.517042
0.321308 0.521486
0.315062 0.523551
0.306805 0.521522
0.298909 0.519439
0.292704 0.517653
0.286293 0.522327
0.283012 0.512526
0.278617 0.513999
0.273182 0.518775
0.266998 0.519974
0.262994 0.512218
0.257746 0.516743
0.252795 0.514758
0.247697 0.521612
0.238921 0.521275
0.23286 0.517951
0.227176 0.516291
0.221646 0.513708
0.216898 0.521337
0.215034 0.509433
0.209697 0.513285
0.203729 0.517572
0.198136 0.516018
0.193284 0.521313
0.188106 0.514383
0.183064 0.518968
0.178216 0.513595
0.173139 0.512158
0.167675 0.516717
0.162667 0.512017
0.156062 0.514312
0.150908 0.517435
0.145801 0.515143
0.140718 0.518921
0.136616 0.53037
0.142212 0.531873
0.147839 0.531148
0.153828 0.531148
0.159584 0.53383
0.159811 0.52324
0.164968 0.530751
0.170083 0.530556
0.175 0.529754
0.179912 0.530895
0.185539 0.531491
0.191002 0.532088
0.196831 0.531879
0.201565 0.531107
0.2067 0.531043
0.21127 0.528838
0.215981 0.533467
0.221647 0.530366
0.226755 0.531846
0.231571 0.533166
0.236941 0.533905
0.243023 0.532763
0.248878 0.534281
0.254532 0.532559
0.260365 0.531854
0.265502 0.534033
0.271136 0.533377
0.277134 0.532559
0.282602 0.532931
0.288974 0.533787
0.294145 0.532672
0.298562 0.533933
0.30358 0.533267
0.309972 0.533145
0.317575 0.535458
0.325087 0.533283
0.331596 0.531606
0.341328 0.570618
0.33057 0.575388
0.323795 0.57117
0.318594 0.582025
0.311271 0.582488
0.305417 0.584023
0.300133 0.587725
0.293201 0.588713
0.287808 0.591997
0.282161 0.592995
0.276583 0.595894
0.271492 0.595722
0.26625 0.59686
0.25952 0.601426
0.253843 0.603049
0.264584 0.606969
0.27272 0.607302
0.280263 0.607427
0.286208 0.607731
0.292064 0.608868
0.296656 0.599417
0.305843 0.599534
0.301476 0.612851
0.311623 0.613596
0.321797 0.608243
0.315165 0.598163
0.327468 0.59476
0.338667 0.591747
0.411155 0.715539
0.438405 0.722608
0.420746 0.733373
0.435217 0.795322
0.655907 0.98094
0.874211 0.927834
0.910404 0.935865
0.942567 0.942216
0.989402 0.951111
0.976327 0.945323
0.964902 0.938693
0.955676 0.930417
0.934162 0.922804
0.536206 0.566387
0.592414 0.520175
0.631605 0.497408
0.645763 0.491683
0.656442 0.483231
0.667525 0.477479
0.657292 0.462215
0.649743 0.462817
0.643097 0.458121
0.636717 0.456374
0.631017 0.455651
0.625395 0.448439
0.619383 0.44628
0.616174 0.462033
0.607676 0.455191
0.611528 0.446552
0.614618 0.435084
0.621076 0.429137
0.625536 0.435783
0.631337 0.438204
0.636775 0.43767
0.641667 0.444699
0.647197 0.441535
0.65214 0.443841
0.65756 0.44594
0.664083 0.450483
0.671271 0.448068
0.680778 0.439636
0.688137 0.431524
0.695688 0.430529
0.701023 0.435716
0.704893 0.427677
0.710298 0.423683
0.715089 0.416008
0.719627 0.413043
0.723876 0.416886
0.727639 0.42398
0.735197 0.423277
0.738696 0.432094
0.743113 0.433078
0.74725 0.430193
0.752108 0.437695
0.763598 0.441919
0.756613 0.444475
0.748607 0.446342
0.744107 0.448206
0.739289 0.44686
0.734205 0.453484
0.72943 0.448004
0.734583 0.440142
0.730662 0.432864
0.721678 0.430572
0.716396 0.42971
0.724944 0.439907
0.718342 0.444256
0.711784 0.438096
0.706811 0.444287
0.69913 0.449223
0.693442 0.445232
0.688227 0.44745
0.68373 0.4539
0.688357 0.464439
0.69336 0.463794
0.698909 0.463481
0.705217 0.458454
0.712367 0.452844
0.718814 0.458844
0.724238 0.454077
0.729412 0.464171
0.72432 0.468726
0.718882 0.473176
0.713706 0.465675
0.708866 0.471885
0.703565 0.47555
0.697839 0.477839
0.694107 0.487849
0.701887 0.492682
0.707632 0.488911
0.712559 0.496722
0.716645 0.504704
0.721759 0.503757
0.726625 0.510447
0.731676 0.517364
0.72578 0.524433
0.720068 0.518003
0.713315 0.516645
0.707895 0.521832
0.698023 0.520036
0.692739 0.514827
0.70272 0.512811
0.707792 0.50573
0.697132 0.502581
0.689426 0.500296
0.682724 0.510219
0.686039 0.511186
0.686975 0.518378
0.669075 0.547106
0.68223 0.540789
0.689687 0.532709
0.695251 0.5332
0.700972 0.533105
0.705959 0.533939
0.71214 0.533377
0.717413 0.532328
0.722579 0.534308
0.729089 0.534308
0.734312 0.532665
0.739861 0.535162
0.747611 0.535217
0.754136 0.53473
0.760455 0.533564
0.766498 0.535419
0.772972 0.533253
0.778465 0.532727
0.783251 0.532972
0.788713 0.533082
0.794845 0.533177
0.8025 0.534806
0.809015 0.534256
0.815524 0.534158
0.82123 0.533701
0.827302 0.534565
0.83373 0.533701
0.839333 0.53285
0.844044 0.534102
0.848553 0.5321
0.853416 0.532972
0.858606 0.53303
0.864497 0.533944
0.869312 0.531878
0.874515 0.53469
0.880397 0.533905
0.886137 0.533377
0.892186 0.534554
0.898819 0.534569
0.904861 0.533514
0.912263 0.534357
0.919601 0.534107
0.926894 0.533268
0.933212 0.529841
0.93867 0.529589
0.944462 0.531549
0.948693 0.525472
0.953156 0.532092
0.957144 0.524066
0.961304 0.530759
0.966666 0.530556
0.971731 0.532244
0.975905 0.52766
0.980418 0.531891
0.986668 0.531731
0.99264 0.531267
0.997596 0.530751
0.996587 0.515803
0.990034 0.519617
0.983087 0.519726
0.97803 0.512461
0.972544 0.507818
0.970394 0.518116
0.965217 0.514125
0.959385 0.510294
0.953046 0.511782
0.947979 0.508696
0.942627 0.515543
0.937083 0.509429
0.931921 0.501149
0.926347 0.504971
0.921473 0.497084
0.916212 0.502196
0.907871 0.498009
0.903333 0.493262
0.911742 0.490064
0.916031 0.4836
0.921048 0.484446
0.927464 0.488448
0.934879 0.489399
0.939829 0.488636
0.943409 0.499231
0.949236 0.493005
0.956009 0.497772
0.963333 0.500057
0.969637 0.494749
0.975281 0.495197
0.98125 0.498511
0.985566 0.50833
0.991186 0.506348
0.997429 0.501031
0.987025 0.493006
0.992785 0.49269
0.997254 0.485105
0.99682 0.472222
0.99062 0.478449
0.984148 0.480457
0.97867 0.483954
0.964759 0.487351
0.958985 0.484352
0.953232 0.483712
0.944528 0.480166
0.94904 0.473065
0.954812 0.469203
0.959828 0.467604
0.963862 0.472353
0.968592 0.476857
0.973402 0.476248
0.978677 0.467391
0.984708 0.466727
0.990904 0.464151
0.997144 0.459084
0.997664 0.44492
0.992215 0.449402
0.987488 0.451854
0.982559 0.453037
0.977871 0.450026
0.973643 0.457791
0.968817 0.461712
0.963908 0.454739
0.957824 0.455046
0.951521 0.45779
0.945133 0.458911
0.938129 0.454183
0.932292 0.458223
0.926806 0.452167
0.921937 0.457246
0.927547 0.465848
0.941009 0.468726
0.93623 0.471773
0.931209 0.476876
0.924393 0.474845
0.919417 0.470773
0.912126 0.472594
0.906458 0.479414
0.900153 0.482355
0.892646 0.484495
0.895823 0.494079
0.887404 0.490493
0.879979 0.495773
0.874444 0.491661
0.866012 0.494939
0.858303 0.494727
0.851232 0.491392
0.845416 0.493019
0.839846 0.498983
0.833811 0.497732
0.828188 0.492995
0.822998 0.48913
0.817208 0.492029
0.811505 0.495035
0.806192 0.498567
0.800877 0.492054
0.79568 0.488622
0.789067 0.486772
0.781128 0.49131
0.775908 0.493652
0.772161 0.501882
0.779766 0.50651
0.785565 0.501422
0.791345 0.500988
0.79675 0.502726
0.801805 0.508512
0.810417 0.509217
0.816 0.50628
0.821951 0.504501
0.827896 0.507158
0.83339 0.511457
0.840096 0.511179
0.847301 0.506564
0.854034 0.504625
0.862151 0.503427
0.871 0.502053
0.877103 0.507994
0.884432 0.504941
0.890357 0.502818
0.894925 0.510374
0.899904 0.503685
0.905106 0.511487
0.911508 0.510122
0.920793 0.51294
0.930487 0.516677
0.924291 0.522222
0.915978 0.521214
0.908813 0.523309
0.900568 0.520366
0.894737 0.523646
0.888444 0.518904
0.882043 0.518921
0.876458 0.52194
0.871571 0.517497
0.866502 0.513903
0.862153 0.5208
0.857713 0.515229
0.851676 0.518228
0.844525 0.519408
0.836607 0.520807
0.829627 0.522311
0.823849 0.519669
0.818059 0.51953
0.812233 0.522327
0.805972 0.51935
0.799934 0.524155
0.795822 0.516288
0.790417 0.517088
0.784409 0.517763
0.776954 0.517686
0.771667 0.517544
0.767131 0.52412
0.762183 0.517886
0.756392 0.521238
0.750435 0.521629
0.743773 0.527321
0.738135 0.520359
0.745093 0.514627
0.740669 0.507063
0.735635 0.505233
0.731036 0.498854
0.726012 0.495342
0.719048 0.48959
0.713863 0.481664
0.723816 0.482901
0.729156 0.482194
0.734754 0.486777
0.739498 0.491732
0.744436 0.499076
0.749291 0.505059
0.754104 0.506461
0.759213 0.506106
0.767064 0.50778
0.763277 0.497878
0.757632 0.491192
0.752434 0.490338
0.747662 0.488929
0.743792 0.480133
0.739223 0.475421
0.732995 0.473279
0.735923 0.464372
0.740189 0.461023
0.745182 0.462436
0.748729 0.471981
0.753287 0.475711
0.758309 0.475632
0.7625 0.482622
0.7675 0.489194
0.771798 0.483028
0.77718 0.477446
0.784166 0.480435
0.793607 0.47657
0.798829 0.474178
0.804663 0.481941
0.80974 0.482337
0.814083 0.479331
0.819448 0.477249
0.823854 0.470652
0.833729 0.46878
0.839622 0.47093
0.828382 0.477615
0.833811 0.483239
0.839734 0.485507
0.845509 0.477804
0.851522 0.47385
0.856311 0.481236
0.862183 0.480869
0.868988 0.482919
0.873194 0.475443
0.877982 0.479532
0.883293 0.482977
0.889291 0.474703
0.895966 0.472003
0.901591 0.466842
0.908018 0.464033
0.916227 0.461822
0.912361 0.453637
0.904155 0.454624
0.896494 0.455844
0.891354 0.460326
0.885732 0.466412
0.881075 0.466501
0.876228 0.462691
0.870482 0.464213
0.865203 0.468683
0.856995 0.465541
0.847732 0.463634
0.843384 0.45826
0.838246 0.455695
0.833548 0.454143
0.828438 0.46093
0.824693 0.451373
0.819848 0.458495
0.815592 0.465739
0.808596 0.468345
0.803456 0.467391
0.811366 0.457528
0.806309 0.452266
0.800237 0.457534
0.79469 0.461198
0.789385 0.468887
0.784609 0.465708
0.780116 0.466519
0.775476 0.458017
0.771477 0.467721
0.766464 0.472408
0.762036 0.465114
0.756073 0.463
0.751746 0.456924
0.759804 0.453112
0.766104 0.455314
0.770518 0.449835
0.77557 0.441711
0.780509 0.450054
0.78625 0.452899
0.791896 0.450242
0.797259 0.445271
0.802462 0.443237
0.810574 0.441148
0.815349 0.448068
0.820921 0.442283
0.829854 0.444444
0.835476 0.439556
0.841157 0.44109
0.846913 0.444499
0.855329 0.44864
0.851378 0.454385
0.861198 0.45622
0.867124 0.452486
0.872895 0.449864
0.879299 0.450099
0.885376 0.451661
0.890214 0.445299
0.895292 0.440157
0.900237 0.445717
0.908655 0.445721
0.917266 0.446241
0.922917 0.440821
0.929167 0.441425
0.934074 0.442633
0.942694 0.443451
0.948816 0.445843
0.954605 0.44367
0.960504 0.442537
0.968541 0.445652
0.973662 0.441075
0.980998 0.438186
0.985512 0.437509
0.989541 0.432026
0.994154 0.435917
0.99787 0.427738
0.992617 0.41902
0.99687 0.412703
0.987453 0.416264
0.982875 0.422947
0.977549 0.429952
0.972865 0.426404
0.968345 0.429365
0.963812 0.433152
0.95782 0.428463
0.952226 0.429686
0.947016 0.432987
0.938479 0.434783
0.932795 0.426976
0.92757 0.428274
0.92339 0.423195
0.918684 0.431287
0.913142 0.43586
0.904781 0.437516
0.909358 0.428222
0.900724 0.429697
0.895555 0.424852
0.890987 0.428045
0.886498 0.431877
0.882354 0.437621
0.875278 0.436565
0.869385 0.436738
0.863729 0.440527
0.858262 0.438347
0.85165 0.433961
0.845094 0.429018
0.838178 0.424576
0.831685 0.427481
0.826148 0.433516
0.821309 0.426041
0.81636 0.433575
0.811625 0.42657
0.80607 0.43364
0.799461 0.430158
0.793872 0.432927
0.788611 0.440821
0.783537 0.436046
0.778182 0.430006
0.770604 0.433476
0.76516 0.428496
0.760153 0.427282
0.755988 0.428882
0.751452 0.422376
0.746482 0.41442
0.740951 0.418215
0.732131 0.413561
0.727851 0.40656
0.72275 0.400302
0.716067 0.399817
0.710801 0.407748
0.704954 0.413017
0.698783 0.414927
0.692528 0.41876
0.683619 0.421876
0.67742 0.426894
0.67127 0.431749
0.66652 0.426916
0.664583 0.438832
0.660395 0.431841
0.65578 0.428248
0.651157 0.426731
0.64661 0.42313
0.642579 0.43018
0.638592 0.421955
0.632721 0.420984
0.627083 0.42234
0.636293 0.409111
0.643194 0.411261
0.649628 0.411052
0.655373 0.413234
0.661647 0.416227
0.667041 0.413198
0.6728 0.416049
0.678382 0.410263
0.682896 0.403765
0.688025 0.40858
0.693292 0.403019
0.697847 0.397611
0.702724 0.399573
0.707893 0.396605
0.712702 0.390642
0.719815 0.388822
0.724676 0.381575
0.719972 0.374718
0.71537 0.378757
0.710121 0.379967
0.705512 0.383264
0.700742 0.383734
0.694769 0.384796
0.690536 0.390097
0.685801 0.391088
0.67877 0.39257
0.673487 0.400966
0.668214 0.399413
0.663044 0.394717
0.656759 0.391573
0.659131 0.404037
0.652821 0.39962
0.646656 0.398334
0.640175 0.399059
0.643194 0.387186
0.64994 0.387543
0.64719 0.374799
0.653048 0.377638
0.65893 0.380369
0.664746 0.376252
0.668211 0.384768
0.673502 0.386571
0.682043 0.379669
0.687785 0.375667
0.677021 0.375302
0.670896 0.372343
0.661012 0.367391
0.656157 0.365607
0.651062 0.361896
0.654869 0.35069
0.660213 0.351096
0.664688 0.358318
0.669013 0.358314
0.674223 0.360197
0.67922 0.360678
0.684241 0.365261
0.690075 0.358324
0.696543 0.359022
0.692421 0.370708
0.697639 0.372456
0.702321 0.365654
0.707151 0.368423
0.712588 0.366454
0.717781 0.362482
0.724028 0.366894
0.728689 0.370302
0.733866 0.374866
0.741018 0.373994
0.74719 0.379506
0.752659 0.375891
0.758146 0.380857
0.763301 0.380992
0.768466 0.381917
0.773373 0.387278
0.779855 0.389939
0.785978 0.393405
0.791891 0.392884
0.797703 0.391335
0.805882 0.392867
0.809369 0.40007
0.80188 0.404236
0.795096 0.404713
0.788931 0.408475
0.782449 0.405237
0.775639 0.401691
0.769678 0.400801
0.764447 0.396837
0.759199 0.397405
0.754741 0.392969
0.750265 0.391195
0.742574 0.387113
0.737551 0.387387
0.731856 0.38629
0.727475 0.391375
0.732917 0.398792
0.737291 0.405857
0.741903 0.402696
0.746319 0.397813
0.751541 0.406763
0.756372 0.412366
0.762063 0.411895
0.767307 0.415371
0.772882 0.417824
0.778408 0.415242
0.784087 0.419715
0.788791 0.426691
0.793772 0.418192
0.799282 0.415727
0.804584 0.421498
0.807206 0.411409
0.81221 0.414178
0.81751 0.416019
0.825945 0.41755
0.832409 0.412781
0.838033 0.406612
0.843049 0.414251
0.849095 0.418316
0.856268 0.422947
0.862626 0.42616
0.869147 0.423338
0.874416 0.41872
0.87875 0.426731
0.882963 0.418881
0.88775 0.415493
0.891389 0.407139
0.895336 0.411368
0.900518 0.416593
0.905987 0.418701
0.915139 0.420197
0.920196 0.414251
0.928062 0.411836
0.9335 0.411473
0.938146 0.419867
0.943231 0.421873
0.948139 0.415754
0.953693 0.413812
0.958789 0.410973
0.963432 0.417874
0.969931 0.415459
0.976955 0.415985
0.982736 0.408702
0.989651 0.404067
0.99775 0.400483
0.993218 0.396269
0.986335 0.393627
0.980963 0.39757
0.976127 0.404021
0.971048 0.40276
0.965722 0.404
0.961549 0.395795
0.956268 0.395768
0.950453 0.398866
0.944692 0.401491
0.939623 0.404877
0.934464 0.397515
0.927897 0.395377
0.92312 0.402115
0.916926 0.404198
0.911186 0.411774
0.899267 0.40359
0.904391 0.404775
0.909167 0.399289
0.914541 0.393131
0.92002 0.389119
0.910703 0.385266
0.905855 0.386537
0.901155 0.39127
0.89546 0.394546
0.889093 0.394857
0.884644 0.402351
0.879342 0.408975
0.874646 0.402113
0.869853 0.407857
0.865512 0.411215
0.860981 0.412262
0.858322 0.403278
0.853445 0.409597
0.848083 0.403019
0.842835 0.397461
0.834312 0.396163
0.82754 0.404072
0.821344 0.404974
0.814268 0.401586
0.817347 0.392394
0.82462 0.390311
0.830125 0.389251
0.839472 0.386071
0.846678 0.387224
0.851896 0.391727
0.856397 0.391944
0.863769 0.395202
0.869458 0.39372
0.879516 0.393818
0.884606 0.386375
0.891626 0.384954
0.896941 0.378726
0.901912 0.375666
0.908556 0.37111
0.914802 0.375834
0.919979 0.37343
0.925199 0.380802
0.932062 0.385699
0.939999 0.387588
0.946403 0.384428
0.952456 0.38249
0.9588 0.378599
0.964848 0.384087
0.969583 0.389601
0.975282 0.3922
0.980833 0.385408
0.97511 0.37999
0.969916 0.373242
0.963526 0.3693
0.953595 0.367178
0.94787 0.36621
0.941979 0.370723
0.936199 0.373632
0.930416 0.372246
0.924979 0.364795
0.918454 0.358374
0.912998 0.360934
0.904627 0.362637
0.898509 0.361433
0.893516 0.36164
0.888344 0.359087
0.879432 0.355914
0.884485 0.351449
0.893107 0.348413
0.897785 0.34433
0.902876 0.348975
0.908697 0.349753
0.91392 0.343873
0.919273 0.341787
0.923892 0.350978
0.93045 0.356083
0.936182 0.356231
0.941818 0.354194
0.946001 0.347029
0.951838 0.350076
0.957739 0.358798
0.963021 0.354408
0.968229 0.358213
0.972992 0.357817
0.978009 0.352791
0.982321 0.35842
0.986702 0.36332
0.976348 0.36715
0.981134 0.372316
0.986053 0.378655
0.991389 0.38216
0.997324 0.386219
0.997083 0.373188
0.991381 0.367595
0.996991 0.361111
0.997235 0.349034
0.991645 0.352975
0.987149 0.346618
0.982794 0.34264
0.978472 0.336755
0.973487 0.342995
0.968456 0.343279
0.964083 0.338958
0.95898 0.341119
0.954166 0.335066
0.947971 0.331915
0.941833 0.330676
0.937861 0.339748
0.93246 0.338912
0.92749 0.340373
0.923542 0.330676
0.934855 0.323881
0.928509 0.323054
0.919432 0.322683
0.914524 0.327352
0.909477 0.33163
0.905022 0.333969
0.89989 0.331998
0.893536 0.332621
0.888631 0.34058
0.882546 0.339171
0.877353 0.343706
0.873792 0.353183
0.869178 0.349034
0.864661 0.354988
0.85906 0.350045
0.852025 0.346337
0.845245 0.346832
0.836187 0.344324
0.830495 0.341561
0.825686 0.345837
0.820625 0.35006
0.815701 0.354866
0.810436 0.354202
0.803262 0.357055
0.796717 0.355573
0.790743 0.347196
0.797632 0.342789
0.802625 0.338345
0.807083 0.34227
0.812083 0.338991
0.816903 0.337087
0.821896 0.333937
0.827038 0.330232
0.832966 0.331202
0.837385 0.326691
0.841329 0.336381
0.847454 0.335883
0.855152 0.335896
0.861616 0.336956
0.866579 0.337084
0.872538 0.334596
0.878097 0.330102
0.884776 0.327295
0.890198 0.322082
0.89625 0.318841
0.902556 0.318786
0.909221 0.31611
0.914758 0.310499
0.919646 0.304529
0.924441 0.310695
0.930805 0.309259
0.938073 0.312148
0.944193 0.316297
0.951533 0.319758
0.957837 0.319073
0.96275 0.323859
0.968947 0.32882
0.974131 0.328468
0.983232 0.328339
0.988323 0.329533
0.992511 0.3377
0.997604 0.336504
0.996875 0.324208
0.992307 0.318045
0.997721 0.310884
0.987574 0.311749
0.98325 0.314976
0.978465 0.318634
0.973472 0.313089
0.967678 0.316391
0.968554 0.303993
0.963076 0.305093
0.957698 0.300322
0.952757 0.30386
0.947491 0.303838
0.94175 0.299222
0.935042 0.297619
0.92846 0.294003
0.923152 0.291745
0.916647 0.292216
0.911072 0.297333
0.905496 0.30498
0.899396 0.305797
0.892143 0.307223
0.887292 0.3
0.895479 0.295411
0.901006 0.29124
0.906268 0.288272
0.911472 0.278985
0.91682 0.278032
0.921726 0.274615
0.926805 0.275564
0.932934 0.282558
0.94 0.284657
0.946389 0.286383
0.951875 0.28593
0.956629 0.281895
0.961793 0.288385
0.967851 0.289855
0.972874 0.295088
0.977381 0.299517
0.98194 0.302588
0.991092 0.300529
0.995887 0.299734
0.986508 0.293823
0.981805 0.286117
0.976812 0.280614
0.971896 0.278019
0.965875 0.276993
0.960203 0.269492
0.965491 0.264351
0.971286 0.263127
0.978292 0.264674
0.98266 0.27081
0.987599 0.277088
0.992199 0.283816
0.997794 0.287937
0.996848 0.274464
0.997144 0.260722
0.991527 0.264439
0.985935 0.259018
0.991595 0.248998
0.997246 0.245064
0.986229 0.243297
0.980657 0.248926
0.975075 0.253716
0.965498 0.251414
0.959603 0.253566
0.951737 0.248678
0.946033 0.252802
0.954722 0.264291
0.949479 0.268317
0.943858 0.270531
0.937373 0.270899
0.931166 0.266667
0.940094 0.256807
0.93406 0.255336
0.926182 0.256852
0.920993 0.257122
0.916631 0.263665
0.911333 0.263406
0.905663 0.253733
0.910564 0.250213
0.916057 0.248699
0.922192 0.241178
0.929564 0.243961
0.935668 0.241012
0.940729 0.240761
0.944781 0.235047
0.948692 0.22916
0.953525 0.232831
0.957447 0.240772
0.962678 0.237865
0.970009 0.243934
0.975306 0.23803
0.981583 0.233092
0.98704 0.227394
0.991894 0.233586
0.997246 0.228156
0.992219 0.216521
0.997406 0.210071
0.987063 0.211353
0.982193 0.216883
0.976986 0.22225
0.971347 0.224104
0.966955 0.229438
0.962587 0.219666
0.957698 0.223142
0.951917 0.216184
0.943413 0.21716
0.938231 0.223065
0.93238 0.227617
0.926349 0.231712
0.916791 0.235205
0.91025 0.236742
0.902896 0.239042
0.895708 0.244324
0.899699 0.25047
0.890565 0.250698
0.886015 0.258237
0.880945 0.255184
0.8753 0.253764
0.867552 0.252667
0.862143 0.256786
0.856467 0.250105
0.849833 0.251812
0.845 0.258998
0.852639 0.262449
0.858451 0.26728
0.865076 0.271
0.871157 0.26519
0.876818 0.269049
0.882632 0.272233
0.889388 0.270249
0.895062 0.262488
0.901343 0.263285
0.90606 0.272014
0.900112 0.276865
0.89496 0.27864
0.890811 0.287503
0.885957 0.284208
0.881852 0.292807
0.878699 0.28345
0.874375 0.285561
0.870053 0.280782
0.865542 0.288406
0.860444 0.296517
0.855604 0.292935
0.849609 0.2968
0.841437 0.30151
0.83728 0.293052
0.832827 0.291585
0.828592 0.284404
0.818773 0.282903
0.823947 0.289982
0.81875 0.297101
0.813447 0.290898
0.807848 0.287415
0.802004 0.292673
0.796799 0.296767
0.791437 0.300664
0.786331 0.305791
0.780437 0.307676
0.776058 0.298309
0.77063 0.300229
0.765792 0.294927
0.762355 0.305893
0.756431 0.299464
0.75065 0.294251
0.745694 0.305203
0.73936 0.309208
0.734167 0.30891
0.723579 0.301158
0.729603 0.300275
0.735066 0.293987
0.740139 0.294531
0.744824 0.288111
0.738246 0.27966
0.732147 0.282454
0.726458 0.287923
0.720091 0.290533
0.71503 0.292064
0.709342 0.297483
0.705079 0.303336
0.712852 0.306918
0.718767 0.309279
0.725263 0.314327
0.730079 0.317894
0.734924 0.324605
0.742007 0.320762
0.74754 0.321716
0.752165 0.312707
0.757853 0.315217
0.76311 0.322239
0.767977 0.31345
0.77404 0.313695
0.779491 0.321256
0.784831 0.320701
0.790104 0.319022
0.794782 0.313952
0.800475 0.311622
0.805125 0.305314
0.809733 0.304874
0.81419 0.307904
0.818959 0.310214
0.824028 0.304146
0.829544 0.30199
0.835782 0.308442
0.846806 0.308431
0.852893 0.306629
0.85864 0.309179
0.868284 0.309463
0.864329 0.30361
0.870925 0.29772
0.87642 0.301877
0.881655 0.306384
0.885833 0.31401
0.878937 0.317814
0.873125 0.316754
0.868194 0.323671
0.863202 0.319858
0.858536 0.324534
0.854115 0.319218
0.850146 0.324336
0.844907 0.322665
0.840702 0.316362
0.831971 0.317633
0.827132 0.31607
0.82206 0.319377
0.816042 0.322947
0.810707 0.323082
0.805621 0.323154
0.799041 0.326115
0.793351 0.332441
0.787193 0.333778
0.780724 0.334096
0.774583 0.329192
0.768519 0.329504
0.762413 0.337125
0.756729 0.329967
0.751139 0.33234
0.74328 0.335656
0.738271 0.335266
0.732958 0.34215
0.737579 0.350013
0.742169 0.354484
0.746453 0.344203
0.750599 0.348958
0.754684 0.346618
0.758655 0.348275
0.762917 0.354003
0.767544 0.348109
0.772169 0.342654
0.777617 0.345689
0.784561 0.345538
0.781936 0.355499
0.774178 0.357129
0.778935 0.364466
0.786607 0.362376
0.791613 0.363341
0.79671 0.368024
0.800439 0.373061
0.805439 0.375731
0.809116 0.367474
0.814583 0.373031
0.819646 0.365821
0.825812 0.359964
0.830899 0.3552
0.834825 0.361937
0.839882 0.354422
0.844921 0.359936
0.849899 0.35961
0.855258 0.360824
0.861345 0.366436
0.869562 0.364915
0.875546 0.368357
0.882534 0.366138
0.89173 0.372822
0.886759 0.374262
0.879925 0.378639
0.87475 0.385386
0.870101 0.378933
0.865374 0.377895
0.860526 0.382977
0.856021 0.375906
0.850473 0.374835
0.844542 0.374758
0.839722 0.369297
0.834827 0.377784
0.829507 0.373408
0.824213 0.373792
0.819944 0.381806
0.811072 0.384957
0.801957 0.387242
0.794236 0.379227
0.78875 0.378568
0.783083 0.376248
0.776392 0.375781
0.770985 0.366601
0.765681 0.366178
0.759646 0.366244
0.754627 0.362509
0.748998 0.361894
0.744878 0.365587
0.737309 0.364897
0.732297 0.358634
0.727733 0.35086
0.722765 0.354963
0.718628 0.3474
0.713287 0.352456
0.708495 0.353999
0.704508 0.348814
0.700232 0.349235
0.693988 0.347032
0.68711 0.348807
0.682745 0.349318
0.678015 0.344984
0.673643 0.345917
0.669559 0.341716
0.664989 0.342345
0.657108 0.338377
0.661369 0.33109
0.667671 0.325593
0.673417 0.330797
0.679792 0.332595
0.684755 0.335109
0.690729 0.338391
0.697702 0.337026
0.702988 0.332747
0.707255 0.335749
0.711201 0.336743
0.715469 0.338164
0.723333 0.340135
0.728769 0.333278
0.723426 0.325684
0.718975 0.328209
0.714792 0.32139
0.710245 0.320901
0.706092 0.317502
0.700972 0.311265
0.695644 0.315583
0.70004 0.323399
0.694245 0.327295
0.688578 0.327878
0.689349 0.317482
0.682962 0.320375
0.677131 0.320324
0.672367 0.314229
0.662962 0.317763
0.666945 0.307626
0.670957 0.297983
0.675877 0.29958
0.679651 0.307775
0.685298 0.307971
0.691446 0.30584
0.695897 0.301603
0.699792 0.296724
0.68777 0.296462
0.681961 0.294126
0.675833 0.28432
0.682417 0.281125
0.687548 0.28112
0.692571 0.288706
0.697458 0.282609
0.703078 0.289115
0.707304 0.28339
0.711835 0.280683
0.702604 0.274396
0.697105 0.267671
0.691871 0.270814
0.685576 0.264133
0.680202 0.27098
0.675845 0.266386
0.671319 0.270867
0.667568 0.259718
0.672935 0.252791
0.679741 0.256006
0.683384 0.247349
0.689772 0.253733
0.695071 0.253712
0.701333 0.258998
0.707231 0.265942
0.712708 0.267311
0.717934 0.274995
0.72318 0.275807
0.728882 0.272565
0.734563 0.266448
0.740369 0.266701
0.744699 0.273148
0.749659 0.276241
0.75499 0.281294
0.760317 0.28836
0.765512 0.281056
0.771694 0.285212
0.778052 0.285122
0.78249 0.292748
0.787468 0.288895
0.792579 0.283701
0.798076 0.278317
0.803583 0.276751
0.813246 0.275109
0.819657 0.270176
0.8247 0.273424
0.830998 0.269885
0.835523 0.276818
0.840602 0.282877
0.845145 0.289434
0.850964 0.284162
0.860158 0.281976
0.854398 0.275899
0.847472 0.273081
0.841521 0.269384
0.836595 0.261606
0.827324 0.259344
0.820998 0.256797
0.815071 0.26137
0.808264 0.267562
0.802222 0.261222
0.796349 0.262652
0.791386 0.268874
0.786469 0.274091
0.78187 0.272806
0.776579 0.271294
0.771569 0.270887
0.766705 0.269616
0.760355 0.272328
0.755184 0.264998
0.750139 0.258202
0.745051 0.25707
0.739543 0.253221
0.731958 0.254408
0.726206 0.261759
0.721028 0.258213
0.715957 0.257573
0.710625 0.251812
0.704644 0.248704
0.698672 0.242978
0.692703 0.237473
0.687417 0.238164
0.68275 0.229613
0.689447 0.22205
0.696211 0.226519
0.702165 0.231501
0.707532 0.236374
0.712767 0.23687
0.717276 0.242939
0.722625 0.241787
0.727151 0.24778
0.735912 0.244451
0.730985 0.236111
0.725966 0.228929
0.719127 0.228548
0.712146 0.22337
0.706327 0.22034
0.700376 0.215771
0.694768 0.210816
0.69004 0.203934
0.685036 0.210933
0.679682 0.216414
0.672125 0.216304
0.667759 0.208415
0.663578 0.213839
0.659271 0.209164
0.651468 0.207499
0.64488 0.20883
0.638507 0.210095
0.632956 0.214688
0.62348 0.215139
0.616731 0.212641
0.611183 0.203188
0.602886 0.19866
0.595937 0.198973
0.590694 0.204451
0.585897 0.20615
0.580433 0.204532
0.570331 0.208493
0.575872 0.214224
0.582225 0.223471
0.588253 0.228388
0.596612 0.230722
0.592797 0.218303
0.598556 0.210903
0.602138 0.220699
0.60725 0.215656
0.612628 0.223476
0.620417 0.226948
0.627361 0.222452
0.63143 0.230089
0.63692 0.227736
0.642858 0.223205
0.649223 0.221234
0.655562 0.218418
0.660812 0.225966
0.666961 0.22614
0.676097 0.226735
0.671667 0.234848
0.67738 0.241519
0.667178 0.243357
0.66172 0.239223
0.654891 0.233039
0.648546 0.235292
0.641704 0.238307
0.646058 0.246903
0.654034 0.248079
0.647491 0.259662
0.655083 0.2625
0.648571 0.277605
0.641163 0.276469
0.634136 0.273389
0.62714 0.280962
0.636334 0.289211
0.615799 0.303644
0.589147 0.287616
0.602084 0.263889
0.61253 0.270531
0.612746 0.252514
0.619087 0.257706
0.625871 0.256972
0.632941 0.258383
0.639956 0.257349
0.636678 0.24432
0.631209 0.244167
0.625736 0.239721
0.62061 0.243259
0.615295 0.238023
0.608514 0.239062
0.603488 0.236691
0.599507 0.24899
0.593655 0.246172
0.587978 0.243991
0.581831 0.244776
0.569656 0.24454
0.576898 0.234613
0.57156 0.227456
0.565879 0.220343
0.553623 0.223062
0.547785 0.226417
0.541822 0.226414
0.534609 0.235011
0.52607 0.234268
0.52006 0.227866
0.514502 0.229498
0.508702 0.22775
0.502995 0.241473
0.49664 0.229597
0.489676 0.229335
0.482033 0.231643
0.477523 0.219328
0.471864 0.226863
0.465758 0.225791
0.460173 0.223901
0.454755 0.223802
0.441856 0.221454
0.437083 0.213768
0.432271 0.205737
0.425908 0.212777
0.416079 0.220147
0.420655 0.220209
0.42556 0.226674
0.431269 0.220902
0.435991 0.230193
0.429226 0.23591
0.42253 0.238394
0.417465 0.238627
0.41251 0.242754
0.407324 0.243344
0.402583 0.235205
0.397612 0.234388
0.411706 0.226305
0.406587 0.225213
0.400052 0.219153
0.393495 0.220916
0.387841 0.217721
0.382434 0.217264
0.378618 0.225528
0.373049 0.219697
0.366782 0.214796
0.361017 0.209162
0.355774 0.203646
0.365102 0.198094
0.359713 0.19117
0.353015 0.188903
0.346871 0.196397
0.340706 0.189811
0.334194 0.187896
0.328592 0.181649
0.322988 0.188688
0.316288 0.182587
0.309725 0.187506
0.30369 0.183517
0.297961 0.18491
0.292006 0.189389
0.286513 0.197051
0.280278 0.20008
0.274787 0.198953
0.269526 0.204491
0.264289 0.200459
0.257746 0.202929
0.252988 0.200406
0.247798 0.206004
0.242483 0.209491
0.2356 0.212118
0.229034 0.213665
0.2227 0.219082
0.215817 0.220689
0.209318 0.21525
0.200029 0.217307
0.194901 0.216069
0.19 0.22406
0.18485 0.216425
0.178526 0.216478
0.173396 0.216969
0.166731 0.218975
0.160727 0.211746
0.154229 0.208012
0.148147 0.199635
0.142263 0.199145
0.153678 0.191294
0.149425 0.181735
0.144223 0.184783
0.138049 0.190492
0.133058 0.198093
0.126708 0.199698
0.12162 0.192029
0.128465 0.186373
0.13371 0.179549
0.139348 0.173703
0.14468 0.167931
0.15031 0.166512
0.155095 0.173639
0.159623 0.180354
0.164643 0.18484
0.169854 0.190882
0.159268 0.196323
0.165057 0.201855
0.170439 0.205823
0.175208 0.197628
0.180219 0.203344
0.185382 0.198269
0.190473 0.206247
0.197968 0.200902
0.204633 0.204976
0.212243 0.202976
0.21842 0.205566
0.224935 0.203033
0.231488 0.198643
0.23753 0.198922
0.242472 0.19219
0.248472 0.189671
0.253509 0.182367
0.258472 0.175178
0.264619 0.181369
0.259623 0.189671
0.269932 0.188209
0.27753 0.184606
0.283232 0.186937
0.287958 0.179348
0.281699 0.173077
0.276555 0.166991
0.272667 0.176147
0.267877 0.168449
0.262568 0.164055
0.255924 0.161101
0.250665 0.168697
0.245539 0.163927
0.24025 0.160145
0.234678 0.15975
0.228985 0.159885
0.222521 0.161896
0.217169 0.168122
0.213016 0.158098
0.218459 0.150741
0.225254 0.14861
0.23125 0.144928
0.237355 0.145686
0.244234 0.149112
0.250503 0.150865
0.255852 0.142896
0.260496 0.149701
0.266214 0.149916
0.271867 0.156184
0.279683 0.155279
0.284386 0.148614
0.275765 0.144731
0.269362 0.137262
0.275353 0.130837
0.281477 0.136254
0.288294 0.137796
0.293431 0.135621
0.298472 0.135496
0.304861 0.134756
0.309776 0.142605
0.315076 0.144543
0.319669 0.139013
0.324929 0.144014
0.330676 0.143129
0.337754 0.140937
0.34395 0.142174
0.349371 0.14999
0.355235 0.143772
0.360725 0.149023
0.365833 0.14361
0.370833 0.136364
0.376307 0.141798
0.371516 0.153279
0.378493 0.154806
0.383569 0.14624
0.389761 0.144902
0.395743 0.139624
0.401311 0.133704
0.407208 0.131522
0.412936 0.13193
0.417917 0.136205
0.423971 0.135438
0.42967 0.134712
0.437034 0.132542
0.443013 0.129877
0.448702 0.124582
0.455083 0.12869
0.460859 0.122868
0.467083 0.124569
0.472437 0.123853
0.476528 0.131988
0.482554 0.126864
0.488406 0.121246
0.495188 0.119044
0.502032 0.113206
0.509278 0.111199
0.523255 0.115452
0.518472 0.121485
0.513188 0.120878
0.506837 0.124945
0.501347 0.128721
0.496833 0.135326
0.491541 0.134114
0.486307 0.139712
0.479962 0.142402
0.471715 0.142373
0.46547 0.138375
0.459526 0.139438
0.45188 0.140499
0.446972 0.145169
0.441356 0.147214
0.435204 0.148551
0.429725 0.150966
0.425223 0.156471
0.420882 0.15091
0.416405 0.155235
0.411746 0.163389
0.406604 0.158575
0.411342 0.146404
0.405219 0.144673
0.400525 0.152594
0.39483 0.155468
0.388556 0.160347
0.382877 0.162756
0.37587 0.167297
0.370555 0.171749
0.366141 0.161258
0.360813 0.164614
0.355048 0.159505
0.345546 0.161487
0.339938 0.157133
0.334282 0.155078
0.327899 0.158881
0.321289 0.155966
0.316125 0.160447
0.310278 0.157407
0.30496 0.154934
0.296955 0.15654
0.301097 0.147089
0.293136 0.149631
0.288884 0.155252
0.285259 0.164284
0.291396 0.167995
0.295395 0.173659
0.300842 0.167772
0.307009 0.171524
0.31261 0.171879
0.319989 0.172148
0.324969 0.171704
0.332042 0.170531
0.33687 0.173572
0.341951 0.174023
0.347192 0.180687
0.351007 0.169686
0.357153 0.176127
0.364062 0.178895
0.368913 0.18761
0.374531 0.186343
0.379867 0.179787
0.384907 0.175658
0.389403 0.178646
0.393289 0.17029
0.398382 0.170009
0.403447 0.1704
0.409016 0.177279
0.415972 0.174014
0.421692 0.170586
0.428068 0.171388
0.433393 0.166642
0.438991 0.162238
0.445917 0.161379
0.442767 0.173015
0.449962 0.176274
0.455009 0.176838
0.460378 0.183322
0.47 0.180171
0.476505 0.178325
0.483672 0.180289
0.489674 0.180844
0.495306 0.181133
0.50058 0.185885
0.509136 0.184724
0.517856 0.187846
0.52375 0.186611
0.529506 0.189613
0.535397 0.188209
0.541268 0.190436
0.547176 0.197504
0.536565 0.202764
0.530364 0.204408
0.523644 0.200612
0.516948 0.201103
0.51163 0.197805
0.505184 0.196017
0.500804 0.205342
0.496114 0.197983
0.490843 0.198148
0.48553 0.195048
0.478988 0.194531
0.47297 0.194033
0.465797 0.191031
0.460545 0.197913
0.454583 0.1938
0.448768 0.195232
0.441952 0.190821
0.445871 0.183758
0.437386 0.180171
0.431777 0.185522
0.425223 0.18585
0.419722 0.187313
0.41346 0.189456
0.40803 0.195213
0.403571 0.186508
0.398274 0.187256
0.39322 0.188131
0.3855 0.190338
0.379129 0.196146
0.37158 0.202999
0.377287 0.209173
0.384375 0.203744
0.390269 0.202067
0.395797 0.205314
0.401288 0.202075
0.405991 0.210333
0.411884 0.208307
0.417306 0.202818
0.422532 0.202062
0.428158 0.198322
0.436812 0.196748
0.442449 0.204813
0.447202 0.211755
0.452404 0.209557
0.457639 0.209433
0.463829 0.210317
0.468731 0.206253
0.473486 0.210822
0.482213 0.208508
0.4876 0.214058
0.494093 0.214289
0.501266 0.220364
0.507015 0.211993
0.513442 0.214031
0.519712 0.212901
0.525528 0.216291
0.530859 0.222148
0.536632 0.218045
0.542314 0.208269
0.547839 0.213094
0.559705 0.211755
0.553325 0.205109
0.558634 0.196748
0.564471 0.199415
0.569855 0.191766
0.575171 0.19255
0.580457 0.187905
0.585952 0.187083
0.591189 0.188258
0.597354 0.185232
0.602454 0.17963
0.591191 0.174028
0.596326 0.169302
0.601108 0.163043
0.606212 0.16749
0.61063 0.167256
0.615741 0.169418
0.619342 0.177409
0.625068 0.172537
0.631016 0.170214
0.620787 0.160467
0.627681 0.159327
0.633794 0.159865
0.638958 0.164734
0.644544 0.165286
0.650298 0.163906
0.655588 0.169295
0.660169 0.166699
0.668977 0.169631
0.676083 0.17192
0.686134 0.170627
0.680776 0.162989
0.674848 0.157828
0.669816 0.152651
0.664969 0.159214
0.660258 0.150506
0.655178 0.153899
0.651026 0.143897
0.646667 0.150775
0.641723 0.150379
0.636458 0.148128
0.630343 0.144418
0.624876 0.147898
0.620262 0.142821
0.615 0.153533
0.609518 0.14803
0.603906 0.1484
0.597935 0.149813
0.5925 0.15469
0.586799 0.148276
0.581021 0.146618
0.570753 0.146289
0.575817 0.155286
0.58186 0.160392
0.58753 0.16487
0.583045 0.174316
0.577361 0.173165
0.572427 0.174123
0.566269 0.18072
0.560398 0.180757
0.555127 0.184835
0.550117 0.186083
0.545208 0.178963
0.539049 0.17266
0.532987 0.173373
0.527103 0.174826
0.520667 0.174517
0.514041 0.177368
0.504886 0.175066
0.510038 0.166776
0.516928 0.1631
0.523413 0.161548
0.529476 0.160318
0.534102 0.154724
0.539299 0.156622
0.543016 0.147343
0.548312 0.146256
0.551799 0.156675
0.54545 0.163575
0.551754 0.171245
0.557404 0.163229
0.563242 0.167698
0.569257 0.162413
0.564498 0.154187
0.559886 0.146904
0.554757 0.141958
0.565095 0.138669
0.569699 0.128834
0.575432 0.134801
0.581534 0.133881
0.589672 0.136216
0.59498 0.136416
0.600417 0.132722
0.606301 0.130903
0.611636 0.130111
0.615861 0.135829
0.625181 0.131485
0.629932 0.125744
0.63468 0.132878
0.640476 0.135208
0.646229 0.135326
0.65499 0.135825
0.660292 0.135024
0.665213 0.141069
0.670416 0.136659
0.675322 0.140426
0.680083 0.145921
0.685487 0.152148
0.690634 0.159788
0.696232 0.165091
0.702538 0.1704
0.708201 0.177536
0.713982 0.182985
0.718843 0.182636
0.723007 0.174729
0.72752 0.180527
0.73253 0.178832
0.738119 0.175186
0.743039 0.17948
0.748829 0.179032
0.754699 0.17557
0.759489 0.168753
0.763933 0.161983
0.768982 0.164335
0.774234 0.156192
0.780475 0.151696
0.79017 0.151186
0.796024 0.151822
0.801006 0.147844
0.807185 0.150318
0.814022 0.148236
0.819167 0.141304
0.823935 0.134662
0.827892 0.130911
0.832376 0.131447
0.837763 0.13196
0.845552 0.134226
0.850547 0.135039
0.860191 0.130663
0.855083 0.126147
0.850069 0.120974
0.844989 0.119369
0.840041 0.120531
0.83375 0.117032
0.828345 0.115355
0.823917 0.117633
0.819653 0.124799
0.815021 0.128623
0.809802 0.137451
0.80375 0.135649
0.797382 0.13187
0.791614 0.136322
0.785044 0.142692
0.777367 0.138841
0.771377 0.139834
0.766667 0.147584
0.759371 0.14964
0.754467 0.157707
0.749875 0.16558
0.743215 0.162724
0.736307 0.162385
0.730254 0.163989
0.724199 0.161123
0.718466 0.164965
0.713066 0.168122
0.70875 0.160814
0.704375 0.156736
0.714428 0.152876
0.720931 0.147831
0.727208 0.149638
0.732804 0.14646
0.738839 0.148602
0.747645 0.151472
0.7525 0.143432
0.7438 0.139903
0.738913 0.131121
0.748623 0.13117
0.755416 0.130854
0.761324 0.135829
0.766144 0.12897
0.772688 0.123212
0.779616 0.124831
0.785398 0.1281
0.791583 0.120773
0.786827 0.113805
0.782482 0.106985
0.776583 0.110279
0.770694 0.104267
0.766817 0.11422
0.759537 0.118179
0.752552 0.116244
0.745558 0.118061
0.739355 0.114876
0.733676 0.111997
0.728709 0.118092
0.733061 0.129647
0.72693 0.133664
0.721428 0.132333
0.715661 0.138653
0.709388 0.142692
0.703902 0.1435
0.69938 0.151732
0.694375 0.147886
0.689125 0.140761
0.683711 0.133665
0.689005 0.125805
0.693578 0.132353
0.698323 0.133822
0.703725 0.132009
0.701226 0.119979
0.707146 0.123128
0.711979 0.127114
0.717187 0.122886
0.723055 0.11564
0.717016 0.109446
0.71142 0.110233
0.706128 0.107311
0.700288 0.107364
0.695417 0.116875
0.689861 0.113392
0.683905 0.117094
0.678559 0.124648
0.673125 0.122475
0.666553 0.125
0.660349 0.121524
0.655021 0.119988
0.649486 0.12361
0.643731 0.120317
0.638323 0.119937
0.634229 0.112802
0.629208 0.110326
0.624118 0.111364
0.620525 0.122768
0.61567 0.116257
0.609328 0.114439
0.60244 0.116657
0.595727 0.119423
0.589921 0.119623
0.584821 0.123648
0.579282 0.118794
0.572663 0.116677
0.564814 0.120747
0.559763 0.127948
0.554564 0.123957
0.549318 0.132191
0.54282 0.132991
0.53676 0.139283
0.530204 0.139351
0.526146 0.148007
0.520194 0.148336
0.513177 0.151721
0.506522 0.155692
0.500464 0.166063
0.494097 0.165761
0.487491 0.165459
0.480766 0.168099
0.472154 0.165716
0.464974 0.17167
0.459137 0.166807
0.451711 0.159497
0.456533 0.152714
0.462798 0.153784
0.468083 0.155636
0.476462 0.155513
0.483393 0.154244
0.490453 0.151176
0.496006 0.150966
0.501194 0.147799
0.506058 0.140561
0.51127 0.137106
0.516928 0.136586
0.523274 0.132579
0.528163 0.122475
0.533161 0.124926
0.538072 0.121587
0.543472 0.117645
0.548142 0.118521
0.55079 0.108632
0.556303 0.108567
0.561887 0.105735
0.568121 0.105467
0.576755 0.107049
0.585716 0.107005
0.592742 0.105185
0.599056 0.102706
0.606129 0.101952
0.613679 0.10055
0.619311 0.101187
0.625694 0.0959061
0.630998 0.0947365
0.636488 0.0986887
0.641416 0.104106
0.646773 0.104455
0.651404 0.109268
0.658979 0.106703
0.664254 0.110348
0.669335 0.111013
0.674707 0.105484
0.680132 0.107017
0.686848 0.102409
0.693257 0.1009
0.697959 0.0945435
0.703542 0.0934179
0.709777 0.093276
0.715198 0.0949505
0.720913 0.0984428
0.727916 0.102509
0.735467 0.0979247
0.743483 0.101107
0.75 0.101774
0.756486 0.100469
0.76221 0.103497
0.76625 0.0918121
0.773579 0.0917325
0.778672 0.0946804
0.782045 0.0842883
0.7868 0.0920701
0.790652 0.102027
0.79612 0.0949275
0.802106 0.0952764
0.812083 0.0990338
0.80629 0.105245
0.800155 0.107488
0.795595 0.112894
0.80157 0.120308
0.806299 0.121768
0.810578 0.123461
0.811397 0.111395
0.816506 0.11077
0.820867 0.106052
0.825646 0.0994565
0.830758 0.102657
0.837531 0.106899
0.84398 0.104867
0.851012 0.108236
0.857703 0.113218
0.863167 0.118901
0.868087 0.125165
0.873301 0.128546
0.882125 0.129167
0.890813 0.127789
0.897296 0.122879
0.902876 0.121922
0.909186 0.126208
0.915579 0.128932
0.921693 0.127634
0.928554 0.122596
0.934166 0.124286
0.939746 0.118725
0.946093 0.112369
0.951989 0.119785
0.96125 0.12522
0.956289 0.12625
0.947302 0.127789
0.942309 0.131577
0.937741 0.136982
0.932448 0.140197
0.925824 0.138683
0.919183 0.143913
0.912548 0.140799
0.906192 0.139057
0.900912 0.135429
0.895146 0.13844
0.886579 0.138271
0.877235 0.137901
0.870416 0.143199
0.864474 0.139046
0.857468 0.1431
0.852865 0.144626
0.846062 0.15
0.841143 0.143286
0.835292 0.145652
0.829621 0.147068
0.824034 0.151021
0.818447 0.158103
0.809971 0.162145
0.803387 0.161805
0.7984 0.168406
0.791799 0.166847
0.785616 0.161888
0.780169 0.166046
0.787176 0.177912
0.781604 0.180556
0.776448 0.175868
0.771729 0.175906
0.764601 0.179797
0.759782 0.187513
0.754242 0.191425
0.746798 0.191775
0.741482 0.195793
0.736498 0.1887
0.723655 0.190994
0.730893 0.196909
0.736189 0.203281
0.725856 0.202295
0.719325 0.199275
0.714313 0.198753
0.708933 0.193855
0.703447 0.187418
0.698075 0.179952
0.691389 0.177737
0.682804 0.180735
0.678927 0.18427
0.675368 0.191461
0.666776 0.18599
0.671921 0.181092
0.662959 0.178156
0.658167 0.184964
0.653144 0.179732
0.647955 0.179787
0.642083 0.179952
0.636307 0.178799
0.631182 0.183673
0.626813 0.187655
0.621574 0.188339
0.612472 0.183172
0.6075 0.189211
0.61619 0.193984
0.620518 0.203301
0.625196 0.201478
0.629737 0.203216
0.634208 0.196256
0.63964 0.194609
0.645878 0.194599
0.651903 0.193465
0.656829 0.198873
0.663072 0.196916
0.670416 0.197293
0.675833 0.205435
0.681329 0.199045
0.687049 0.190972
0.693924 0.191523
0.698882 0.198122
0.704329 0.204631
0.710481 0.208751
0.716413 0.214593
0.722045 0.214646
0.728066 0.214697
0.732723 0.217195
0.739235 0.214611
0.74525 0.20883
0.751179 0.214458
0.755843 0.207995
0.750417 0.200794
0.760416 0.203363
0.765635 0.199275
0.768727 0.188765
0.773231 0.193961
0.778478 0.194051
0.784624 0.193796
0.790139 0.190976
0.794514 0.181864
0.800186 0.185913
0.806058 0.191224
0.811182 0.200458
0.803694 0.203408
0.79812 0.201043
0.793479 0.201932
0.787976 0.206982
0.781667 0.207887
0.775381 0.210325
0.769835 0.210679
0.764364 0.214658
0.759312 0.221464
0.753849 0.227398
0.74807 0.225655
0.743287 0.223497
0.735993 0.228509
0.740393 0.235239
0.744909 0.240986
0.75 0.240529
0.754335 0.246671
0.758773 0.252938
0.763056 0.259326
0.768158 0.255594
0.77375 0.257818
0.779974 0.256556
0.786483 0.256763
0.792189 0.251028
0.798401 0.247472
0.804933 0.246328
0.810073 0.25147
0.815271 0.246377
0.820417 0.240113
0.825666 0.246618
0.832464 0.251103
0.839507 0.249835
0.844912 0.243707
0.850979 0.238104
0.855901 0.232923
0.846678 0.228914
0.841172 0.232362
0.835972 0.23614
0.830456 0.236255
0.825642 0.23146
0.820787 0.222678
0.815453 0.230676
0.809844 0.232639
0.804623 0.227513
0.800125 0.233213
0.794894 0.233541
0.789641 0.236631
0.78437 0.240852
0.779199 0.240896
0.773901 0.243412
0.768536 0.241143
0.763125 0.242754
0.75843 0.236065
0.765317 0.228203
0.771377 0.226738
0.776579 0.226608
0.781481 0.223533
0.787083 0.222556
0.793383 0.218068
0.799878 0.216636
0.807844 0.214923
0.813889 0.215328
0.818859 0.207624
0.825052 0.200433
0.830714 0.192489
0.835707 0.199051
0.83981 0.189394
0.844886 0.187857
0.850342 0.188647
0.856103 0.184214
0.860734 0.190936
0.865649 0.188041
0.871742 0.187637
0.878636 0.18105
0.88505 0.177826
0.891775 0.181317
0.898461 0.186362
0.904405 0.190591
0.910068 0.187086
0.915 0.195103
0.920032 0.192091
0.926703 0.188248
0.932772 0.194549
0.9275 0.202726
0.921888 0.205956
0.915416 0.2102
0.909529 0.204264
0.903729 0.203925
0.898116 0.204894
0.893253 0.198093
0.887717 0.193342
0.882007 0.194225
0.876134 0.195736
0.869361 0.201959
0.863402 0.20627
0.857568 0.210454
0.850893 0.206752
0.855504 0.198068
0.845844 0.200576
0.840437 0.206816
0.831166 0.207609
0.82605 0.216131
0.832161 0.221239
0.837769 0.219243
0.845108 0.215921
0.852046 0.220961
0.8599 0.223487
0.86499 0.222546
0.869971 0.216184
0.876471 0.210022
0.883213 0.208776
0.888953 0.211245
0.89375 0.217082
0.88532 0.224385
0.879782 0.22427
0.873731 0.225792
0.867413 0.235395
0.861667 0.240489
0.872124 0.24134
0.878125 0.23935
0.884201 0.241345
0.88947 0.233641
0.894298 0.231504
0.899046 0.226167
0.90594 0.228882
0.902675 0.216819
0.909375 0.218901
0.914676 0.224168
0.92095 0.221739
0.927361 0.217391
0.933333 0.211038
0.938878 0.20327
0.946817 0.206213
0.951996 0.200229
0.957122 0.207252
0.961713 0.200725
0.966964 0.209479
0.973134 0.208937
0.979583 0.204526
0.975295 0.194091
0.969687 0.193086
0.964287 0.188218
0.956759 0.18854
0.950068 0.187535
0.943472 0.192124
0.937385 0.184834
0.931951 0.177975
0.94049 0.173188
0.946179 0.176149
0.951927 0.171699
0.958023 0.173425
0.96328 0.172891
0.968602 0.175013
0.974507 0.179018
0.980712 0.187299
0.9857 0.196808
0.992222 0.199124
0.997765 0.191096
0.988789 0.183828
0.994385 0.181389
0.997321 0.168072
0.990925 0.169053
0.984506 0.174615
0.97912 0.169485
0.972405 0.163592
0.966196 0.157582
0.960523 0.157133
0.954656 0.15669
0.94884 0.156375
0.943587 0.16051
0.93535 0.16285
0.929632 0.16553
0.925396 0.172041
0.921227 0.179616
0.915316 0.176763
0.910238 0.169772
0.905331 0.176483
0.901599 0.168211
0.896502 0.170234
0.89129 0.165861
0.886534 0.160353
0.880888 0.164514
0.875218 0.170175
0.869833 0.174396
0.864311 0.171655
0.859137 0.171975
0.8525 0.173683
0.847941 0.167661
0.844657 0.175618
0.83875 0.174237
0.833698 0.178291
0.827822 0.179403
0.823097 0.186806
0.818655 0.194375
0.81454 0.187834
0.81 0.181159
0.805087 0.175121
0.814096 0.169819
0.818709 0.176653
0.823052 0.168661
0.828161 0.163515
0.833301 0.161185
0.838195 0.158414
0.842669 0.161477
0.85049 0.156223
0.855541 0.159964
0.860873 0.154704
0.865724 0.155479
0.87057 0.159738
0.87596 0.153224
0.882204 0.147947
0.890549 0.148112
0.896172 0.154112
0.901148 0.150259
0.905843 0.156975
0.910349 0.153512
0.915322 0.157334
0.919932 0.164448
0.924041 0.154449
0.929816 0.152146
0.938895 0.151386
0.945027 0.144149
0.951747 0.14005
0.958308 0.141797
0.964736 0.140614
0.970657 0.147799
0.977012 0.154461
0.984158 0.158983
0.990315 0.156504
0.997118 0.151268
0.9919 0.143838
0.985298 0.144467
0.97933 0.142197
0.972771 0.134846
0.967367 0.126246
0.977678 0.127674
0.983712 0.129062
0.989563 0.131701
0.997049 0.134009
0.993039 0.120095
0.99766 0.116778
0.987916 0.115942
0.982639 0.113009
0.977601 0.113233
0.972509 0.115593
0.967855 0.110375
0.962327 0.110257
0.957134 0.106354
0.951806 0.102872
0.94621 0.0958132
0.940452 0.103633
0.93365 0.108406
0.92495 0.110725
0.91877 0.114341
0.913109 0.114734
0.906688 0.11181
0.90127 0.106108
0.896805 0.103586
0.892311 0.0988508
0.884881 0.0961007
0.879313 0.0923423
0.874521 0.0860507
0.881308 0.0799629
0.88669 0.0787708
0.889699 0.088701
0.895523 0.0858107
0.900587 0.0875604
0.905921 0.0821892
0.916938 0.0830183
0.911186 0.0871114
0.905532 0.0960816
0.910393 0.102053
0.915214 0.0989359
0.920126 0.098444
0.924469 0.0918972
0.929695 0.0968041
0.935761 0.09226
0.941111 0.0874166
0.950695 0.0872352
0.956046 0.0874128
0.961155 0.0910189
0.965716 0.0968351
0.97109 0.0921729
0.975335 0.0997113
0.980862 0.096815
0.986347 0.0994551
0.992236 0.102263
0.997583 0.100604
0.996649 0.0851691
0.989873 0.0863896
0.983083 0.0816908
0.976892 0.0830314
0.966667 0.0806028
0.960859 0.0736222
0.955145 0.0701533
0.950394 0.0706685
0.945681 0.0778436
0.940416 0.0708963
0.934583 0.0767632
0.929186 0.077679
0.924216 0.0780762
0.92081 0.0711889
0.916203 0.0671632
0.911105 0.0708359
0.905229 0.069686
0.898025 0.071361
0.892083 0.0727727
0.886042 0.0648551
0.880609 0.0649387
0.87572 0.0699934
0.870208 0.0774758
0.865029 0.076761
0.859685 0.0733769
0.853536 0.0689529
0.848333 0.061155
0.842481 0.0556104
0.837456 0.0632388
0.831594 0.0582861
0.826666 0.0664251
0.820543 0.0583386
0.814813 0.0581522
0.809831 0.0604844
0.801958 0.0605676
0.792632 0.0667786
0.797822 0.0720795
0.805494 0.070919
0.811314 0.0739812
0.816771 0.0736715
0.821905 0.0743616
0.832746 0.0756926
0.838618 0.0792161
0.843866 0.0714245
0.849118 0.0790641
0.855163 0.0843835
0.861405 0.0887822
0.868666 0.0930918
0.875071 0.101714
0.881188 0.107367
0.888472 0.10836
0.893012 0.114596
0.885516 0.118703
0.878016 0.118875
0.872632 0.112954
0.867788 0.107983
0.862565 0.102711
0.85575 0.0990606
0.849147 0.0945323
0.843809 0.0880492
0.83866 0.0939744
0.833237 0.0918184
0.827528 0.083548
0.822037 0.0890365
0.817416 0.0919686
0.812891 0.0866272
0.807157 0.0878422
0.801189 0.0820372
0.79303 0.0831137
0.787651 0.0753674
0.780904 0.0700188
0.775523 0.0759842
0.7696 0.078754
0.760825 0.0848489
0.754343 0.0833333
0.74841 0.0864389
0.740342 0.0887547
0.730181 0.0864839
0.724754 0.0882191
0.735184 0.0803
0.744653 0.0761876
0.73934 0.0694947
0.730877 0.0696033
0.725694 0.0697531
0.720871 0.0763614
0.716405 0.0800191
0.711433 0.076735
0.706343 0.0811863
0.702869 0.0726363
0.699057 0.0799008
0.693769 0.0816864
0.689157 0.0873216
0.683393 0.0914424
0.678075 0.0916724
0.668908 0.0966183
0.663083 0.0952295
0.654791 0.0985507
0.650187 0.0900966
0.644583 0.0883943
0.6397 0.0847938
0.634206 0.0821256
0.647588 0.0760234
0.65375 0.0796466
0.658479 0.0866476
0.663106 0.0770751
0.667874 0.0819088
0.673218 0.0852348
0.685436 0.0756844
0.679481 0.0753968
0.674223 0.0679622
0.668731 0.0670839
0.658583 0.0687198
0.65384 0.0638791
0.649199 0.0631426
0.642651 0.0685112
0.63749 0.067839
0.631988 0.067523
0.626728 0.0608233
0.618099 0.064422
0.61286 0.069115
0.622254 0.0715305
0.627633 0.0791705
0.62175 0.0868961
0.616133 0.0828502
0.610133 0.0888779
0.603218 0.0890379
0.595337 0.0901771
0.589565 0.092351
0.58379 0.089372
0.580281 0.098444
0.573852 0.097178
0.565583 0.0899356
0.57107 0.087642
0.576659 0.0800975
0.582083 0.0750265
0.587601 0.0771315
0.592572 0.0747217
0.598885 0.0799386
0.607937 0.0759662
0.603063 0.0709541
0.596982 0.0656003
0.586303 0.0626734
0.578954 0.0627214
0.572391 0.0636946
0.569797 0.0750341
0.56491 0.0694562
0.558374 0.0692194
0.552559 0.0639111
0.546534 0.0580259
0.5397 0.0636715
0.546658 0.0728827
0.538295 0.0769653
0.532367 0.0744949
0.526076 0.0730173
0.531896 0.060559
0.524735 0.0583004
0.519838 0.0669673
0.513565 0.067445
0.507878 0.0689529
0.502654 0.0737351
0.49725 0.071256
0.491817 0.0751619
0.485778 0.0804621
0.479618 0.0802637
0.473996 0.0748792
0.468693 0.0667545
0.463157 0.0711487
0.456866 0.0772947
0.449151 0.0701876
0.444342 0.0780193
0.439293 0.0759184
0.433869 0.0776644
0.427956 0.0706234
0.421773 0.0631098
0.416641 0.0573055
0.430646 0.0603865
0.43625 0.0609501
0.442048 0.0597826
0.446521 0.0529435
0.451601 0.0538393
0.45502 0.0645848
0.460949 0.0577911
0.466632 0.0511775
0.472734 0.0561741
0.477468 0.0632045
0.482968 0.0636153
0.488342 0.0613886
0.494491 0.0565396
0.502136 0.0591787
0.508983 0.0534782
0.515928 0.0534146
0.520935 0.0458132
0.527645 0.0457887
0.534384 0.0485192
0.540979 0.0499101
0.546687 0.0431332
0.552645 0.0476265
0.558109 0.053233
0.563388 0.0533501
0.568496 0.050147
0.574678 0.0497365
0.58064 0.0488099
0.586399 0.0488976
0.591942 0.0553243
0.597197 0.0492973
0.602124 0.0559974
0.6079 0.058042
0.614094 0.0522474
0.62092 0.0507749
0.627025 0.0458656
0.633283 0.051884
0.639525 0.0522694
0.645193 0.053523
0.65112 0.0470478
0.657335 0.0523256
0.663449 0.058819
0.670317 0.05268
0.677992 0.0564339
0.683333 0.0611001
0.690112 0.066007
0.69625 0.0652174
0.702083 0.0602523
0.708068 0.0631862
0.714069 0.062622
0.720609 0.0588536
0.728223 0.0542492
0.734351 0.0594034
0.739343 0.0519324
0.74494 0.0592773
0.750997 0.0675466
0.758455 0.0694444
0.7647 0.0691787
0.770132 0.0616491
0.775435 0.0587493
0.780688 0.0544686
0.785539 0.060357
0.79006 0.0534852
0.79654 0.0538752
0.807222 0.0496894
0.801967 0.0445175
0.796964 0.0380722
0.791364 0.0393061
0.785 0.041401
0.778342 0.0405232
0.772663 0.0436883
0.766775 0.0488343
0.761449 0.0539802
0.755509 0.0549383
0.750416 0.0488868
0.745492 0.0424352
0.740516 0.0364044
0.733924 0.0421196
0.728617 0.0368906
0.723484 0.0434526
0.718021 0.0397343
0.715124 0.0494516
0.706433 0.0488689
0.710758 0.0417764
0.702896 0.0369094
0.697143 0.0351392
0.69125 0.036715
0.699521 0.0493357
0.69375 0.0507246
0.687587 0.0492653
0.6824 0.0428985
0.67748 0.0337014
0.670595 0.0346216
0.674693 0.0453216
0.665932 0.0434783
0.660873 0.0409478
0.655238 0.0366345
0.646633 0.0381577
0.641405 0.0377766
0.635472 0.0370639
0.629639 0.0333065
0.622462 0.0352986
0.616177 0.0371771
0.609719 0.0405945
0.603906 0.040308
0.598246 0.0348556
0.5916 0.0377295
0.584898 0.0353999
0.578201 0.0349144
0.571569 0.0354867
0.565116 0.0346377
0.558652 0.0380079
0.551345 0.032993
0.544242 0.029809
0.539021 0.0368961
0.533625 0.0335749
0.527587 0.0321031
0.521163 0.0308474
0.514279 0.0387402
0.507367 0.0390338
0.500972 0.0455385
0.494452 0.0401392
0.487822 0.0455063
0.480106 0.0483329
0.473677 0.0426381
0.482443 0.03474
0.489481 0.0287144
0.495098 0.0219704
0.499801 0.0294581
0.504982 0.0251523
0.51164 0.0246942
0.517933 0.0198551
0.526558 0.018641
0.533409 0.0198726
0.539873 0.0208465
0.548556 0.0191832
0.555278 0.022192
0.56154 0.0221592
0.56868 0.0198269
0.574603 0.0218541
0.580978 0.0216341
0.587639 0.0218398
0.59405 0.0224155
0.601159 0.0221592
0.607135 0.0241546
0.612898 0.0238395
0.619246 0.0218676
0.625768 0.0213902
0.633268 0.0214439
0.639506 0.0229469
0.644989 0.0221417
0.649818 0.0267249
0.654051 0.0218733
0.659448 0.0237895
0.664982 0.0260668
0.671209 0.0211794
0.676958 0.0193237
0.68248 0.0251898
0.687633 0.0265217
0.694203 0.0217391
0.700787 0.0210145
0.706952 0.0262148
0.712953 0.0272002
0.720087 0.0264858
0.725324 0.023752
0.731521 0.0216866
0.736228 0.0281592
0.739278 0.0166431
0.744619 0.0244171
0.74995 0.0277295
0.754273 0.0355297
0.759063 0.0399155
0.764137 0.0344062
0.769742 0.0312859
0.758403 0.0230475
0.764258 0.0193531
0.770203 0.017063
0.775874 0.0248413
0.782066 0.0257735
0.787865 0.0247215
0.793713 0.0233226
0.799583 0.0242351
0.804445 0.0180488
0.810118 0.020903
0.805356 0.0323141
0.810329 0.0374396
0.814825 0.0439232
0.820038 0.0424352
0.826157 0.0497853
0.83503 0.046748
0.839807 0.0423294
0.847446 0.0452111
0.853537 0.0511615
0.858175 0.0580285
0.86368 0.0586252
0.869529 0.0624869
0.874175 0.0530661
0.880873 0.0515298
0.88725 0.0509662
0.894111 0.0447513
0.903587 0.0469247
0.897877 0.0538302
0.892166 0.0583937
0.902268 0.0609232
0.90891 0.0538853
0.914467 0.0533929
0.920352 0.055153
0.925654 0.0601153
0.930773 0.0603865
0.935959 0.0590102
0.941521 0.0545163
0.946583 0.0604133
0.953409 0.0533126
0.959392 0.0563607
0.964869 0.053013
0.972319 0.0546629
0.966667 0.0649978
0.971954 0.0725443
0.977064 0.0665324
0.982402 0.0622623
0.986667 0.0706839
0.992194 0.071256
0.99751 0.0690762
0.996185 0.0544407
0.989312 0.0563957
0.978324 0.0497316
0.98477 0.0454747
0.991684 0.0411678
0.997254 0.0390865
0.987852 0.030379
0.979543 0.0346707
0.974337 0.0362868
0.96906 0.0423829
0.962579 0.0396825
0.957282 0.0385423
0.951851 0.0346309
0.948373 0.0454911
0.943653 0.0390686
0.937824 0.0416801
0.932242 0.0448585
0.926216 0.042029
0.920153 0.0422705
0.913971 0.0376861
0.907775 0.0364631
0.900382 0.0350745
0.894238 0.0313715
0.888646 0.0372584
0.882916 0.0374396
0.876799 0.0391414
0.870933 0.0355993
0.867413 0.0457931
0.860719 0.0415239
0.854027 0.0360977
0.848706 0.0307018
0.843322 0.0327393
0.834544 0.0298562
0.829601 0.0379647
0.823732 0.0326087
0.814969 0.0284847
0.818859 0.0200588
0.824708 0.0175121
0.829875 0.0217391
0.838924 0.0235086
0.845109 0.0186245
0.851735 0.0189024
0.858194 0.0246913
0.865174 0.0274264
0.872708 0.0227822
0.878633 0.0243512
0.884697 0.0224528
0.890417 0.0214516
0.898163 0.0204765
0.905052 0.0220411
0.911777 0.0221581
0.917979 0.0203502
0.92464 0.0237703
0.920164 0.0307056
0.931212 0.0310716
0.929044 0.0176186
0.934448 0.0187688
0.938583 0.0263285
0.944486 0.0244074
0.949603 0.0209246
0.95562 0.0207998
0.961395 0.0225268
0.966158 0.0282475
0.970313 0.0237923
0.974559 0.018258
0.979342 0.0188787
0.98375 0.025998
0.991837 0.021794
0.997208 0.0243961
0.997135 0.00830314
0.99125 0.00724638
0.985511 0.0091833
0.979242 0.00591478
0.972286 0.00633321
0.966316 0.008833
0.959965 0.00734702
0.952882 0.00664251
0.946193 0.00768555
0.940483 0.00898551
0.934676 0.00590446
0.928202 0.00578439
0.92214 0.00768555
0.915753 0.00722068
0.909141 0.0075175
0.902474 0.0075175
0.896037 0.00755533
0.890417 0.00724638
0.885123 0.0069622
0.88057 0.00889906
0.875834 0.00809179
0.870233 0.00874396
0.865 0.00966183
0.859826 0.00895732
0.854136 0.0066867
0.847583 0.00621981
0.841193 0.00768555
0.835318 0.00888036
0.829342 0.00689748
0.821885 0.00586611
0.814747 0.00802785
0.808707 0.00678186
0.802222 0.00649873
0.795897 0.00789669
0.789619 0.00798151
0.783766 0.00864734
0.778069 0.00884847
0.772146 0.00603865
0.76501 0.0062743
0.758791 0.00686344
0.753619 0.0112958
0.74852 0.00855689
0.74286 0.00702679
0.735052 0.00694444
0.72825 0.00763285
0.722136 0.0085055
0.71625 0.00458937
0.71625 0.0162579
0.710317 0.00903381
0.704725 0.00824853
0.698253 0.00722068
0.691884 0.00808654
0.686638 0.0086788
0.681771 0.0084541
0.676761 0.00588281
0.671311 0.00709909
0.665928 0.00878349
0.660505 0.00814575
0.655088 0.00769133
0.649949 0.00827736
0.645417 0.00724638
0.640877 0.00769133
0.63553 0.00768555
0.6292 0.00772947
0.622897 0.0073614
0.61697 0.00768555
0.611214 0.00798151
0.60538 0.00798151
0.599413 0.00768555
0.59375 0.00724638
0.5875 0.00724638
0.580833 0.00724638
0.57393 0.00693852
0.566395 0.00714135
0.559867 0.00763285
0.552966 0.00703325
0.545538 0.00754831
0.539058 0.00698383
0.532048 0.00654187
0.524217 0.00695652
0.517917 0.00603865
0.512246 0.00813904
0.506927 0.0093599
0.501218 0.0091833
0.495339 0.00710594
0.489401 0.00933245
0.482684 0.00575778
0.474683 0.00801932
0.468595 0.00749916
0.463333 0.0084541
0.458299 0.00971215
0.453454 0.0091519
0.44825 0.00809179
0.44331 0.0069109
0.438676 0.0105475
0.433791 0.00733475
0.427761 0.00755533
0.422639 0.00909823
0.417083 0.00780998
0.411148 0.00855269
0.405417 0.00934872
0.399641 0.00744298
0.394263 0.00789669
0.389583 0.00831202
0.385341 0.00801493
0.381316 0.00921688
0.376629 0.00889328
0.371886 0.00807272
0.367367 0.00993632
0.3625 0.00889328
0.357015 0.0085034
0.351474 0.00727583
0.345145 0.00766768
0.34 0.00966183
0.335 0.0084541
0.33 0.00966183
0.325 0.00966183
0.320044 0.00948196
0.314846 0.00699212
0.309861 0.00979603
0.304728 0.00901152
0.297762 0.00598247
0.291032 0.00747642
0.285466 0.00888036
0.279467 0.00749916
0.273258 0.00669741
0.266723 0.0068072
0.259717 0.00777778
0.253859 0.00798151
0.248289 0.00948196
0.243459 0.00873497
0.238333 0.00809179
0.233701 0.00824098
0.229313 0.00881642
0.2245 0.00555556
0.219781 0.0086448
0.215083 0.00809179
0.209855 0.00871665
0.203985 0.00628639
0.198002 0.00733928
0.193265 0.00940905
0.188289 0.00948196
0.183406 0.00929426
0.178643 0.00925926
0.174145 0.00775489
0.169135 0.00789669
0.163807 0.00768555
0.158333 0.00769133
0.153274 0.00851162
0.148384 0.00827736
0.142972 0.00780998
0.137532 0.00789669
0.132174 0.00808653
0.125688 0.00660038
0.119141 0.0074682
0.112917 0.00724638
0.107083 0.0084541
0.101616 0.00827736
0.0970834 0.00845411
0.0925962 0.00789669
0.0874515 0.00873497
0.0825872 0.00873497
0.0770833 0.00780998
0.0713275 0.00749916
0.0652134 0.00633321
0.0579677 0.00672878
0.0504167 0.0063012
0.0430278 0.00619968
0.0360038 0.0068072
0.0292014 0.00734702
0.0229167 0.00724638
0.0171354 0.00830314
0.0116667 0.00724638
0.00666667 0.00724638
0.00208333 0.00845411
0.00233974 0.0257339
0.00682692 0.0225752
0.0118561 0.0222881
0.0173125 0.0246981
0.0224709 0.0231715
0.0275595 0.0221417
0.0337694 0.0198011
0.0408611 0.0192432
0.0470648 0.0197799
0.0530648 0.0197799
0.0582292 0.0210598
0.0633671 0.0181812
0.0690674 0.0221417
0.0741132 0.0231327
0.0796443 0.0227112
0.0856826 0.0266985
0.0912719 0.022057
0.0970313 0.0252113
0.102612 0.0247732
0.107768 0.025577
0.11308 0.0226318
0.118175 0.023752
0.12311 0.0230592
0.128201 0.0197655
0.135533 0.0232839
0.140746 0.0229469
0.145965 0.0244197
0.150722 0.025598
0.155811 0.0233282
0.160877 0.0225019
0.16621 0.0231194
0.171799 0.0232414
0.176806 0.0256101
0.181541 0.0268228
0.186354 0.0294887
0.191534 0.0263505
0.19652 0.0258846
0.200882 0.0191105
0.206111 0.0208765
0.214014 0.0236538
0.219477 0.0258248
0.224853 0.0183291
0.224809 0.0310419
0.230398 0.0264602
0.235559 0.023536
0.241476 0.0241043
0.247066 0.0288623
0.252562 0.0236664
0.258341 0.0272094
0.263146 0.0196256
0.268845 0.0214097
0.274521 0.0204106
0.281067 0.0210616
0.288325 0.0259548
0.294413 0.0192139
0.300271 0.0190217
0.304284 0.0280874
0.309338 0.0290092
0.314881 0.0217966
0.319318 0.0294247
0.324094 0.0286179
0.329375 0.0285326
0.334746 0.0255724
0.339493 0.0293006
0.344835 0.025924
0.348702 0.0188751
0.353139 0.0255233
0.358821 0.0250026
0.364783 0.0264734
0.372015 0.0248201
0.378586 0.0255348
0.386417 0.0233816
0.392877 0.0227743
0.399046 0.0223027
0.403998 0.0282917
0.409338 0.0283935
0.414116 0.0233003
0.419441 0.0243345
0.42524 0.0278707
0.430765 0.0341254
0.430667 0.019686
0.436554 0.0268952
0.443307 0.0227927
0.449855 0.0232619
0.456142 0.0286277
0.462781 0.0243764
0.469885 0.0216106
0.47892 0.0169082
0.484603 0.0204164
0.475683 0.0292754
0.467917 0.0356018
0.46162 0.039533
0.456629 0.0471563
0.451148 0.0384411
0.44562 0.0370272
0.440652 0.0408528
0.435925 0.0454519
0.430833 0.0471015
0.425753 0.049003
0.421076 0.0420189
0.415417 0.0396975
0.411403 0.0517845
0.40692 0.0452111
0.40138 0.0441492
0.396392 0.0370285
0.390179 0.0382776
0.38401 0.0377415
0.378602 0.0422705
0.373102 0.0433441
0.368682 0.0370479
0.365951 0.0481543
0.361015 0.0415354
0.355536 0.0418762
0.349566 0.0401508
0.343472 0.0411203
0.333231 0.0439568
0.326699 0.0453363
0.3385 0.0493237
0.345475 0.0546849
0.351337 0.0579207
0.356354 0.0600845
0.361892 0.0599839
0.368646 0.0603865
0.375399 0.0572884
0.382296 0.0560952
0.38758 0.0546562
0.393514 0.0526675
0.399079 0.057662
0.40484 0.0628948
0.409835 0.0702534
0.415318 0.0750923
0.424021 0.078442
0.419456 0.0843835
0.410616 0.0882167
0.404938 0.0848237
0.39913 0.0918399
0.392657 0.0978798
0.385139 0.10051
0.374944 0.0956065
0.380672 0.0903332
0.387633 0.0863768
0.393991 0.0830113
0.400583 0.0752818
0.395312 0.0686594
0.389462 0.0696457
0.383509 0.0743156
0.378648 0.0697243
0.372703 0.0720612
0.36751 0.0760869
0.375267 0.0830856
0.368542 0.0905797
0.361553 0.0940931
0.355568 0.0939284
0.350635 0.0998965
0.346657 0.0915812
0.340851 0.097196
0.334475 0.0966183
0.329167 0.0962158
0.324254 0.0959724
0.319095 0.0968245
0.313872 0.0959408
0.309236 0.0884662
0.302917 0.0846377
0.29589 0.092556
0.289312 0.0962508
0.282385 0.0935091
0.277083 0.0890023
0.271689 0.0921053
0.266513 0.0912154
0.261875 0.0978261
0.256211 0.100298
0.248065 0.105341
0.242002 0.102893
0.236812 0.0978822
0.231479 0.0969203
0.227044 0.10283
0.221366 0.106421
0.216123 0.110954
0.211569 0.10055
0.206905 0.105935
0.201993 0.106639
0.197279 0.104433
0.192591 0.103659
0.187568 0.102264
0.18288 0.109528
0.177627 0.116992
0.172046 0.11087
0.166349 0.105302
0.176932 0.101065
0.170466 0.0938477
0.161522 0.0989813
0.155358 0.0976014
0.147917 0.0965719
0.14165 0.103671
0.135174 0.101198
0.128145 0.0996258
0.12155 0.10227
0.112019 0.0970829
0.106542 0.0942633
0.101854 0.0878019
0.110398 0.0819377
0.116424 0.0888687
0.121896 0.0857488
0.128147 0.0837445
0.133892 0.0867252
0.140613 0.0874064
0.145712 0.0800624
0.152004 0.0851737
0.158484 0.0838472
0.164968 0.0842159
0.17217 0.0782508
0.17714 0.0869565
0.183067 0.0919807
0.191386 0.0880164
0.198509 0.090687
0.204654 0.0904255
0.217617 0.0921739
0.223662 0.0915332
0.212632 0.0848651
0.208029 0.080722
0.216817 0.0732603
0.222021 0.0779589
0.22817 0.0816005
0.234105 0.0823569
0.240397 0.0849624
0.2455 0.0903986
0.251303 0.0915562
0.257652 0.0851449
0.263491 0.0784487
0.269561 0.0783718
0.274242 0.0733421
0.28197 0.0763065
0.287019 0.0829617
0.292421 0.0801702
0.29825 0.0772678
0.306959 0.0720783
0.312197 0.0693346
0.315511 0.0804238
0.321364 0.0810826
0.3272 0.0783092
0.332639 0.0796296
0.338201 0.0822354
0.343625 0.0805556
0.351938 0.0806553
0.362665 0.0770981
0.357385 0.0767036
0.34803 0.0708168
0.341792 0.0656387
0.336126 0.0655514
0.330593 0.0609439
0.324566 0.0618961
0.319365 0.0667702
0.315473 0.0554458
0.320335 0.0472435
0.314028 0.0389996
0.309568 0.0526615
0.303042 0.0598623
0.298083 0.0626812
0.292519 0.063845
0.287491 0.066103
0.283152 0.0588071
0.278194 0.0656819
0.268161 0.0645399
0.262822 0.0604963
0.258421 0.0692338
0.252879 0.0752086
0.2467 0.0754106
0.239891 0.0701533
0.233546 0.067606
0.22688 0.0652979
0.222167 0.0619565
0.230754 0.0548654
0.237598 0.054502
0.244009 0.0590177
0.249719 0.061201
0.255091 0.0566583
0.259974 0.0458691
0.267045 0.0486181
0.272717 0.0549254
0.277899 0.049003
0.284057 0.0455123
0.28941 0.0463722
0.295906 0.0493069
0.304837 0.0441084
0.299427 0.0366345
0.293769 0.0342377
0.282982 0.0332443
0.277165 0.0335513
0.27159 0.0369467
0.26476 0.0351269
0.25428 0.0398551
0.24901 0.0449376
0.242972 0.0435051
0.238357 0.0376409
0.233583 0.040942
0.227896 0.0429952
0.222693 0.0449216
0.218603 0.0537084
0.214189 0.0596237
0.210238 0.0664251
0.204759 0.0680142
0.200754 0.0749942
0.195929 0.0762727
0.191181 0.0722625
0.185808 0.0781573
0.179175 0.0732603
0.183351 0.0622987
0.189396 0.0597826
0.195558 0.0595899
0.200633 0.0537198
0.206083 0.053442
0.211308 0.0463712
0.216534 0.0400747
0.210197 0.0308289
0.205729 0.038587
0.201143 0.0346525
0.196037 0.0419335
0.190871 0.0439174
0.185655 0.0473315
0.180399 0.0451892
0.175 0.0392224
0.168625 0.0373188
0.163237 0.0384925
0.15848 0.0377007
0.153709 0.0402086
0.147991 0.0428073
0.142853 0.0374396
0.137154 0.0399065
0.131229 0.0313406
0.12567 0.0382273
0.119367 0.0399034
0.11262 0.0385668
0.106117 0.0414471
0.100804 0.0412594
0.0956944 0.0428073
0.0898903 0.0505975
0.0854824 0.0445589
0.0909081 0.0356435
0.0813929 0.0373706
0.0769405 0.0376467
0.0727651 0.0402943
0.0689268 0.040953
0.0655429 0.0329747
0.060846 0.0320231
0.0553004 0.0356421
0.0496195 0.0354967
0.0437153 0.0348229
0.036875 0.031401
0.0301389 0.0349168
0.023941 0.0397544
0.0183333 0.0398551
0.0131606 0.0374985
0.00736111 0.0393596
0.0025 0.0410628
0.00237745 0.0552714
0.00693376 0.0587452
0.0105682 0.0506148
0.0144032 0.055784
0.019375 0.0548913
0.0237698 0.0584886
0.0284921 0.0514148
0.0338492 0.047159
0.0390132 0.0448767
0.0439167 0.0510266
0.049467 0.0509774
0.0553426 0.051825
0.0605717 0.0463712
0.0656869 0.0508226
0.0712073 0.0576304
0.075943 0.05403
0.0807176 0.0536098
0.0849289 0.0618888
0.0897543 0.0669825
0.09425 0.059843
0.099157 0.058954
0.104409 0.0573812
0.109978 0.0528223
0.115324 0.0537574
0.120677 0.0570149
0.126431 0.0539802
0.131444 0.0465397
0.135629 0.0572258
0.141591 0.0520971
0.146429 0.0595813
0.152595 0.0546772
0.15909 0.0539042
0.165639 0.0530059
0.171441 0.0492409
0.176562 0.0585749
0.17127 0.0637796
0.166114 0.068672
0.160549 0.0686759
0.154979 0.069686
0.149947 0.0698315
0.141289 0.0682227
0.136098 0.0732323
0.13025 0.0672947
0.123833 0.070628
0.116567 0.0714976
0.110343 0.067445
0.104619 0.0737743
0.0991435 0.0752147
0.095 0.0783212
0.0903691 0.0809869
0.0843651 0.0777548
0.0793701 0.0695708
0.0742083 0.071256
0.0672329 0.0667967
0.0621032 0.0626869
0.0568542 0.0668478
0.0512703 0.0653058
0.0451136 0.0657115
0.0388469 0.0605269
0.0330911 0.0633917
0.0276647 0.0696832
0.0223864 0.0758674
0.0170648 0.0706656
0.0109167 0.0707246
0.00310185 0.0704509
0.00224099 0.0861405
0.00704545 0.0841568
0.0124242 0.0870663
0.0180408 0.0873933
0.0256618 0.0889694
0.0318426 0.0794149
0.038699 0.0752489
0.0452039 0.0799414
0.0510061 0.0800931
0.0557018 0.0835876
0.0604167 0.078633
0.0649306 0.0812534
0.0698214 0.0800897
0.0734347 0.0881642
0.0783013 0.0857488
0.0824755 0.0923558
0.0873284 0.0917164
0.0925625 0.0956522
0.0977951 0.0973229
0.103315 0.106858
0.109539 0.109713
0.115874 0.109619
0.121409 0.119508
0.126306 0.1157
0.13183 0.115207
0.137953 0.117202
0.146773 0.112094
0.152784 0.110782
0.158479 0.113555
0.163512 0.118703
0.169035 0.123218
0.173929 0.13032
0.179409 0.132934
0.184149 0.124921
0.189743 0.120028
0.195 0.119928
0.199958 0.120531
0.206366 0.121363
0.211823 0.121779
0.217341 0.127789
0.222287 0.121804
0.227368 0.118357
0.232361 0.113412
0.237639 0.11511
0.243333 0.118357
0.248847 0.121924
0.253504 0.113307
0.260073 0.114734
0.266917 0.107166
0.272961 0.10539
0.277898 0.107872
0.283901 0.108696
0.289236 0.111044
0.294542 0.107065
0.300107 0.102713
0.30525 0.101369
0.309783 0.109746
0.315339 0.111252
0.321181 0.113225
0.326667 0.113124
0.332046 0.112695
0.338125 0.111413
0.345017 0.1094
0.351429 0.114159
0.357343 0.10985
0.362216 0.113801
0.36688 0.105502
0.372815 0.107076
0.378714 0.109081
0.383343 0.116307
0.388886 0.111869
0.39432 0.112065
0.399583 0.106522
0.405712 0.101399
0.411535 0.104719
0.415782 0.0964122
0.420377 0.104037
0.43029 0.106595
0.424692 0.0965133
0.429157 0.0882766
0.434129 0.0959047
0.439328 0.0938332
0.444345 0.0966183
0.448648 0.0892836
0.453129 0.0893463
0.457731 0.0976114
0.46631 0.0969634
0.461657 0.0868722
0.467673 0.0820961
0.472178 0.090415
0.477302 0.0954106
0.483267 0.0960869
0.490859 0.0912205
0.497465 0.0876107
0.504583 0.0859255
0.510494 0.0833333
0.516305 0.0824745
0.521413 0.0852762
0.527689 0.0882191
0.533139 0.0907407
0.538452 0.0924776
0.543877 0.0846986
0.552808 0.0800252
0.560893 0.0835059
0.557156 0.0927326
0.550536 0.093143
0.545091 0.100084
0.539771 0.106461
0.533643 0.107488
0.528201 0.105127
0.523018 0.100124
0.517972 0.105233
0.514147 0.0982287
0.508664 0.0981358
0.50242 0.0990595
0.495808 0.103347
0.489211 0.105792
0.483333 0.11087
0.478003 0.11403
0.472992 0.106994
0.467961 0.110603
0.46192 0.108118
0.454775 0.112133
0.449271 0.107337
0.442968 0.112664
0.43724 0.112957
0.432405 0.121981
0.425972 0.117102
0.420606 0.120169
0.41553 0.11693
0.4095 0.117633
0.403731 0.117809
0.397579 0.123303
0.391528 0.127456
0.386193 0.130654
0.380511 0.131094
0.375491 0.124128
0.370146 0.119686
0.365533 0.126643
0.360235 0.131327
0.355227 0.125878
0.350436 0.133828
0.346738 0.125044
0.341392 0.125424
0.335269 0.127563
0.329525 0.128497
0.323565 0.128261
0.31625 0.126654
0.310333 0.126618
0.303832 0.11876
0.298009 0.120156
0.292149 0.122426
0.285804 0.124228
0.279685 0.121568
0.272009 0.120317
0.266065 0.121712
0.262324 0.133315
0.256046 0.127831
0.250438 0.135359
0.244583 0.134957
0.239254 0.132204
0.233502 0.12969
0.227316 0.133103
0.221479 0.138104
0.213819 0.140751
0.208043 0.137051
0.201875 0.132045
0.194867 0.135894
0.188247 0.136574
0.201647 0.144122
0.207989 0.152751
0.202437 0.157427
0.195712 0.151218
0.189707 0.151377
0.182583 0.146882
0.175888 0.148277
0.170119 0.142282
0.16568 0.135011
0.160536 0.13239
0.15532 0.127261
0.149375 0.125329
0.142784 0.124286
0.13404 0.13012
0.127817 0.132367
0.122475 0.138178
0.117311 0.128568
0.112123 0.124569
0.106864 0.121854
0.102237 0.124523
0.0980792 0.114616
0.0930754 0.111859
0.0877671 0.106249
0.0821734 0.106052
0.0769246 0.102312
0.0714474 0.101831
0.0664438 0.0952983
0.0601944 0.0952496
0.0544166 0.0988996
0.0486725 0.0954106
0.0428426 0.094015
0.0371018 0.0896135
0.0316667 0.0952531
0.0270463 0.106039
0.0209269 0.101572
0.0145648 0.103086
0.00859694 0.102312
0.00295543 0.101253
0.00327128 0.11607
0.0104621 0.118116
0.0176204 0.116237
0.0238068 0.117918
0.0327841 0.110892
0.0385119 0.106009
0.0448353 0.110016
0.0500833 0.110749
0.0538176 0.118651
0.0583333 0.113527
0.0630662 0.109284
0.067869 0.111698
0.073343 0.118386
0.0782176 0.118357
0.0837725 0.119043
0.0888596 0.122489
0.0936842 0.128655
0.0980092 0.132716
0.101991 0.140835
0.107208 0.13744
0.112851 0.139906
0.11743 0.147896
0.110965 0.153382
0.105995 0.152644
0.100369 0.153382
0.0953977 0.148166
0.0903739 0.140128
0.0855068 0.134972
0.0808929 0.131919
0.0763816 0.135393
0.0719032 0.136604
0.0664881 0.139027
0.0684954 0.125268
0.0631517 0.125821
0.0589035 0.132278
0.0539881 0.13354
0.0482333 0.128551
0.0425711 0.122629
0.037192 0.123136
0.0307568 0.12484
0.0250568 0.131642
0.0176684 0.129947
0.0103667 0.132464
0.0032803 0.131511
0.00282801 0.148242
0.00840278 0.147746
0.0145479 0.145364
0.0203779 0.142933
0.02625 0.146595
0.031413 0.140989
0.0364632 0.139956
0.0419411 0.137711
0.0463081 0.145461
0.0512888 0.14754
0.0569048 0.149356
0.0622818 0.145503
0.0696047 0.15078
0.0753788 0.153052
0.0801118 0.148904
0.0850711 0.150554
0.0904419 0.15404
0.0819022 0.165459
0.0879594 0.165769
0.0934722 0.166821
0.0981193 0.165981
0.10375 0.165006
0.108731 0.169357
0.114566 0.166384
0.120042 0.161715
0.124454 0.155529
0.129065 0.149785
0.134167 0.145505
0.139705 0.137933
0.14625 0.138182
0.152287 0.140607
0.158303 0.145487
0.164076 0.150704
0.169754 0.157609
0.174848 0.165294
0.180083 0.165314
0.185924 0.162308
0.191538 0.170383
0.19687 0.165627
0.202306 0.172705
0.20761 0.170931
0.212758 0.175868
0.221002 0.17734
0.22625 0.172832
0.232292 0.174023
0.23908 0.175423
0.24501 0.178656
0.235203 0.186269
0.227729 0.187149
0.221347 0.190962
0.21572 0.18901
0.208862 0.189335
0.202793 0.189357
0.197101 0.182052
0.193161 0.192618
0.188889 0.185013
0.184231 0.178127
0.179972 0.18693
0.175096 0.180757
0.169881 0.175293
0.164886 0.168149
0.159777 0.162482
0.154562 0.155859
0.148515 0.15301
0.14312 0.15185
0.138517 0.15737
0.133571 0.163216
0.128712 0.169192
0.124136 0.175946
0.119259 0.176664
0.115822 0.185762
0.111378 0.182986
0.106409 0.187313
0.100931 0.191674
0.102488 0.177053
0.097297 0.182305
0.0920427 0.182308
0.086768 0.178777
0.0815203 0.180735
0.0763426 0.170934
0.071485 0.164654
0.0653426 0.160896
0.0598475 0.162278
0.0535467 0.163043
0.04825 0.163466
0.0435698 0.161281
0.0400321 0.152948
0.0356517 0.158956
0.0308236 0.158606
0.0259295 0.163229
0.0212083 0.157669
0.01625 0.162046
0.0106703 0.162466
0.00367284 0.163938
0.00327614 0.179289
0.00958333 0.178256
0.0153261 0.178429
0.02125 0.175121
0.0273825 0.176917
0.0329545 0.174956
0.038787 0.173188
0.0440909 0.177372
0.050375 0.177838
0.0567235 0.175999
0.0629776 0.176181
0.0691493 0.177335
0.0757386 0.186155
0.0704356 0.19406
0.0653557 0.190674
0.0598679 0.190026
0.0537286 0.18949
0.0469765 0.190914
0.0421047 0.19302
0.0369722 0.189452
0.0312862 0.191136
0.0253968 0.190074
0.0196188 0.191669
0.0138861 0.19543
0.00786111 0.193371
0.00237403 0.196242
0.00669872 0.208937
0.00234848 0.21547
0.00789893 0.22564
0.0028066 0.234596
0.0134779 0.232895
0.0191759 0.227134
0.0264736 0.230971
0.0310746 0.237668
0.0374322 0.23635
0.0424405 0.237233
0.0480329 0.240282
0.0537714 0.240834
0.0592544 0.247267
0.0640873 0.246952
0.0688923 0.253063
0.0742175 0.259956
0.0782708 0.251027
0.0834325 0.250863
0.0889912 0.24536
0.0854605 0.235825
0.0792013 0.235155
0.0732685 0.242378
0.0678004 0.235114
0.0604167 0.232155
0.0535459 0.22693
0.0466167 0.224879
0.0394551 0.220922
0.0326552 0.222483
0.0243598 0.219365
0.0153691 0.216667
0.0115142 0.210705
0.0191768 0.208171
0.0243269 0.204478
0.0293055 0.2084
0.0347917 0.205808
0.0405523 0.206634
0.0463768 0.209987
0.0533028 0.21312
0.050636 0.201119
0.0574802 0.202266
0.06414 0.205854
0.0702174 0.211563
0.0594089 0.217026
0.0655114 0.221563
0.0726647 0.226576
0.0769864 0.218768
0.0830952 0.222855
0.0898437 0.226349
0.0953585 0.232362
0.101494 0.230735
0.107126 0.229933
0.112698 0.230561
0.122714 0.231917
0.117817 0.238843
0.113062 0.245531
0.106913 0.243742
0.0996037 0.243932
0.0936309 0.247584
0.102598 0.254902
0.106798 0.259248
0.111543 0.259466
0.117046 0.257998
0.121845 0.263872
0.126854 0.264553
0.133036 0.269381
0.138963 0.262246
0.144155 0.261801
0.13425 0.255107
0.129518 0.253051
0.122627 0.248267
0.127468 0.240834
0.1331 0.236744
0.137393 0.245238
0.141708 0.243901
0.14643 0.250326
0.151229 0.255254
0.155951 0.258237
0.161211 0.258594
0.167045 0.258426
0.171792 0.256703
0.177917 0.262429
0.188672 0.259774
0.183983 0.254775
0.179602 0.246267
0.173985 0.244921
0.167693 0.240161
0.1633 0.244451
0.158354 0.24215
0.154035 0.239067
0.149611 0.239453
0.145833 0.232329
0.142057 0.226072
0.137614 0.227053
0.128953 0.226955
0.124412 0.218741
0.11875 0.221733
0.114907 0.215244
0.11 0.215421
0.105069 0.216184
0.0999437 0.216379
0.0947708 0.216908
0.0900625 0.209239
0.085259 0.209851
0.080463 0.207394
0.0750291 0.20259
0.081015 0.194135
0.0870265 0.19395
0.0932143 0.196687
0.0976974 0.202962
0.104206 0.202438
0.110474 0.200044
0.11619 0.200886
0.121549 0.207575
0.129051 0.211688
0.133536 0.217051
0.137917 0.208937
0.143495 0.213298
0.1483 0.214878
0.151442 0.224297
0.156865 0.223315
0.162231 0.228529
0.170724 0.230231
0.176375 0.231582
0.181597 0.230207
0.185417 0.237628
0.190145 0.241231
0.193729 0.251449
0.197998 0.257011
0.203767 0.257699
0.208608 0.264316
0.213996 0.259058
0.219392 0.25156
0.209954 0.247907
0.205198 0.240683
0.199981 0.241107
0.195746 0.233092
0.204016 0.225074
0.210176 0.230354
0.215247 0.238958
0.221046 0.234669
0.226824 0.232394
0.232205 0.226199
0.237685 0.224503
0.243014 0.224497
0.249548 0.220346
0.255246 0.219148
0.260197 0.215548
0.264474 0.219489
0.269339 0.220543
0.274603 0.215622
0.280146 0.215139
0.285104 0.212258
0.29046 0.206331
0.295625 0.20151
0.300463 0.196994
0.305288 0.20008
0.313257 0.199275
0.31881 0.197435
0.32888 0.196484
0.335996 0.203003
0.341616 0.205697
0.350795 0.208278
0.345882 0.215116
0.338982 0.219498
0.33138 0.211245
0.324567 0.207391
0.317684 0.211521
0.309035 0.208238
0.301104 0.211594
0.312393 0.219442
0.305861 0.221229
0.299393 0.223637
0.294583 0.217362
0.288964 0.222191
0.283173 0.229252
0.278021 0.229106
0.272896 0.233563
0.266599 0.235283
0.260843 0.232586
0.253847 0.234103
0.247996 0.235507
0.242792 0.239372
0.237028 0.239694
0.231311 0.242106
0.226156 0.250365
0.233525 0.255484
0.238417 0.255193
0.243074 0.254831
0.247653 0.252288
0.252434 0.249491
0.257959 0.244054
0.262622 0.252747
0.268515 0.247461
0.273144 0.251592
0.278075 0.244421
0.286746 0.238785
0.292254 0.233154
0.297269 0.235641
0.3025 0.235843
0.3075 0.236353
0.312434 0.235317
0.316952 0.228769
0.321928 0.222194
0.327828 0.224098
0.334337 0.225296
0.343631 0.228893
0.350543 0.226738
0.355937 0.220612
0.361771 0.225946
0.368561 0.229798
0.374624 0.23592
0.380462 0.239685
0.384958 0.232971
0.389715 0.23449
0.393674 0.24107
0.397169 0.251549
0.390575 0.25207
0.384479 0.250403
0.37744 0.251093
0.370842 0.246833
0.365583 0.242391
0.360844 0.241752
0.355505 0.23818
0.346948 0.238967
0.339402 0.238448
0.332429 0.23804
0.327604 0.242603
0.323845 0.236611
0.319699 0.241278
0.315224 0.248885
0.309665 0.250648
0.303262 0.249882
0.296392 0.248409
0.290709 0.248629
0.282435 0.250107
0.287022 0.259132
0.292958 0.26256
0.29875 0.261502
0.304671 0.262967
0.309476 0.267466
0.314079 0.263666
0.31996 0.257304
0.324848 0.256127
0.330464 0.253037
0.33625 0.249936
0.343926 0.252926
0.338875 0.261353
0.333093 0.263468
0.334282 0.275899
0.328214 0.269784
0.323036 0.274212
0.318074 0.272392
0.313323 0.281401
0.308599 0.283011
0.304358 0.278724
0.299944 0.276178
0.294708 0.276449
0.288576 0.274379
0.282043 0.266024
0.27638 0.263473
0.267292 0.262319
0.271002 0.271842
0.263595 0.272863
0.258384 0.270502
0.256421 0.258981
0.25089 0.265975
0.244484 0.269554
0.238597 0.271197
0.231192 0.265841
0.223641 0.263915
0.217704 0.270403
0.211576 0.277463
0.205365 0.278382
0.199787 0.270973
0.193639 0.269753
0.188485 0.277284
0.183116 0.271582
0.173636 0.271794
0.166194 0.27351
0.160109 0.273314
0.153591 0.272257
0.148303 0.271091
0.142939 0.276062
0.138083 0.278865
0.133407 0.285521
0.129078 0.279205
0.124155 0.278226
0.118425 0.27551
0.113465 0.274803
0.107958 0.273671
0.101842 0.270214
0.0978509 0.259852
0.0936184 0.264048
0.0879166 0.261459
0.0816848 0.266488
0.0765079 0.272889
0.0693055 0.268461
0.0637306 0.263931
0.0578728 0.263031
0.0546875 0.254604
0.0497708 0.25471
0.0437103 0.253278
0.0381606 0.255361
0.0343308 0.247145
0.0267151 0.247865
0.0215873 0.240913
0.0169746 0.247795
0.00864796 0.243099
0.00265151 0.252086
0.00748016 0.259604
0.0128125 0.255374
0.022192 0.258927
0.0317345 0.259044
0.0271037 0.265671
0.0179735 0.267512
0.0121802 0.271402
0.00259354 0.270457
0.00758721 0.277862
0.0162326 0.282256
0.0238106 0.278898
0.0309375 0.277053
0.0360038 0.271794
0.0413158 0.267798
0.0469257 0.267039
0.0520635 0.271049
0.059386 0.275299
0.0647429 0.282172
0.0698214 0.282781
0.0742448 0.284269
0.0816667 0.283273
0.0863333 0.277899
0.0911743 0.274887
0.0971389 0.280113
0.103066 0.283507
0.109177 0.287161
0.115954 0.291761
0.121338 0.289855
0.126881 0.291941
0.131029 0.298522
0.136936 0.295467
0.141475 0.294327
0.145845 0.288974
0.150504 0.286105
0.156479 0.286051
0.162044 0.288705
0.166974 0.291953
0.170417 0.282609
0.175395 0.289391
0.179384 0.283186
0.185076 0.289416
0.193526 0.286557
0.199603 0.284909
0.210223 0.293422
0.204796 0.295388
0.199405 0.300207
0.194055 0.302787
0.188614 0.30102
0.181746 0.302369
0.177368 0.307018
0.172566 0.300089
0.168848 0.307829
0.164187 0.306401
0.159 0.302597
0.154036 0.298654
0.149854 0.303923
0.145255 0.305488
0.139803 0.310132
0.134089 0.307518
0.12575 0.30521
0.120718 0.304012
0.111716 0.298451
0.105327 0.297983
0.100046 0.296162
0.0958824 0.298735
0.0924212 0.28819
0.0879166 0.29385
0.0831089 0.298867
0.0779902 0.292626
0.0726309 0.297757
0.0675397 0.299114
0.0625321 0.300477
0.0548864 0.296553
0.0595833 0.290056
0.0547262 0.282643
0.0498397 0.288709
0.0458114 0.280892
0.0410625 0.283816
0.036079 0.288152
0.0301931 0.290415
0.0260625 0.297826
0.0210869 0.293898
0.0156686 0.29786
0.00985606 0.293259
0.00315476 0.288647
0.00245155 0.304264
0.00670139 0.311544
0.0118351 0.311414
0.0180093 0.31205
0.0235869 0.312644
0.0295446 0.310274
0.0344246 0.302852
0.0403557 0.300548
0.045375 0.298309
0.0504167 0.304856
0.0565278 0.308405
0.0606713 0.315419
0.065873 0.31539
0.0724709 0.311903
0.0777708 0.307367
0.0820608 0.315087
0.087125 0.310749
0.0919257 0.306665
0.0961337 0.316004
0.101948 0.311004
0.107377 0.311665
0.111815 0.310128
0.116799 0.311388
0.123207 0.318869
0.129232 0.315408
0.135874 0.318412
0.143724 0.318765
0.14997 0.319047
0.155062 0.314795
0.160758 0.318376
0.16625 0.323452
0.172633 0.318621
0.178188 0.321509
0.182815 0.327589
0.185995 0.316203
0.192083 0.317633
0.197835 0.316396
0.203188 0.312521
0.208421 0.30956
0.21318 0.308098
0.217625 0.302959
0.226726 0.305555
0.234444 0.301429
0.229087 0.291834
0.222428 0.294686
0.216042 0.287741
0.22233 0.280248
0.227742 0.276064
0.233954 0.282042
0.23888 0.29015
0.243896 0.285024
0.24886 0.279621
0.254456 0.281453
0.260223 0.286794
0.266361 0.286876
0.272123 0.286979
0.277178 0.279644
0.282741 0.280003
0.286597 0.28905
0.291613 0.29001
0.2967 0.291259
0.301338 0.293605
0.305965 0.296974
0.31075 0.298516
0.314785 0.296626
0.318431 0.287795
0.322646 0.290997
0.328091 0.285614
0.333417 0.287681
0.338994 0.292064
0.343155 0.302992
0.334964 0.301415
0.33025 0.30245
0.325882 0.300583
0.318494 0.30537
0.322893 0.311353
0.327655 0.317426
0.332544 0.317506
0.337575 0.312492
0.341128 0.320755
0.346715 0.317071
0.350051 0.332891
0.344833 0.332307
0.338796 0.335547
0.334715 0.330727
0.329521 0.333213
0.324369 0.328054
0.319313 0.321485
0.31377 0.315335
0.308688 0.3125
0.302632 0.310033
0.297785 0.309814
0.293917 0.305901
0.28893 0.304446
0.284069 0.301719
0.280079 0.293478
0.275312 0.299336
0.269229 0.301701
0.262349 0.301444
0.256087 0.298939
0.250095 0.294411
0.244375 0.300176
0.240065 0.309259
0.24594 0.316678
0.250591 0.309319
0.256667 0.313952
0.263769 0.315108
0.269683 0.316885
0.274771 0.315217
0.279649 0.310704
0.284604 0.317338
0.29056 0.31784
0.279516 0.325989
0.274146 0.330797
0.266921 0.329003
0.260307 0.325833
0.252583 0.324718
0.247652 0.332597
0.242144 0.327
0.23625 0.320048
0.231061 0.314888
0.221786 0.313837
0.22588 0.323698
0.216917 0.321014
0.212215 0.325134
0.207447 0.325189
0.202607 0.330553
0.197212 0.330453
0.191153 0.332575
0.187104 0.338017
0.182222 0.343398
0.176905 0.336381
0.170833 0.332367
0.161763 0.333674
0.156433 0.329887
0.151425 0.334541
0.14625 0.330536
0.140702 0.329848
0.13572 0.330369
0.131172 0.327899
0.127127 0.333842
0.122821 0.333782
0.117301 0.327032
0.111583 0.322395
0.105539 0.326057
0.0998611 0.325282
0.0909524 0.323384
0.0852229 0.327351
0.0785208 0.325242
0.0737938 0.327867
0.0692157 0.324737
0.0613176 0.329318
0.0553491 0.322986
0.0503526 0.318438
0.0446443 0.314157
0.0385625 0.314553
0.0334167 0.321175
0.0265561 0.32695
0.019787 0.327134
0.0134549 0.326791
0.00236667 0.325024
0.00743055 0.330566
0.0027613 0.346905
0.00912234 0.345076
0.015191 0.341938
0.0213782 0.340487
0.0261484 0.34438
0.0313447 0.336737
0.0367105 0.336067
0.040259 0.3286
0.0452244 0.328409
0.050606 0.334486
0.0568287 0.336286
0.0656644 0.335455
0.0698452 0.341856
0.0740025 0.344789
0.0778889 0.340258
0.0821072 0.340476
0.0866288 0.343105
0.0908691 0.337785
0.0957576 0.336462
0.101025 0.339568
0.105893 0.340062
0.111294 0.33505
0.119583 0.342089
0.115372 0.344986
0.11106 0.350276
0.106176 0.353154
0.100246 0.354359
0.095 0.353865
0.0901642 0.353133
0.0845625 0.356461
0.0784325 0.355475
0.0724621 0.359684
0.0669583 0.353985
0.0615341 0.346673
0.0552315 0.347759
0.0504583 0.351449
0.0455183 0.343555
0.0409722 0.348344
0.0354167 0.350785
0.030437 0.354454
0.0255754 0.361054
0.0200397 0.35467
0.0146014 0.358853
0.00849637 0.360061
0.00259354 0.36678
0.00720833 0.375845
0.012971 0.373766
0.0203125 0.37037
0.026875 0.37506
0.0321608 0.369874
0.0374516 0.365156
0.0423611 0.364801
0.0463235 0.360543
0.050625 0.367376
0.0552851 0.363399
0.0596474 0.36204
0.0642402 0.364734
0.0678526 0.373932
0.0720833 0.374396
0.0763929 0.373119
0.0807353 0.367789
0.085631 0.372429
0.0900357 0.36677
0.095 0.369565
0.10011 0.369883
0.104964 0.366563
0.110046 0.365875
0.114358 0.364506
0.118794 0.358886
0.12297 0.351605
0.127245 0.351516
0.131475 0.343681
0.136985 0.342711
0.142685 0.34427
0.147377 0.345411
0.15223 0.349673
0.157105 0.34538
0.162454 0.348363
0.167044 0.343283
0.173023 0.346433
0.178925 0.352784
0.186087 0.353865
0.191723 0.352986
0.197313 0.358877
0.187388 0.36712
0.181214 0.366835
0.175224 0.362288
0.170278 0.35883
0.165917 0.361249
0.160702 0.361249
0.155458 0.360628
0.14848 0.359477
0.143662 0.36162
0.139306 0.354597
0.134298 0.356901
0.13037 0.363124
0.124157 0.366616
0.118353 0.375144
0.123627 0.381714
0.128382 0.376741
0.133562 0.376328
0.138216 0.368667
0.143412 0.376453
0.14902 0.372209
0.154284 0.373684
0.159875 0.376087
0.164902 0.374751
0.170184 0.375604
0.175254 0.378754
0.180278 0.382448
0.184833 0.382488
0.19024 0.378605
0.193813 0.369988
0.19951 0.372052
0.203731 0.36656
0.209841 0.366517
0.216458 0.366052
0.225417 0.36471
0.2325 0.368861
0.238472 0.3719
0.244448 0.376109
0.250734 0.378824
0.256172 0.370661
0.26125 0.375356
0.266083 0.37029
0.270625 0.374758
0.275226 0.379676
0.279471 0.370642
0.283998 0.363592
0.289448 0.358891
0.29402 0.352018
0.298494 0.358819
0.303042 0.358394
0.307477 0.353663
0.311996 0.36162
0.316482 0.361916
0.321882 0.364443
0.329479 0.36481
0.325995 0.357287
0.320543 0.352108
0.315671 0.34588
0.31078 0.344079
0.303941 0.34068
0.29788 0.341787
0.290782 0.341787
0.285353 0.348662
0.279651 0.354909
0.274737 0.36359
0.270326 0.356411
0.265768 0.353293
0.257981 0.350087
0.261228 0.35984
0.253169 0.358696
0.248547 0.365485
0.2431 0.360522
0.237554 0.355387
0.230785 0.354763
0.226557 0.34878
0.219732 0.352182
0.212361 0.353382
0.206273 0.353538
0.20125 0.347616
0.195789 0.343249
0.207718 0.340235
0.214477 0.339732
0.219932 0.332968
0.224246 0.338719
0.231005 0.332504
0.238002 0.335408
0.234213 0.343733
0.242708 0.344203
0.247917 0.349258
0.252703 0.342035
0.25706 0.335279
0.263033 0.340439
0.269803 0.34058
0.274797 0.346804
0.279651 0.340743
0.284053 0.334175
0.288403 0.330046
0.29471 0.327032
0.300031 0.326293
0.305066 0.324244
0.309687 0.32971
0.315139 0.330639
0.320351 0.337401
0.32544 0.343532
0.331289 0.347966
0.33619 0.350069
0.342137 0.344359
0.347316 0.349258
0.352822 0.347003
0.356677 0.357767
0.351442 0.364641
0.346789 0.364734
0.342181 0.356778
0.338646 0.364659
0.33402 0.365681
0.3425 0.373323
0.355856 0.372249
0.360443 0.371452
0.362959 0.383717
0.357376 0.387028
0.352354 0.382981
0.347262 0.380435
0.340869 0.385887
0.336229 0.379939
0.33025 0.379348
0.324718 0.375147
0.318897 0.374893
0.31437 0.380322
0.309785 0.382411
0.319496 0.388444
0.325155 0.388164
0.332393 0.391615
0.337212 0.3979
0.343242 0.397166
0.348552 0.39602
0.353472 0.400161
0.360104 0.398551
0.366313 0.394203
0.368917 0.406108
0.36371 0.410513
0.357719 0.411709
0.352734 0.416077
0.347138 0.412098
0.341667 0.411836
0.336565 0.413468
0.32925 0.416943
0.323588 0.423242
0.318594 0.42731
0.314051 0.42237
0.307298 0.418323
0.30125 0.414769
0.297281 0.408022
0.305801 0.405147
0.311655 0.410248
End
0.311655 0.410248
0.318588 0.413446
0.324659 0.410372
0.332222 0.405998
0.327512 0.399068
0.321226 0.400932
0.315787 0.400497
0.311298 0.396101
0.306131 0.390925
0.301479 0.393599
0.297108 0.392441
0.292774 0.397412
0.288776 0.406326
0.292437 0.413885
0.285298 0.415171
0.279917 0.417495
0.275139 0.424431
0.269538 0.424566
0.26436 0.421144
0.259426 0.420649
0.254917 0.417081
0.250435 0.424911
0.242998 0.420455
0.23658 0.425473
0.230478 0.427389
0.224672 0.428744
0.217917 0.424095
0.236555 0.411482
0.230174 0.412943
0.223478 0.4123
0.217668 0.407107
0.211609 0.414346
0.205062 0.413275
0.197829 0.413552
0.189155 0.405901
0.1944 0.403411
0.20075 0.400027
0.207246 0.398551
0.212694 0.397343
0.217897 0.389479
0.222881 0.394105
0.228449 0.398474
0.234893 0.397792
0.24125 0.403107
0.246948 0.409308
0.251821 0.406729
0.256971 0.402631
0.261886 0.405352
0.266319 0.404791
0.270583 0.411491
0.275202 0.407971
0.280226 0.403692
0.284537 0.397142
0.288637 0.389313
0.293412 0.381283
0.298985 0.375814
0.303908 0.375996
0.308107 0.369738
0.293798 0.367529
0.288289 0.37357
0.283796 0.380636
0.279769 0.388084
0.275101 0.394014
0.270315 0.393808
0.265925 0.387387
0.260709 0.389901
0.25578 0.387248
0.250903 0.393519
0.245602 0.391868
0.239719 0.387176
0.233094 0.384289
0.227015 0.381174
0.22099 0.374547
0.213561 0.38016
0.208194 0.381067
0.203417 0.385568
0.198309 0.385053
0.194282 0.38862
0.18928 0.39178
0.18443 0.398551
0.177975 0.395152
0.170218 0.391649
0.16496 0.389521
0.157976 0.388889
0.152569 0.388688
0.148029 0.386375
0.142604 0.391153
0.138465 0.384757
0.133693 0.392512
0.127759 0.390749
0.12024 0.389877
0.113827 0.384423
0.109065 0.379651
0.104113 0.383036
0.0991554 0.384678
0.0944405 0.384921
0.0897976 0.381608
0.0819363 0.382211
0.0774116 0.387462
0.0856194 0.391011
0.0909451 0.397048
0.0973311 0.398844
0.102857 0.399528
0.108125 0.395048
0.112549 0.401321
0.117274 0.39824
0.123417 0.402442
0.129977 0.402711
0.138575 0.401348
0.145625 0.399758
0.151697 0.404236
0.156319 0.403583
0.16234 0.400378
0.173631 0.401139
0.180952 0.40896
0.175887 0.414127
0.16909 0.409371
0.164179 0.413975
0.159288 0.413083
0.147083 0.410745
0.140823 0.413132
0.134725 0.413532
0.128655 0.415079
0.124637 0.417991
0.12044 0.417771
0.116228 0.412154
0.10886 0.411327
0.104531 0.41478
0.0998148 0.413782
0.0947976 0.410318
0.0900788 0.412097
0.0856548 0.418668
0.0807456 0.426138
0.075625 0.429683
0.0708579 0.430946
0.0665972 0.429079
0.0613214 0.430745
0.0525508 0.434635
0.0464474 0.431731
0.0370158 0.430245
0.0319979 0.425833
0.041875 0.420839
0.0476642 0.419229
0.0523214 0.419703
0.057196 0.423587
0.0623958 0.416425
0.06906 0.41442
0.0740741 0.415526
0.0793483 0.412517
0.0850463 0.405529
0.080463 0.398484
0.0745208 0.400906
0.0690931 0.398622
0.0718981 0.387547
0.0650711 0.388388
0.0617593 0.37755
0.0576875 0.383092
0.0530518 0.378998
0.0469207 0.37796
0.0411432 0.379506
0.0358712 0.382576
0.0299722 0.387842
0.0233152 0.386946
0.0173188 0.384005
0.0101389 0.389023
0.00305 0.385942
0.00333333 0.401616
0.00990248 0.404024
0.0152976 0.398551
0.0209654 0.401055
0.0264583 0.402174
0.0332143 0.399528
0.0386932 0.398496
0.0432976 0.392098
0.0485307 0.39194
0.0537714 0.394866
0.0599242 0.398166
0.0646548 0.404727
0.0563158 0.409039
0.05025 0.405901
0.04425 0.40679
0.0365942 0.413779
0.0298934 0.413071
0.0231 0.418357
0.0172256 0.412778
0.0123069 0.420025
0.00677325 0.417565
0.00194048 0.418116
0.00344388 0.433723
0.0096627 0.433057
0.0172101 0.428481
0.0268796 0.430139
0.0211725 0.4379
0.025754 0.445365
0.0327571 0.441695
0.0403623 0.439928
0.0459122 0.444347
0.0513923 0.448598
0.0575758 0.442303
0.0638971 0.441816
0.0717647 0.443876
0.0675219 0.450674
0.0747635 0.452442
0.08 0.455314
0.0852024 0.457177
0.0888922 0.46586
0.0945833 0.46183
0.101852 0.468062
0.108591 0.467564
0.114796 0.467854
0.105255 0.456991
0.0995223 0.454725
0.110536 0.452208
0.11625 0.453617
0.120917 0.459317
0.129583 0.455475
0.125034 0.449961
0.120417 0.44317
0.114583 0.440016
0.109722 0.436795
0.104417 0.442995
0.0988763 0.439943
0.0944841 0.44502
0.0895445 0.447506
0.0838851 0.443171
0.0786374 0.440429
0.0859217 0.431745
0.0908818 0.42998
0.0955386 0.425621
0.10098 0.428389
0.106184 0.427663
0.112576 0.423199
0.11828 0.430045
0.125 0.432945
0.131137 0.426916
0.135803 0.432338
0.140417 0.427536
0.14496 0.4229
0.150182 0.422055
0.154971 0.422228
0.16044 0.426743
0.166298 0.425569
0.17027 0.43052
0.173798 0.425707
0.178472 0.429915
0.1825 0.424549
0.186316 0.417302
0.19218 0.419644
0.20057 0.423277
0.206567 0.429146
0.212103 0.430429
0.2017 0.43599
0.195254 0.432577
0.188472 0.433199
0.18282 0.440821
0.176521 0.442675
0.170032 0.443484
0.164 0.438828
0.15761 0.438533
0.152025 0.438069
0.146314 0.436052
0.140823 0.441812
0.129958 0.441183
0.135018 0.44896
0.14161 0.454465
0.147437 0.45
0.153792 0.452476
0.160132 0.451131
0.16562 0.454548
0.171506 0.456305
0.177012 0.455521
0.182103 0.458516
0.186886 0.449911
0.191934 0.446457
0.19693 0.448449
0.201875 0.44769
0.208983 0.443686
0.21562 0.442412
0.220803 0.439525
0.229331 0.441495
0.235339 0.440821
0.241284 0.438356
0.246703 0.435465
0.256108 0.433457
0.261534 0.437692
0.266506 0.437786
0.271723 0.438406
0.276179 0.443996
0.281865 0.450656
0.289559 0.449844
0.297714 0.448786
0.302703 0.44559
0.293404 0.439879
0.28614 0.441584
0.279358 0.434293
0.283727 0.429549
0.289564 0.427733
0.295324 0.424248
0.298903 0.432748
0.303706 0.428744
0.310298 0.430124
0.307292 0.439614
0.312255 0.444871
0.316421 0.439954
0.321898 0.438003
0.327646 0.431551
0.333365 0.425833
0.339907 0.425926
0.345071 0.428155
0.350379 0.429567
0.356153 0.430878
0.360702 0.42404
0.368565 0.420692
0.37367 0.420615
0.380204 0.419904
0.365343 0.429525
0.361955 0.439706
0.369083 0.438708
0.374057 0.438342
0.378882 0.434673
0.384816 0.432114
0.393393 0.429434
0.389194 0.441573
0.395745 0.438333
0.404278 0.44525
0.400518 0.458142
0.395083 0.452415
0.390017 0.457075
0.383177 0.448067
0.376989 0.452734
0.371644 0.453301
0.366174 0.452954
0.359671 0.45061
0.354187 0.445825
0.348826 0.444884
0.342734 0.442176
0.337256 0.43599
0.330208 0.442331
0.324352 0.448135
0.327298 0.457262
0.322278 0.46409
0.319177 0.455128
0.314693 0.458302
0.308268 0.45417
0.304155 0.461581
0.299145 0.462624
0.293364 0.458731
0.28621 0.461123
0.277511 0.458513
0.272732 0.455985
0.267897 0.453014
0.262639 0.455153
0.257065 0.450644
0.252104 0.443708
0.248214 0.452553
0.243382 0.455819
0.238254 0.454509
0.231761 0.455369
0.224844 0.450886
0.219149 0.456469
0.212833 0.455857
0.206162 0.455441
0.201124 0.460804
0.19483 0.462286
0.188409 0.463164
0.18188 0.473283
0.176318 0.468762
0.170199 0.470122
0.163562 0.468116
0.157845 0.46325
0.149508 0.462341
0.144005 0.465513
0.137123 0.463653
0.131458 0.466049
0.125574 0.466804
0.120789 0.474946
0.128004 0.479278
0.13375 0.478951
0.139905 0.476614
0.147406 0.474716
0.153367 0.470394
0.159278 0.475523
0.166771 0.480857
0.161716 0.486786
0.156025 0.484887
0.150833 0.485038
0.145568 0.485617
0.141465 0.490689
0.136616 0.49296
0.131366 0.494579
0.125732 0.490175
0.120682 0.491381
0.115518 0.484005
0.110203 0.481512
0.104702 0.481366
0.0986041 0.477415
0.0928312 0.475814
0.0856746 0.478893
0.0814286 0.469692
0.0749695 0.465506
0.0683055 0.464171
0.0621212 0.456192
0.0562292 0.457609
0.051201 0.463981
0.0467738 0.459248
0.041864 0.455441
0.0358667 0.454927
0.029312 0.455539
0.0231061 0.460364
0.0128198 0.459527
0.0183232 0.451131
0.0138889 0.442834
0.00814922 0.447843
End
