960 640
0.0223089 0.0711588
0.0248109 0.0590891
0.028641 0.0632813
0.0330465 0.0683155
0.0377582 0.0690623
0.0403274 0.0754464
0.0455508 0.0751766
0.0504798 0.0783819
0.0550829 0.0812161
0.0556085 0.0751048
0.0594002 0.0713343
0.0639441 0.0710916
0.0614255 0.0648556
0.0568145 0.0626938
0.0550381 0.0687132
0.0506197 0.0714392
0.0466449 0.0676305
0.0517692 0.0632227
0.0479522 0.0596286
0.0438783 0.0610414
0.0392415 0.0613769
0.0340048 0.0615704
0.0342708 0.0546353
0.0408741 0.0521399
0.0463573 0.0525456
0.0519273 0.0557046
0.0564357 0.0563359
0.0586638 0.0520627
0.0544058 0.0478479
0.0487847 0.044308
0.0489107 0.0323145
0.0577232 0.0370584
0.0614324 0.046918
0.065491 0.0506864
0.0623247 0.0575888
0.0657987 0.0620313
0.0696511 0.0671211
0.0721781 0.0735018
0.0658313 0.077519
0.0614681 0.0799979
0.0586199 0.0859044
0.0623727 0.0888854
0.0665499 0.0850968
0.0712013 0.0812557
0.0715015 0.0879644
0.0689 0.0922503
0.0654168 0.0948402
0.061355 0.0956717
0.0571593 0.0940943
0.053128 0.0961161
0.0559403 0.101365
0.0601051 0.101831
0.0618184 0.106675
0.0648931 0.102251
0.0710056 0.104182
0.0692087 0.0986228
0.0743882 0.0990942
0.0753633 0.0921641
0.0828114 0.0928789
0.0795783 0.0970281
0.0850935 0.0996063
0.0881707 0.10414
0.0928873 0.102346
0.0985513 0.10373
0.0979511 0.0982273
0.101391 0.0935941
0.107592 0.101035
0.107968 0.0927183
0.104562 0.0870667
0.102164 0.074763
0.102344 0.0614582
0.106962 0.0557401
0.119132 0.0891947
0.763002 0.298815
0.827413 0.167994
0.833471 0.1405
0.838446 0.167386
0.892733 0.18683
0.905609 0.245846
0.901884 0.534533
0.961645 0.742445
0.825747 0.915832
0.803179 0.80028
0.686304 0.643092
0.504407 0.83953
0.0747798 0.446692
0.0659089 0.179019
0.056818 0.172266
0.0533333 0.157418
0.0516637 0.150855
0.045634 0.149803
0.0402274 0.150322
0.0481881 0.143957
0.0526458 0.143525
0.0560254 0.147837
0.05967 0.151329
0.0595031 0.15852
0.0655067 0.159112
0.0696316 0.158268
0.0756471 0.162786
0.0942186 0.159655
0.0847391 0.147032
0.088268 0.144053
0.0889576 0.137633
0.0826194 0.138584
0.0759605 0.141408
0.0697808 0.144717
0.0702199 0.138149
0.0660095 0.140534
0.0608387 0.142796
0.0621589 0.136642
0.0575285 0.13431
0.0516349 0.137052
0.0525955 0.129681
0.0473996 0.131241
0.0425068 0.131079
0.0419707 0.137826
0.0353305 0.139517
0.0265614 0.135679
0.0256527 0.123179
0.0311282 0.129171
0.0361723 0.127706
0.0412057 0.124313
0.0472947 0.125504
0.0525986 0.123694
0.056881 0.12099
0.0605176 0.117029
0.0645428 0.117415
0.0689201 0.116163
0.0746389 0.115076
0.0789799 0.112111
0.0826305 0.114712
0.0859391 0.118549
0.0855016 0.125413
0.0819009 0.122652
0.0774034 0.119816
0.0722289 0.121098
0.0758797 0.126414
0.0701237 0.126474
0.06614 0.124008
0.0611893 0.123345
0.0577313 0.128257
0.0624225 0.129293
0.0663572 0.13223
0.0708247 0.132814
0.0752729 0.133371
0.0808517 0.131756
0.0858898 0.131627
0.0908939 0.130024
0.104148 0.129595
0.099196 0.123508
0.0907745 0.117629
0.0947031 0.116219
0.0984275 0.113425
0.0947096 0.108675
0.0906285 0.110498
0.0866195 0.111715
0.082958 0.107309
0.0796977 0.103075
0.0761004 0.106618
0.0721597 0.110156
0.0679065 0.108691
0.0646103 0.110983
0.0602611 0.111265
0.0565253 0.107901
0.0523447 0.106381
0.047083 0.103455
0.0500061 0.0995601
0.0460438 0.095779
0.0423404 0.0994388
0.0389529 0.0956884
0.0344327 0.0985222
0.0377526 0.103973
0.0424753 0.107099
0.0470992 0.109047
0.0499662 0.112714
0.0559831 0.113909
0.0524777 0.117001
0.0484926 0.119901
0.0451575 0.115744
0.040959 0.114288
0.0366922 0.110675
0.031885 0.111203
0.0220982 0.108147
0.0164198 0.100124
0.0252431 0.0994272
0.0216856 0.0956676
0.0198344 0.0882179
0.029491 0.0881408
0.0349053 0.0896155
0.0393748 0.0883664
0.0441478 0.0895764
0.0499613 0.091325
0.0544407 0.0880374
0.0493569 0.0856044
0.0457525 0.0818954
0.042061 0.082132
0.0348514 0.0828305
0.0348474 0.0760578
0.028588 0.0740475
0.0241138 0.0771097
End
