100 100
0.0 0.0
0.010000000000000009 0.0
0.020000000000000018 0.0
0.030000000000000027 0.0
0.040000000000000036 0.0
0.050000000000000044 0.0
0.06000000000000005 0.0
0.06999999999999995 0.0
0.07999999999999996 0.0
0.08999999999999997 0.0
0.09999999999999998 0.0
0.10999999999999999 0.0
0.12 0.0
0.13 0.0
0.14 0.0
0.15000000000000002 0.0
0.16000000000000003 0.0
0.17000000000000004 0.0
0.18000000000000005 0.0
0.18999999999999995 0.0
0.19999999999999996 0.0
0.20999999999999996 0.0
0.21999999999999997 0.0
0.22999999999999998 0.0
0.24 0.0
0.25 0.0
0.26 0.0
0.27 0.0
0.28 0.0
0.29000000000000004 0.0
0.30000000000000004 0.0
0.31000000000000005 0.0
0.31999999999999995 0.0
0.32999999999999996 0.0
0.33999999999999997 0.0
0.35 0.0
0.36 0.0
0.37 0.0
0.38 0.0
0.39 0.0
0.4 0.0
0.41000000000000003 0.0
0.42000000000000004 0.0
0.43000000000000005 0.0
0.43999999999999995 0.0
0.44999999999999996 0.0
0.45999999999999996 0.0
0.47 0.0
0.48 0.0
0.49 0.0
0.5 0.0
0.51 0.0
0.52 0.0
0.53 0.0
0.54 0.0
0.55 0.0
0.56 0.0
0.5700000000000001 0.0
0.5800000000000001 0.0
0.5900000000000001 0.0
0.6000000000000001 0.0
0.6100000000000001 0.0
0.6200000000000001 0.0
0.6299999999999999 0.0
0.6399999999999999 0.0
0.6499999999999999 0.0
0.6599999999999999 0.0
0.6699999999999999 0.0
0.6799999999999999 0.0
0.69 0.0
0.7 0.0
0.71 0.0
0.72 0.0
0.73 0.0
0.74 0.0
0.75 0.0
0.76 0.0
0.77 0.0
0.78 0.0
0.79 0.0
0.8 0.0
0.81 0.0
0.8200000000000001 0.0
0.8300000000000001 0.0
0.8400000000000001 0.0
0.8500000000000001 0.0
0.8600000000000001 0.0
0.8700000000000001 0.0
0.8799999999999999 0.0
0.8899999999999999 0.0
0.8999999999999999 0.0
0.9099999999999999 0.0
0.9199999999999999 0.0
0.9299999999999999 0.0
0.94 0.0
0.95 0.0
0.96 0.0
0.97 0.0
0.98 0.0
0.99 0.0
1.0 0.0
End
0.0 0.09999999999999998
0.010000000000000009 0.09999999999999998
0.020000000000000018 0.09999999999999998
0.030000000000000027 0.09999999999999998
0.040000000000000036 0.09999999999999998
0.050000000000000044 0.09999999999999998
0.06000000000000005 0.09999999999999998
0.06999999999999995 0.09999999999999998
0.07999999999999996 0.09999999999999998
0.08999999999999997 0.09999999999999998
0.09999999999999998 0.09999999999999998
0.10999999999999999 0.09999999999999998
0.12 0.09999999999999998
0.13 0.09999999999999998
0.14 0.09999999999999998
0.15000000000000002 0.09999999999999998
0.16000000000000003 0.09999999999999998
0.17000000000000004 0.09999999999999998
0.18000000000000005 0.09999999999999998
0.18999999999999995 0.09999999999999998
0.19999999999999996 0.09999999999999998
0.20999999999999996 0.09999999999999998
0.21999999999999997 0.09999999999999998
0.22999999999999998 0.09999999999999998
0.24 0.09999999999999998
0.25 0.09999999999999998
0.26 0.09999999999999998
0.27 0.09999999999999998
0.28 0.09999999999999998
0.29000000000000004 0.09999999999999998
0.30000000000000004 0.09999999999999998
0.31000000000000005 0.09999999999999998
0.31999999999999995 0.09999999999999998
0.32999999999999996 0.09999999999999998
0.33999999999999997 0.09999999999999998
0.35 0.09999999999999998
0.36 0.09999999999999998
0.37 0.09999999999999998
0.38 0.09999999999999998
0.39 0.09999999999999998
0.4 0.09999999999999998
0.41000000000000003 0.09999999999999998
0.42000000000000004 0.09999999999999998
0.43000000000000005 0.09999999999999998
0.43999999999999995 0.09999999999999998
0.44999999999999996 0.09999999999999998
0.45999999999999996 0.09999999999999998
0.47 0.09999999999999998
0.48 0.09999999999999998
0.49 0.09999999999999998
0.5 0.09999999999999998
0.51 0.09999999999999998
0.52 0.09999999999999998
0.53 0.09999999999999998
0.54 0.09999999999999998
0.55 0.09999999999999998
0.56 0.09999999999999998
0.5700000000000001 0.09999999999999998
0.5800000000000001 0.09999999999999998
0.5900000000000001 0.09999999999999998
0.6000000000000001 0.09999999999999998
0.6100000000000001 0.09999999999999998
0.6200000000000001 0.09999999999999998
0.6299999999999999 0.09999999999999998
0.6399999999999999 0.09999999999999998
0.6499999999999999 0.09999999999999998
0.6599999999999999 0.09999999999999998
0.6699999999999999 0.09999999999999998
0.6799999999999999 0.09999999999999998
0.69 0.09999999999999998
0.7 0.09999999999999998
0.71 0.09999999999999998
0.72 0.09999999999999998
0.73 0.09999999999999998
0.74 0.09999999999999998
0.75 0.09999999999999998
0.76 0.09999999999999998
0.77 0.09999999999999998
0.78 0.09999999999999998
0.79 0.09999999999999998
0.8 0.09999999999999998
0.81 0.09999999999999998
0.8200000000000001 0.09999999999999998
0.8300000000000001 0.09999999999999998
0.8400000000000001 0.09999999999999998
0.8500000000000001 0.09999999999999998
0.8600000000000001 0.09999999999999998
0.8700000000000001 0.09999999999999998
0.8799999999999999 0.09999999999999998
0.8899999999999999 0.09999999999999998
0.8999999999999999 0.09999999999999998
0.9099999999999999 0.09999999999999998
0.9199999999999999 0.09999999999999998
0.9299999999999999 0.09999999999999998
0.94 0.09999999999999998
0.95 0.09999999999999998
0.96 0.09999999999999998
0.97 0.09999999999999998
0.98 0.09999999999999998
0.99 0.09999999999999998
1.0 0.09999999999999998
End
0.0 0.19999999999999996
0.010000000000000009 0.19999999999999996
0.020000000000000018 0.19999999999999996
0.030000000000000027 0.19999999999999996
0.040000000000000036 0.19999999999999996
0.050000000000000044 0.19999999999999996
0.06000000000000005 0.19999999999999996
0.06999999999999995 0.19999999999999996
0.07999999999999996 0.19999999999999996
0.08999999999999997 0.19999999999999996
0.09999999999999998 0.19999999999999996
0.10999999999999999 0.19999999999999996
0.12 0.19999999999999996
0.13 0.19999999999999996
0.14 0.19999999999999996
0.15000000000000002 0.19999999999999996
0.16000000000000003 0.19999999999999996
0.17000000000000004 0.19999999999999996
0.18000000000000005 0.19999999999999996
0.18999999999999995 0.19999999999999996
0.19999999999999996 0.19999999999999996
0.20999999999999996 0.19999999999999996
0.21999999999999997 0.19999999999999996
0.22999999999999998 0.19999999999999996
0.24 0.19999999999999996
0.25 0.19999999999999996
0.26 0.19999999999999996
0.27 0.19999999999999996
0.28 0.19999999999999996
0.29000000000000004 0.19999999999999996
0.30000000000000004 0.19999999999999996
0.31000000000000005 0.19999999999999996
0.31999999999999995 0.19999999999999996
0.32999999999999996 0.19999999999999996
0.33999999999999997 0.19999999999999996
0.35 0.19999999999999996
0.36 0.19999999999999996
0.37 0.19999999999999996
0.38 0.19999999999999996
0.39 0.19999999999999996
0.4 0.19999999999999996
0.41000000000000003 0.19999999999999996
0.42000000000000004 0.19999999999999996
0.43000000000000005 0.19999999999999996
0.43999999999999995 0.19999999999999996
0.44999999999999996 0.19999999999999996
0.45999999999999996 0.19999999999999996
0.47 0.19999999999999996
0.48 0.19999999999999996
0.49 0.19999999999999996
0.5 0.19999999999999996
0.51 0.19999999999999996
0.52 0.19999999999999996
0.53 0.19999999999999996
0.54 0.19999999999999996
0.55 0.19999999999999996
0.56 0.19999999999999996
0.5700000000000001 0.19999999999999996
0.5800000000000001 0.19999999999999996
0.5900000000000001 0.19999999999999996
0.6000000000000001 0.19999999999999996
0.6100000000000001 0.19999999999999996
0.6200000000000001 0.19999999999999996
0.6299999999999999 0.19999999999999996
0.6399999999999999 0.19999999999999996
0.6499999999999999 0.19999999999999996
0.6599999999999999 0.19999999999999996
0.6699999999999999 0.19999999999999996
0.6799999999999999 0.19999999999999996
0.69 0.19999999999999996
0.7 0.19999999999999996
0.71 0.19999999999999996
0.72 0.19999999999999996
0.73 0.19999999999999996
0.74 0.19999999999999996
0.75 0.19999999999999996
0.76 0.19999999999999996
0.77 0.19999999999999996
0.78 0.19999999999999996
0.79 0.19999999999999996
0.8 0.19999999999999996
0.81 0.19999999999999996
0.8200000000000001 0.19999999999999996
0.8300000000000001 0.19999999999999996
0.8400000000000001 0.19999999999999996
0.8500000000000001 0.19999999999999996
0.8600000000000001 0.19999999999999996
0.8700000000000001 0.19999999999999996
0.8799999999999999 0.19999999999999996
0.8899999999999999 0.19999999999999996
0.8999999999999999 0.19999999999999996
0.9099999999999999 0.19999999999999996
0.9199999999999999 0.19999999999999996
0.9299999999999999 0.19999999999999996
0.94 0.19999999999999996
0.95 0.19999999999999996
0.96 0.19999999999999996
0.97 0.19999999999999996
0.98 0.19999999999999996
0.99 0.19999999999999996
1.0 0.19999999999999996
End
0.0 0.30000000000000004
0.010000000000000009 0.30000000000000004
0.020000000000000018 0.30000000000000004
0.030000000000000027 0.30000000000000004
0.040000000000000036 0.30000000000000004
0.050000000000000044 0.30000000000000004
0.06000000000000005 0.30000000000000004
0.06999999999999995 0.30000000000000004
0.07999999999999996 0.30000000000000004
0.08999999999999997 0.30000000000000004
0.09999999999999998 0.30000000000000004
0.10999999999999999 0.30000000000000004
0.12 0.30000000000000004
0.13 0.30000000000000004
0.14 0.30000000000000004
0.15000000000000002 0.30000000000000004
0.16000000000000003 0.30000000000000004
0.17000000000000004 0.30000000000000004
0.18000000000000005 0.30000000000000004
0.18999999999999995 0.30000000000000004
0.19999999999999996 0.30000000000000004
0.20999999999999996 0.30000000000000004
0.21999999999999997 0.30000000000000004
0.22999999999999998 0.30000000000000004
0.24 0.30000000000000004
0.25 0.30000000000000004
0.26 0.30000000000000004
0.27 0.30000000000000004
0.28 0.30000000000000004
0.29000000000000004 0.30000000000000004
0.30000000000000004 0.30000000000000004
0.31000000000000005 0.30000000000000004
0.31999999999999995 0.30000000000000004
0.32999999999999996 0.30000000000000004
0.33999999999999997 0.30000000000000004
0.35 0.30000000000000004
0.36 0.30000000000000004
0.37 0.30000000000000004
0.38 0.30000000000000004
0.39 0.30000000000000004
0.4 0.30000000000000004
0.41000000000000003 0.30000000000000004
0.42000000000000004 0.30000000000000004
0.43000000000000005 0.30000000000000004
0.43999999999999995 0.30000000000000004
0.44999999999999996 0.30000000000000004
0.45999999999999996 0.30000000000000004
0.47 0.30000000000000004
0.48 0.30000000000000004
0.49 0.30000000000000004
0.5 0.30000000000000004
0.51 0.30000000000000004
0.52 0.30000000000000004
0.53 0.30000000000000004
0.54 0.30000000000000004
0.55 0.30000000000000004
0.56 0.30000000000000004
0.5700000000000001 0.30000000000000004
0.5800000000000001 0.30000000000000004
0.5900000000000001 0.30000000000000004
0.6000000000000001 0.30000000000000004
0.6100000000000001 0.30000000000000004
0.6200000000000001 0.30000000000000004
0.6299999999999999 0.30000000000000004
0.6399999999999999 0.30000000000000004
0.6499999999999999 0.30000000000000004
0.6599999999999999 0.30000000000000004
0.6699999999999999 0.30000000000000004
0.6799999999999999 0.30000000000000004
0.69 0.30000000000000004
0.7 0.30000000000000004
0.71 0.30000000000000004
0.72 0.30000000000000004
0.73 0.30000000000000004
0.74 0.30000000000000004
0.75 0.30000000000000004
0.76 0.30000000000000004
0.77 0.30000000000000004
0.78 0.30000000000000004
0.79 0.30000000000000004
0.8 0.30000000000000004
0.81 0.30000000000000004
0.8200000000000001 0.30000000000000004
0.8300000000000001 0.30000000000000004
0.8400000000000001 0.30000000000000004
0.8500000000000001 0.30000000000000004
0.8600000000000001 0.30000000000000004
0.8700000000000001 0.30000000000000004
0.8799999999999999 0.30000000000000004
0.8899999999999999 0.30000000000000004
0.8999999999999999 0.30000000000000004
0.9099999999999999 0.30000000000000004
0.9199999999999999 0.30000000000000004
0.9299999999999999 0.30000000000000004
0.94 0.30000000000000004
0.95 0.30000000000000004
0.96 0.30000000000000004
0.97 0.30000000000000004
0.98 0.30000000000000004
0.99 0.30000000000000004
1.0 0.30000000000000004
End
0.0 0.4
0.010000000000000009 0.4
0.020000000000000018 0.4
0.030000000000000027 0.4
0.040000000000000036 0.4
0.050000000000000044 0.4
0.06000000000000005 0.4
0.06999999999999995 0.4
0.07999999999999996 0.4
0.08999999999999997 0.4
0.09999999999999998 0.4
0.10999999999999999 0.4
0.12 0.4
0.13 0.4
0.14 0.4
0.15000000000000002 0.4
0.16000000000000003 0.4
0.17000000000000004 0.4
0.18000000000000005 0.4
0.18999999999999995 0.4
0.19999999999999996 0.4
0.20999999999999996 0.4
0.21999999999999997 0.4
0.22999999999999998 0.4
0.24 0.4
0.25 0.4
0.26 0.4
0.27 0.4
0.28 0.4
0.29000000000000004 0.4
0.30000000000000004 0.4
0.31000000000000005 0.4
0.31999999999999995 0.4
0.32999999999999996 0.4
0.33999999999999997 0.4
0.35 0.4
0.36 0.4
0.37 0.4
0.38 0.4
0.39 0.4
0.4 0.4
0.41000000000000003 0.4
0.42000000000000004 0.4
0.43000000000000005 0.4
0.43999999999999995 0.4
0.44999999999999996 0.4
0.45999999999999996 0.4
0.47 0.4
0.48 0.4
0.49 0.4
0.5 0.4
0.51 0.4
0.52 0.4
0.53 0.4
0.54 0.4
0.55 0.4
0.56 0.4
0.5700000000000001 0.4
0.5800000000000001 0.4
0.5900000000000001 0.4
0.6000000000000001 0.4
0.6100000000000001 0.4
0.6200000000000001 0.4
0.6299999999999999 0.4
0.6399999999999999 0.4
0.6499999999999999 0.4
0.6599999999999999 0.4
0.6699999999999999 0.4
0.6799999999999999 0.4
0.69 0.4
0.7 0.4
0.71 0.4
0.72 0.4
0.73 0.4
0.74 0.4
0.75 0.4
0.76 0.4
0.77 0.4
0.78 0.4
0.79 0.4
0.8 0.4
0.81 0.4
0.8200000000000001 0.4
0.8300000000000001 0.4
0.8400000000000001 0.4
0.8500000000000001 0.4
0.8600000000000001 0.4
0.8700000000000001 0.4
0.8799999999999999 0.4
0.8899999999999999 0.4
0.8999999999999999 0.4
0.9099999999999999 0.4
0.9199999999999999 0.4
0.9299999999999999 0.4
0.94 0.4
0.95 0.4
0.96 0.4
0.97 0.4
0.98 0.4
0.99 0.4
1.0 0.4
End
0.0 0.5
0.010000000000000009 0.5
0.020000000000000018 0.5
0.030000000000000027 0.5
0.040000000000000036 0.5
0.050000000000000044 0.5
0.06000000000000005 0.5
0.06999999999999995 0.5
0.07999999999999996 0.5
0.08999999999999997 0.5
0.09999999999999998 0.5
0.10999999999999999 0.5
0.12 0.5
0.13 0.5
0.14 0.5
0.15000000000000002 0.5
0.16000000000000003 0.5
0.17000000000000004 0.5
0.18000000000000005 0.5
0.18999999999999995 0.5
0.19999999999999996 0.5
0.20999999999999996 0.5
0.21999999999999997 0.5
0.22999999999999998 0.5
0.24 0.5
0.25 0.5
0.26 0.5
0.27 0.5
0.28 0.5
0.29000000000000004 0.5
0.30000000000000004 0.5
0.31000000000000005 0.5
0.31999999999999995 0.5
0.32999999999999996 0.5
0.33999999999999997 0.5
0.35 0.5
0.36 0.5
0.37 0.5
0.38 0.5
0.39 0.5
0.4 0.5
0.41000000000000003 0.5
0.42000000000000004 0.5
0.43000000000000005 0.5
0.43999999999999995 0.5
0.44999999999999996 0.5
0.45999999999999996 0.5
0.47 0.5
0.48 0.5
0.49 0.5
0.5 0.5
0.51 0.5
0.52 0.5
0.53 0.5
0.54 0.5
0.55 0.5
0.56 0.5
0.5700000000000001 0.5
0.5800000000000001 0.5
0.5900000000000001 0.5
0.6000000000000001 0.5
0.6100000000000001 0.5
0.6200000000000001 0.5
0.6299999999999999 0.5
0.6399999999999999 0.5
0.6499999999999999 0.5
0.6599999999999999 0.5
0.6699999999999999 0.5
0.6799999999999999 0.5
0.69 0.5
0.7 0.5
0.71 0.5
0.72 0.5
0.73 0.5
0.74 0.5
0.75 0.5
0.76 0.5
0.77 0.5
0.78 0.5
0.79 0.5
0.8 0.5
0.81 0.5
0.8200000000000001 0.5
0.8300000000000001 0.5
0.8400000000000001 0.5
0.8500000000000001 0.5
0.8600000000000001 0.5
0.8700000000000001 0.5
0.8799999999999999 0.5
0.8899999999999999 0.5
0.8999999999999999 0.5
0.9099999999999999 0.5
0.9199999999999999 0.5
0.9299999999999999 0.5
0.94 0.5
0.95 0.5
0.96 0.5
0.97 0.5
0.98 0.5
0.99 0.5
1.0 0.5
End
0.0 0.6000000000000001
0.010000000000000009 0.6000000000000001
0.020000000000000018 0.6000000000000001
0.030000000000000027 0.6000000000000001
0.040000000000000036 0.6000000000000001
0.050000000000000044 0.6000000000000001
0.06000000000000005 0.6000000000000001
0.06999999999999995 0.6000000000000001
0.07999999999999996 0.6000000000000001
0.08999999999999997 0.6000000000000001
0.09999999999999998 0.6000000000000001
0.10999999999999999 0.6000000000000001
0.12 0.6000000000000001
0.13 0.6000000000000001
0.14 0.6000000000000001
0.15000000000000002 0.6000000000000001
0.16000000000000003 0.6000000000000001
0.17000000000000004 0.6000000000000001
0.18000000000000005 0.6000000000000001
0.18999999999999995 0.6000000000000001
0.19999999999999996 0.6000000000000001
0.20999999999999996 0.6000000000000001
0.21999999999999997 0.6000000000000001
0.22999999999999998 0.6000000000000001
0.24 0.6000000000000001
0.25 0.6000000000000001
0.26 0.6000000000000001
0.27 0.6000000000000001
0.28 0.6000000000000001
0.29000000000000004 0.6000000000000001
0.30000000000000004 0.6000000000000001
0.31000000000000005 0.6000000000000001
0.31999999999999995 0.6000000000000001
0.32999999999999996 0.6000000000000001
0.33999999999999997 0.6000000000000001
0.35 0.6000000000000001
0.36 0.6000000000000001
0.37 0.6000000000000001
0.38 0.6000000000000001
0.39 0.6000000000000001
0.4 0.6000000000000001
0.41000000000000003 0.6000000000000001
0.42000000000000004 0.6000000000000001
0.43000000000000005 0.6000000000000001
0.43999999999999995 0.6000000000000001
0.44999999999999996 0.6000000000000001
0.45999999999999996 0.6000000000000001
0.47 0.6000000000000001
0.48 0.6000000000000001
0.49 0.6000000000000001
0.5 0.6000000000000001
0.51 0.6000000000000001
0.52 0.6000000000000001
0.53 0.6000000000000001
0.54 0.6000000000000001
0.55 0.6000000000000001
0.56 0.6000000000000001
0.5700000000000001 0.6000000000000001
0.5800000000000001 0.6000000000000001
0.5900000000000001 0.6000000000000001
0.6000000000000001 0.6000000000000001
0.6100000000000001 0.6000000000000001
0.6200000000000001 0.6000000000000001
0.6299999999999999 0.6000000000000001
0.6399999999999999 0.6000000000000001
0.6499999999999999 0.6000000000000001
0.6599999999999999 0.6000000000000001
0.6699999999999999 0.6000000000000001
0.6799999999999999 0.6000000000000001
0.69 0.6000000000000001
0.7 0.6000000000000001
0.71 0.6000000000000001
0.72 0.6000000000000001
0.73 0.6000000000000001
0.74 0.6000000000000001
0.75 0.6000000000000001
0.76 0.6000000000000001
0.77 0.6000000000000001
0.78 0.6000000000000001
0.79 0.6000000000000001
0.8 0.6000000000000001
0.81 0.6000000000000001
0.8200000000000001 0.6000000000000001
0.8300000000000001 0.6000000000000001
0.8400000000000001 0.6000000000000001
0.8500000000000001 0.6000000000000001
0.8600000000000001 0.6000000000000001
0.8700000000000001 0.6000000000000001
0.8799999999999999 0.6000000000000001
0.8899999999999999 0.6000000000000001
0.8999999999999999 0.6000000000000001
0.9099999999999999 0.6000000000000001
0.9199999999999999 0.6000000000000001
0.9299999999999999 0.6000000000000001
0.94 0.6000000000000001
0.95 0.6000000000000001
0.96 0.6000000000000001
0.97 0.6000000000000001
0.98 0.6000000000000001
0.99 0.6000000000000001
1.0 0.6000000000000001
End
0.0 0.7
0.010000000000000009 0.7
0.020000000000000018 0.7
0.030000000000000027 0.7
0.040000000000000036 0.7
0.050000000000000044 0.7
0.06000000000000005 0.7
0.06999999999999995 0.7
0.07999999999999996 0.7
0.08999999999999997 0.7
0.09999999999999998 0.7
0.10999999999999999 0.7
0.12 0.7
0.13 0.7
0.14 0.7
0.15000000000000002 0.7
0.16000000000000003 0.7
0.17000000000000004 0.7
0.18000000000000005 0.7
0.18999999999999995 0.7
0.19999999999999996 0.7
0.20999999999999996 0.7
0.21999999999999997 0.7
0.22999999999999998 0.7
0.24 0.7
0.25 0.7
0.26 0.7
0.27 0.7
0.28 0.7
0.29000000000000004 0.7
0.30000000000000004 0.7
0.31000000000000005 0.7
0.31999999999999995 0.7
0.32999999999999996 0.7
0.33999999999999997 0.7
0.35 0.7
0.36 0.7
0.37 0.7
0.38 0.7
0.39 0.7
0.4 0.7
0.41000000000000003 0.7
0.42000000000000004 0.7
0.43000000000000005 0.7
0.43999999999999995 0.7
0.44999999999999996 0.7
0.45999999999999996 0.7
0.47 0.7
0.48 0.7
0.49 0.7
0.5 0.7
0.51 0.7
0.52 0.7
0.53 0.7
0.54 0.7
0.55 0.7
0.56 0.7
0.5700000000000001 0.7
0.5800000000000001 0.7
0.5900000000000001 0.7
0.6000000000000001 0.7
0.6100000000000001 0.7
0.6200000000000001 0.7
0.6299999999999999 0.7
0.6399999999999999 0.7
0.6499999999999999 0.7
0.6599999999999999 0.7
0.6699999999999999 0.7
0.6799999999999999 0.7
0.69 0.7
0.7 0.7
0.71 0.7
0.72 0.7
0.73 0.7
0.74 0.7
0.75 0.7
0.76 0.7
0.77 0.7
0.78 0.7
0.79 0.7
0.8 0.7
0.81 0.7
0.8200000000000001 0.7
0.8300000000000001 0.7
0.8400000000000001 0.7
0.8500000000000001 0.7
0.8600000000000001 0.7
0.8700000000000001 0.7
0.8799999999999999 0.7
0.8899999999999999 0.7
0.8999999999999999 0.7
0.9099999999999999 0.7
0.9199999999999999 0.7
0.9299999999999999 0.7
0.94 0.7
0.95 0.7
0.96 0.7
0.97 0.7
0.98 0.7
0.99 0.7
1.0 0.7
End
0.0 0.8
0.010000000000000009 0.8
0.020000000000000018 0.8
0.030000000000000027 0.8
0.040000000000000036 0.8
0.050000000000000044 0.8
0.06000000000000005 0.8
0.06999999999999995 0.8
0.07999999999999996 0.8
0.08999999999999997 0.8
0.09999999999999998 0.8
0.10999999999999999 0.8
0.12 0.8
0.13 0.8
0.14 0.8
0.15000000000000002 0.8
0.16000000000000003 0.8
0.17000000000000004 0.8
0.18000000000000005 0.8
0.18999999999999995 0.8
0.19999999999999996 0.8
0.20999999999999996 0.8
0.21999999999999997 0.8
0.22999999999999998 0.8
0.24 0.8
0.25 0.8
0.26 0.8
0.27 0.8
0.28 0.8
0.29000000000000004 0.8
0.30000000000000004 0.8
0.31000000000000005 0.8
0.31999999999999995 0.8
0.32999999999999996 0.8
0.33999999999999997 0.8
0.35 0.8
0.36 0.8
0.37 0.8
0.38 0.8
0.39 0.8
0.4 0.8
0.41000000000000003 0.8
0.42000000000000004 0.8
0.43000000000000005 0.8
0.43999999999999995 0.8
0.44999999999999996 0.8
0.45999999999999996 0.8
0.47 0.8
0.48 0.8
0.49 0.8
0.5 0.8
0.51 0.8
0.52 0.8
0.53 0.8
0.54 0.8
0.55 0.8
0.56 0.8
0.5700000000000001 0.8
0.5800000000000001 0.8
0.5900000000000001 0.8
0.6000000000000001 0.8
0.6100000000000001 0.8
0.6200000000000001 0.8
0.6299999999999999 0.8
0.6399999999999999 0.8
0.6499999999999999 0.8
0.6599999999999999 0.8
0.6699999999999999 0.8
0.6799999999999999 0.8
0.69 0.8
0.7 0.8
0.71 0.8
0.72 0.8
0.73 0.8
0.74 0.8
0.75 0.8
0.76 0.8
0.77 0.8
0.78 0.8
0.79 0.8
0.8 0.8
0.81 0.8
0.8200000000000001 0.8
0.8300000000000001 0.8
0.8400000000000001 0.8
0.8500000000000001 0.8
0.8600000000000001 0.8
0.8700000000000001 0.8
0.8799999999999999 0.8
0.8899999999999999 0.8
0.8999999999999999 0.8
0.9099999999999999 0.8
0.9199999999999999 0.8
0.9299999999999999 0.8
0.94 0.8
0.95 0.8
0.96 0.8
0.97 0.8
0.98 0.8
0.99 0.8
1.0 0.8
End
0.0 0.8999999999999999
0.010000000000000009 0.8999999999999999
0.020000000000000018 0.8999999999999999
0.030000000000000027 0.8999999999999999
0.040000000000000036 0.8999999999999999
0.050000000000000044 0.8999999999999999
0.06000000000000005 0.8999999999999999
0.06999999999999995 0.8999999999999999
0.07999999999999996 0.8999999999999999
0.08999999999999997 0.8999999999999999
0.09999999999999998 0.8999999999999999
0.10999999999999999 0.8999999999999999
0.12 0.8999999999999999
0.13 0.8999999999999999
0.14 0.8999999999999999
0.15000000000000002 0.8999999999999999
0.16000000000000003 0.8999999999999999
0.17000000000000004 0.8999999999999999
0.18000000000000005 0.8999999999999999
0.18999999999999995 0.8999999999999999
0.19999999999999996 0.8999999999999999
0.20999999999999996 0.8999999999999999
0.21999999999999997 0.8999999999999999
0.22999999999999998 0.8999999999999999
0.24 0.8999999999999999
0.25 0.8999999999999999
0.26 0.8999999999999999
0.27 0.8999999999999999
0.28 0.8999999999999999
0.29000000000000004 0.8999999999999999
0.30000000000000004 0.8999999999999999
0.31000000000000005 0.8999999999999999
0.31999999999999995 0.8999999999999999
0.32999999999999996 0.8999999999999999
0.33999999999999997 0.8999999999999999
0.35 0.8999999999999999
0.36 0.8999999999999999
0.37 0.8999999999999999
0.38 0.8999999999999999
0.39 0.8999999999999999
0.4 0.8999999999999999
0.41000000000000003 0.8999999999999999
0.42000000000000004 0.8999999999999999
0.43000000000000005 0.8999999999999999
0.43999999999999995 0.8999999999999999
0.44999999999999996 0.8999999999999999
0.45999999999999996 0.8999999999999999
0.47 0.8999999999999999
0.48 0.8999999999999999
0.49 0.8999999999999999
0.5 0.8999999999999999
0.51 0.8999999999999999
0.52 0.8999999999999999
0.53 0.8999999999999999
0.54 0.8999999999999999
0.55 0.8999999999999999
0.56 0.8999999999999999
0.5700000000000001 0.8999999999999999
0.5800000000000001 0.8999999999999999
0.5900000000000001 0.8999999999999999
0.6000000000000001 0.8999999999999999
0.6100000000000001 0.8999999999999999
0.6200000000000001 0.8999999999999999
0.6299999999999999 0.8999999999999999
0.6399999999999999 0.8999999999999999
0.6499999999999999 0.8999999999999999
0.6599999999999999 0.8999999999999999
0.6699999999999999 0.8999999999999999
0.6799999999999999 0.8999999999999999
0.69 0.8999999999999999
0.7 0.8999999999999999
0.71 0.8999999999999999
0.72 0.8999999999999999
0.73 0.8999999999999999
0.74 0.8999999999999999
0.75 0.8999999999999999
0.76 0.8999999999999999
0.77 0.8999999999999999
0.78 0.8999999999999999
0.79 0.8999999999999999
0.8 0.8999999999999999
0.81 0.8999999999999999
0.8200000000000001 0.8999999999999999
0.8300000000000001 0.8999999999999999
0.8400000000000001 0.8999999999999999
0.8500000000000001 0.8999999999999999
0.8600000000000001 0.8999999999999999
0.8700000000000001 0.8999999999999999
0.8799999999999999 0.8999999999999999
0.8899999999999999 0.8999999999999999
0.8999999999999999 0.8999999999999999
0.9099999999999999 0.8999999999999999
0.9199999999999999 0.8999999999999999
0.9299999999999999 0.8999999999999999
0.94 0.8999999999999999
0.95 0.8999999999999999
0.96 0.8999999999999999
0.97 0.8999999999999999
0.98 0.8999999999999999
0.99 0.8999999999999999
1.0 0.8999999999999999
End
0.0 1.0
0.010000000000000009 1.0
0.020000000000000018 1.0
0.030000000000000027 1.0
0.040000000000000036 1.0
0.050000000000000044 1.0
0.06000000000000005 1.0
0.06999999999999995 1.0
0.07999999999999996 1.0
0.08999999999999997 1.0
0.09999999999999998 1.0
0.10999999999999999 1.0
0.12 1.0
0.13 1.0
0.14 1.0
0.15000000000000002 1.0
0.16000000000000003 1.0
0.17000000000000004 1.0
0.18000000000000005 1.0
0.18999999999999995 1.0
0.19999999999999996 1.0
0.20999999999999996 1.0
0.21999999999999997 1.0
0.22999999999999998 1.0
0.24 1.0
0.25 1.0
0.26 1.0
0.27 1.0
0.28 1.0
0.29000000000000004 1.0
0.30000000000000004 1.0
0.31000000000000005 1.0
0.31999999999999995 1.0
0.32999999999999996 1.0
0.33999999999999997 1.0
0.35 1.0
0.36 1.0
0.37 1.0
0.38 1.0
0.39 1.0
0.4 1.0
0.41000000000000003 1.0
0.42000000000000004 1.0
0.43000000000000005 1.0
0.43999999999999995 1.0
0.44999999999999996 1.0
0.45999999999999996 1.0
0.47 1.0
0.48 1.0
0.49 1.0
0.5 1.0
0.51 1.0
0.52 1.0
0.53 1.0
0.54 1.0
0.55 1.0
0.56 1.0
0.5700000000000001 1.0
0.5800000000000001 1.0
0.5900000000000001 1.0
0.6000000000000001 1.0
0.6100000000000001 1.0
0.6200000000000001 1.0
0.6299999999999999 1.0
0.6399999999999999 1.0
0.6499999999999999 1.0
0.6599999999999999 1.0
0.6699999999999999 1.0
0.6799999999999999 1.0
0.69 1.0
0.7 1.0
0.71 1.0
0.72 1.0
0.73 1.0
0.74 1.0
0.75 1.0
0.76 1.0
0.77 1.0
0.78 1.0
0.79 1.0
0.8 1.0
0.81 1.0
0.8200000000000001 1.0
0.8300000000000001 1.0
0.8400000000000001 1.0
0.8500000000000001 1.0
0.8600000000000001 1.0
0.8700000000000001 1.0
0.8799999999999999 1.0
0.8899999999999999 1.0
0.8999999999999999 1.0
0.9099999999999999 1.0
0.9199999999999999 1.0
0.9299999999999999 1.0
0.94 1.0
0.95 1.0
0.96 1.0
0.97 1.0
0.98 1.0
0.99 1.0
1.0 1.0
End
0.0 0.0
0.0 0.010000000000000009
0.0 0.020000000000000018
0.0 0.030000000000000027
0.0 0.040000000000000036
0.0 0.050000000000000044
0.0 0.06000000000000005
0.0 0.06999999999999995
0.0 0.07999999999999996
0.0 0.08999999999999997
0.0 0.09999999999999998
0.0 0.10999999999999999
0.0 0.12
0.0 0.13
0.0 0.14
0.0 0.15000000000000002
0.0 0.16000000000000003
0.0 0.17000000000000004
0.0 0.18000000000000005
0.0 0.18999999999999995
0.0 0.19999999999999996
0.0 0.20999999999999996
0.0 0.21999999999999997
0.0 0.22999999999999998
0.0 0.24
0.0 0.25
0.0 0.26
0.0 0.27
0.0 0.28
0.0 0.29000000000000004
0.0 0.30000000000000004
0.0 0.31000000000000005
0.0 0.31999999999999995
0.0 0.32999999999999996
0.0 0.33999999999999997
0.0 0.35
0.0 0.36
0.0 0.37
0.0 0.38
0.0 0.39
0.0 0.4
0.0 0.41000000000000003
0.0 0.42000000000000004
0.0 0.43000000000000005
0.0 0.43999999999999995
0.0 0.44999999999999996
0.0 0.45999999999999996
0.0 0.47
0.0 0.48
0.0 0.49
0.0 0.5
0.0 0.51
0.0 0.52
0.0 0.53
0.0 0.54
0.0 0.55
0.0 0.56
0.0 0.5700000000000001
0.0 0.5800000000000001
0.0 0.5900000000000001
0.0 0.6000000000000001
0.0 0.6100000000000001
0.0 0.6200000000000001
0.0 0.6299999999999999
0.0 0.6399999999999999
0.0 0.6499999999999999
0.0 0.6599999999999999
0.0 0.6699999999999999
0.0 0.6799999999999999
0.0 0.69
0.0 0.7
0.0 0.71
0.0 0.72
0.0 0.73
0.0 0.74
0.0 0.75
0.0 0.76
0.0 0.77
0.0 0.78
0.0 0.79
0.0 0.8
0.0 0.81
0.0 0.8200000000000001
0.0 0.8300000000000001
0.0 0.8400000000000001
0.0 0.8500000000000001
0.0 0.8600000000000001
0.0 0.8700000000000001
0.0 0.8799999999999999
0.0 0.8899999999999999
0.0 0.8999999999999999
0.0 0.9099999999999999
0.0 0.9199999999999999
0.0 0.9299999999999999
0.0 0.94
0.0 0.95
0.0 0.96
0.0 0.97
0.0 0.98
0.0 0.99
0.0 1.0
End
0.09999999999999998 0.0
0.09999999999999998 0.010000000000000009
0.09999999999999998 0.020000000000000018
0.09999999999999998 0.030000000000000027
0.09999999999999998 0.040000000000000036
0.09999999999999998 0.050000000000000044
0.09999999999999998 0.06000000000000005
0.09999999999999998 0.06999999999999995
0.09999999999999998 0.07999999999999996
0.09999999999999998 0.08999999999999997
0.09999999999999998 0.09999999999999998
0.09999999999999998 0.10999999999999999
0.09999999999999998 0.12
0.09999999999999998 0.13
0.09999999999999998 0.14
0.09999999999999998 0.15000000000000002
0.09999999999999998 0.16000000000000003
0.09999999999999998 0.17000000000000004
0.09999999999999998 0.18000000000000005
0.09999999999999998 0.18999999999999995
0.09999999999999998 0.19999999999999996
0.09999999999999998 0.20999999999999996
0.09999999999999998 0.21999999999999997
0.09999999999999998 0.22999999999999998
0.09999999999999998 0.24
0.09999999999999998 0.25
0.09999999999999998 0.26
0.09999999999999998 0.27
0.09999999999999998 0.28
0.09999999999999998 0.29000000000000004
0.09999999999999998 0.30000000000000004
0.09999999999999998 0.31000000000000005
0.09999999999999998 0.31999999999999995
0.09999999999999998 0.32999999999999996
0.09999999999999998 0.33999999999999997
0.09999999999999998 0.35
0.09999999999999998 0.36
0.09999999999999998 0.37
0.09999999999999998 0.38
0.09999999999999998 0.39
0.09999999999999998 0.4
0.09999999999999998 0.41000000000000003
0.09999999999999998 0.42000000000000004
0.09999999999999998 0.43000000000000005
0.09999999999999998 0.43999999999999995
0.09999999999999998 0.44999999999999996
0.09999999999999998 0.45999999999999996
0.09999999999999998 0.47
0.09999999999999998 0.48
0.09999999999999998 0.49
0.09999999999999998 0.5
0.09999999999999998 0.51
0.09999999999999998 0.52
0.09999999999999998 0.53
0.09999999999999998 0.54
0.09999999999999998 0.55
0.09999999999999998 0.56
0.09999999999999998 0.5700000000000001
0.09999999999999998 0.5800000000000001
0.09999999999999998 0.5900000000000001
0.09999999999999998 0.6000000000000001
0.09999999999999998 0.6100000000000001
0.09999999999999998 0.6200000000000001
0.09999999999999998 0.6299999999999999
0.09999999999999998 0.6399999999999999
0.09999999999999998 0.6499999999999999
0.09999999999999998 0.6599999999999999
0.09999999999999998 0.6699999999999999
0.09999999999999998 0.6799999999999999
0.09999999999999998 0.69
0.09999999999999998 0.7
0.09999999999999998 0.71
0.09999999999999998 0.72
0.09999999999999998 0.73
0.09999999999999998 0.74
0.09999999999999998 0.75
0.09999999999999998 0.76
0.09999999999999998 0.77
0.09999999999999998 0.78
0.09999999999999998 0.79
0.09999999999999998 0.8
0.09999999999999998 0.81
0.09999999999999998 0.8200000000000001
0.09999999999999998 0.8300000000000001
0.09999999999999998 0.8400000000000001
0.09999999999999998 0.8500000000000001
0.09999999999999998 0.8600000000000001
0.09999999999999998 0.8700000000000001
0.09999999999999998 0.8799999999999999
0.09999999999999998 0.8899999999999999
0.09999999999999998 0.8999999999999999
0.09999999999999998 0.9099999999999999
0.09999999999999998 0.9199999999999999
0.09999999999999998 0.9299999999999999
0.09999999999999998 0.94
0.09999999999999998 0.95
0.09999999999999998 0.96
0.09999999999999998 0.97
0.09999999999999998 0.98
0.09999999999999998 0.99
0.09999999999999998 1.0
End
0.19999999999999996 0.0
0.19999999999999996 0.010000000000000009
0.19999999999999996 0.020000000000000018
0.19999999999999996 0.030000000000000027
0.19999999999999996 0.040000000000000036
0.19999999999999996 0.050000000000000044
0.19999999999999996 0.06000000000000005
0.19999999999999996 0.06999999999999995
0.19999999999999996 0.07999999999999996
0.19999999999999996 0.08999999999999997
0.19999999999999996 0.09999999999999998
0.19999999999999996 0.10999999999999999
0.19999999999999996 0.12
0.19999999999999996 0.13
0.19999999999999996 0.14
0.19999999999999996 0.15000000000000002
0.19999999999999996 0.16000000000000003
0.19999999999999996 0.17000000000000004
0.19999999999999996 0.18000000000000005
0.19999999999999996 0.18999999999999995
0.19999999999999996 0.19999999999999996
0.19999999999999996 0.20999999999999996
0.19999999999999996 0.21999999999999997
0.19999999999999996 0.22999999999999998
0.19999999999999996 0.24
0.19999999999999996 0.25
0.19999999999999996 0.26
0.19999999999999996 0.27
0.19999999999999996 0.28
0.19999999999999996 0.29000000000000004
0.19999999999999996 0.30000000000000004
0.19999999999999996 0.31000000000000005
0.19999999999999996 0.31999999999999995
0.19999999999999996 0.32999999999999996
0.19999999999999996 0.33999999999999997
0.19999999999999996 0.35
0.19999999999999996 0.36
0.19999999999999996 0.37
0.19999999999999996 0.38
0.19999999999999996 0.39
0.19999999999999996 0.4
0.19999999999999996 0.41000000000000003
0.19999999999999996 0.42000000000000004
0.19999999999999996 0.43000000000000005
0.19999999999999996 0.43999999999999995
0.19999999999999996 0.44999999999999996
0.19999999999999996 0.45999999999999996
0.19999999999999996 0.47
0.19999999999999996 0.48
0.19999999999999996 0.49
0.19999999999999996 0.5
0.19999999999999996 0.51
0.19999999999999996 0.52
0.19999999999999996 0.53
0.19999999999999996 0.54
0.19999999999999996 0.55
0.19999999999999996 0.56
0.19999999999999996 0.5700000000000001
0.19999999999999996 0.5800000000000001
0.19999999999999996 0.5900000000000001
0.19999999999999996 0.6000000000000001
0.19999999999999996 0.6100000000000001
0.19999999999999996 0.6200000000000001
0.19999999999999996 0.6299999999999999
0.19999999999999996 0.6399999999999999
0.19999999999999996 0.6499999999999999
0.19999999999999996 0.6599999999999999
0.19999999999999996 0.6699999999999999
0.19999999999999996 0.6799999999999999
0.19999999999999996 0.69
0.19999999999999996 0.7
0.19999999999999996 0.71
0.19999999999999996 0.72
0.19999999999999996 0.73
0.19999999999999996 0.74
0.19999999999999996 0.75
0.19999999999999996 0.76
0.19999999999999996 0.77
0.19999999999999996 0.78
0.19999999999999996 0.79
0.19999999999999996 0.8
0.19999999999999996 0.81
0.19999999999999996 0.8200000000000001
0.19999999999999996 0.8300000000000001
0.19999999999999996 0.8400000000000001
0.19999999999999996 0.8500000000000001
0.19999999999999996 0.8600000000000001
0.19999999999999996 0.8700000000000001
0.19999999999999996 0.8799999999999999
0.19999999999999996 0.8899999999999999
0.19999999999999996 0.8999999999999999
0.19999999999999996 0.9099999999999999
0.19999999999999996 0.9199999999999999
0.19999999999999996 0.9299999999999999
0.19999999999999996 0.94
0.19999999999999996 0.95
0.19999999999999996 0.96
0.19999999999999996 0.97
0.19999999999999996 0.98
0.19999999999999996 0.99
0.19999999999999996 1.0
End
0.30000000000000004 0.0
0.30000000000000004 0.010000000000000009
0.30000000000000004 0.020000000000000018
0.30000000000000004 0.030000000000000027
0.30000000000000004 0.040000000000000036
0.30000000000000004 0.050000000000000044
0.30000000000000004 0.06000000000000005
0.30000000000000004 0.06999999999999995
0.30000000000000004 0.07999999999999996
0.30000000000000004 0.08999999999999997
0.30000000000000004 0.09999999999999998
0.30000000000000004 0.10999999999999999
0.30000000000000004 0.12
0.30000000000000004 0.13
0.30000000000000004 0.14
0.30000000000000004 0.15000000000000002
0.30000000000000004 0.16000000000000003
0.30000000000000004 0.17000000000000004
0.30000000000000004 0.18000000000000005
0.30000000000000004 0.18999999999999995
0.30000000000000004 0.19999999999999996
0.30000000000000004 0.20999999999999996
0.30000000000000004 0.21999999999999997
0.30000000000000004 0.22999999999999998
0.30000000000000004 0.24
0.30000000000000004 0.25
0.30000000000000004 0.26
0.30000000000000004 0.27
0.30000000000000004 0.28
0.30000000000000004 0.29000000000000004
0.30000000000000004 0.30000000000000004
0.30000000000000004 0.31000000000000005
0.30000000000000004 0.31999999999999995
0.30000000000000004 0.32999999999999996
0.30000000000000004 0.33999999999999997
0.30000000000000004 0.35
0.30000000000000004 0.36
0.30000000000000004 0.37
0.30000000000000004 0.38
0.30000000000000004 0.39
0.30000000000000004 0.4
0.30000000000000004 0.41000000000000003
0.30000000000000004 0.42000000000000004
0.30000000000000004 0.43000000000000005
0.30000000000000004 0.43999999999999995
0.30000000000000004 0.44999999999999996
0.30000000000000004 0.45999999999999996
0.30000000000000004 0.47
0.30000000000000004 0.48
0.30000000000000004 0.49
0.30000000000000004 0.5
0.30000000000000004 0.51
0.30000000000000004 0.52
0.30000000000000004 0.53
0.30000000000000004 0.54
0.30000000000000004 0.55
0.30000000000000004 0.56
0.30000000000000004 0.5700000000000001
0.30000000000000004 0.5800000000000001
0.30000000000000004 0.5900000000000001
0.30000000000000004 0.6000000000000001
0.30000000000000004 0.6100000000000001
0.30000000000000004 0.6200000000000001
0.30000000000000004 0.6299999999999999
0.30000000000000004 0.6399999999999999
0.30000000000000004 0.6499999999999999
0.30000000000000004 0.6599999999999999
0.30000000000000004 0.6699999999999999
0.30000000000000004 0.6799999999999999
0.30000000000000004 0.69
0.30000000000000004 0.7
0.30000000000000004 0.71
0.30000000000000004 0.72
0.30000000000000004 0.73
0.30000000000000004 0.74
0.30000000000000004 0.75
0.30000000000000004 0.76
0.30000000000000004 0.77
0.30000000000000004 0.78
0.30000000000000004 0.79
0.30000000000000004 0.8
0.30000000000000004 0.81
0.30000000000000004 0.8200000000000001
0.30000000000000004 0.8300000000000001
0.30000000000000004 0.8400000000000001
0.30000000000000004 0.8500000000000001
0.30000000000000004 0.8600000000000001
0.30000000000000004 0.8700000000000001
0.30000000000000004 0.8799999999999999
0.30000000000000004 0.8899999999999999
0.30000000000000004 0.8999999999999999
0.30000000000000004 0.9099999999999999
0.30000000000000004 0.9199999999999999
0.30000000000000004 0.9299999999999999
0.30000000000000004 0.94
0.30000000000000004 0.95
0.30000000000000004 0.96
0.30000000000000004 0.97
0.30000000000000004 0.98
0.30000000000000004 0.99
0.30000000000000004 1.0
End
0.4 0.0
0.4 0.010000000000000009
0.4 0.020000000000000018
0.4 0.030000000000000027
0.4 0.040000000000000036
0.4 0.050000000000000044
0.4 0.06000000000000005
0.4 0.06999999999999995
0.4 0.07999999999999996
0.4 0.08999999999999997
0.4 0.09999999999999998
0.4 0.10999999999999999
0.4 0.12
0.4 0.13
0.4 0.14
0.4 0.15000000000000002
0.4 0.16000000000000003
0.4 0.17000000000000004
0.4 0.18000000000000005
0.4 0.18999999999999995
0.4 0.19999999999999996
0.4 0.20999999999999996
0.4 0.21999999999999997
0.4 0.22999999999999998
0.4 0.24
0.4 0.25
0.4 0.26
0.4 0.27
0.4 0.28
0.4 0.29000000000000004
0.4 0.30000000000000004
0.4 0.31000000000000005
0.4 0.31999999999999995
0.4 0.32999999999999996
0.4 0.33999999999999997
0.4 0.35
0.4 0.36
0.4 0.37
0.4 0.38
0.4 0.39
0.4 0.4
0.4 0.41000000000000003
0.4 0.42000000000000004
0.4 0.43000000000000005
0.4 0.43999999999999995
0.4 0.44999999999999996
0.4 0.45999999999999996
0.4 0.47
0.4 0.48
0.4 0.49
0.4 0.5
0.4 0.51
0.4 0.52
0.4 0.53
0.4 0.54
0.4 0.55
0.4 0.56
0.4 0.5700000000000001
0.4 0.5800000000000001
0.4 0.5900000000000001
0.4 0.6000000000000001
0.4 0.6100000000000001
0.4 0.6200000000000001
0.4 0.6299999999999999
0.4 0.6399999999999999
0.4 0.6499999999999999
0.4 0.6599999999999999
0.4 0.6699999999999999
0.4 0.6799999999999999
0.4 0.69
0.4 0.7
0.4 0.71
0.4 0.72
0.4 0.73
0.4 0.74
0.4 0.75
0.4 0.76
0.4 0.77
0.4 0.78
0.4 0.79
0.4 0.8
0.4 0.81
0.4 0.8200000000000001
0.4 0.8300000000000001
0.4 0.8400000000000001
0.4 0.8500000000000001
0.4 0.8600000000000001
0.4 0.8700000000000001
0.4 0.8799999999999999
0.4 0.8899999999999999
0.4 0.8999999999999999
0.4 0.9099999999999999
0.4 0.9199999999999999
0.4 0.9299999999999999
0.4 0.94
0.4 0.95
0.4 0.96
0.4 0.97
0.4 0.98
0.4 0.99
0.4 1.0
End
0.5 0.0
0.5 0.010000000000000009
0.5 0.020000000000000018
0.5 0.030000000000000027
0.5 0.040000000000000036
0.5 0.050000000000000044
0.5 0.06000000000000005
0.5 0.06999999999999995
0.5 0.07999999999999996
0.5 0.08999999999999997
0.5 0.09999999999999998
0.5 0.10999999999999999
0.5 0.12
0.5 0.13
0.5 0.14
0.5 0.15000000000000002
0.5 0.16000000000000003
0.5 0.17000000000000004
0.5 0.18000000000000005
0.5 0.18999999999999995
0.5 0.19999999999999996
0.5 0.20999999999999996
0.5 0.21999999999999997
0.5 0.22999999999999998
0.5 0.24
0.5 0.25
0.5 0.26
0.5 0.27
0.5 0.28
0.5 0.29000000000000004
0.5 0.30000000000000004
0.5 0.31000000000000005
0.5 0.31999999999999995
0.5 0.32999999999999996
0.5 0.33999999999999997
0.5 0.35
0.5 0.36
0.5 0.37
0.5 0.38
0.5 0.39
0.5 0.4
0.5 0.41000000000000003
0.5 0.42000000000000004
0.5 0.43000000000000005
0.5 0.43999999999999995
0.5 0.44999999999999996
0.5 0.45999999999999996
0.5 0.47
0.5 0.48
0.5 0.49
0.5 0.5
0.5 0.51
0.5 0.52
0.5 0.53
0.5 0.54
0.5 0.55
0.5 0.56
0.5 0.5700000000000001
0.5 0.5800000000000001
0.5 0.5900000000000001
0.5 0.6000000000000001
0.5 0.6100000000000001
0.5 0.6200000000000001
0.5 0.6299999999999999
0.5 0.6399999999999999
0.5 0.6499999999999999
0.5 0.6599999999999999
0.5 0.6699999999999999
0.5 0.6799999999999999
0.5 0.69
0.5 0.7
0.5 0.71
0.5 0.72
0.5 0.73
0.5 0.74
0.5 0.75
0.5 0.76
0.5 0.77
0.5 0.78
0.5 0.79
0.5 0.8
0.5 0.81
0.5 0.8200000000000001
0.5 0.8300000000000001
0.5 0.8400000000000001
0.5 0.8500000000000001
0.5 0.8600000000000001
0.5 0.8700000000000001
0.5 0.8799999999999999
0.5 0.8899999999999999
0.5 0.8999999999999999
0.5 0.9099999999999999
0.5 0.9199999999999999
0.5 0.9299999999999999
0.5 0.94
0.5 0.95
0.5 0.96
0.5 0.97
0.5 0.98
0.5 0.99
0.5 1.0
End
0.6000000000000001 0.0
0.6000000000000001 0.010000000000000009
0.6000000000000001 0.020000000000000018
0.6000000000000001 0.030000000000000027
0.6000000000000001 0.040000000000000036
0.6000000000000001 0.050000000000000044
0.6000000000000001 0.06000000000000005
0.6000000000000001 0.06999999999999995
0.6000000000000001 0.07999999999999996
0.6000000000000001 0.08999999999999997
0.6000000000000001 0.09999999999999998
0.6000000000000001 0.10999999999999999
0.6000000000000001 0.12
0.6000000000000001 0.13
0.6000000000000001 0.14
0.6000000000000001 0.15000000000000002
0.6000000000000001 0.16000000000000003
0.6000000000000001 0.17000000000000004
0.6000000000000001 0.18000000000000005
0.6000000000000001 0.18999999999999995
0.6000000000000001 0.19999999999999996
0.6000000000000001 0.20999999999999996
0.6000000000000001 0.21999999999999997
0.6000000000000001 0.22999999999999998
0.6000000000000001 0.24
0.6000000000000001 0.25
0.6000000000000001 0.26
0.6000000000000001 0.27
0.6000000000000001 0.28
0.6000000000000001 0.29000000000000004
0.6000000000000001 0.30000000000000004
0.6000000000000001 0.31000000000000005
0.6000000000000001 0.31999999999999995
0.6000000000000001 0.32999999999999996
0.6000000000000001 0.33999999999999997
0.6000000000000001 0.35
0.6000000000000001 0.36
0.6000000000000001 0.37
0.6000000000000001 0.38
0.6000000000000001 0.39
0.6000000000000001 0.4
0.6000000000000001 0.41000000000000003
0.6000000000000001 0.42000000000000004
0.6000000000000001 0.43000000000000005
0.6000000000000001 0.43999999999999995
0.6000000000000001 0.44999999999999996
0.6000000000000001 0.45999999999999996
0.6000000000000001 0.47
0.6000000000000001 0.48
0.6000000000000001 0.49
0.6000000000000001 0.5
0.6000000000000001 0.51
0.6000000000000001 0.52
0.6000000000000001 0.53
0.6000000000000001 0.54
0.6000000000000001 0.55
0.6000000000000001 0.56
0.6000000000000001 0.5700000000000001
0.6000000000000001 0.5800000000000001
0.6000000000000001 0.5900000000000001
0.6000000000000001 0.6000000000000001
0.6000000000000001 0.6100000000000001
0.6000000000000001 0.6200000000000001
0.6000000000000001 0.6299999999999999
0.6000000000000001 0.6399999999999999
0.6000000000000001 0.6499999999999999
0.6000000000000001 0.6599999999999999
0.6000000000000001 0.6699999999999999
0.6000000000000001 0.6799999999999999
0.6000000000000001 0.69
0.6000000000000001 0.7
0.6000000000000001 0.71
0.6000000000000001 0.72
0.6000000000000001 0.73
0.6000000000000001 0.74
0.6000000000000001 0.75
0.6000000000000001 0.76
0.6000000000000001 0.77
0.6000000000000001 0.78
0.6000000000000001 0.79
0.6000000000000001 0.8
0.6000000000000001 0.81
0.6000000000000001 0.8200000000000001
0.6000000000000001 0.8300000000000001
0.6000000000000001 0.8400000000000001
0.6000000000000001 0.8500000000000001
0.6000000000000001 0.8600000000000001
0.6000000000000001 0.8700000000000001
0.6000000000000001 0.8799999999999999
0.6000000000000001 0.8899999999999999
0.6000000000000001 0.8999999999999999
0.6000000000000001 0.9099999999999999
0.6000000000000001 0.9199999999999999
0.6000000000000001 0.9299999999999999
0.6000000000000001 0.94
0.6000000000000001 0.95
0.6000000000000001 0.96
0.6000000000000001 0.97
0.6000000000000001 0.98
0.6000000000000001 0.99
0.6000000000000001 1.0
End
0.7 0.0
0.7 0.010000000000000009
0.7 0.020000000000000018
0.7 0.030000000000000027
0.7 0.040000000000000036
0.7 0.050000000000000044
0.7 0.06000000000000005
0.7 0.06999999999999995
0.7 0.07999999999999996
0.7 0.08999999999999997
0.7 0.09999999999999998
0.7 0.10999999999999999
0.7 0.12
0.7 0.13
0.7 0.14
0.7 0.15000000000000002
0.7 0.16000000000000003
0.7 0.17000000000000004
0.7 0.18000000000000005
0.7 0.18999999999999995
0.7 0.19999999999999996
0.7 0.20999999999999996
0.7 0.21999999999999997
0.7 0.22999999999999998
0.7 0.24
0.7 0.25
0.7 0.26
0.7 0.27
0.7 0.28
0.7 0.29000000000000004
0.7 0.30000000000000004
0.7 0.31000000000000005
0.7 0.31999999999999995
0.7 0.32999999999999996
0.7 0.33999999999999997
0.7 0.35
0.7 0.36
0.7 0.37
0.7 0.38
0.7 0.39
0.7 0.4
0.7 0.41000000000000003
0.7 0.42000000000000004
0.7 0.43000000000000005
0.7 0.43999999999999995
0.7 0.44999999999999996
0.7 0.45999999999999996
0.7 0.47
0.7 0.48
0.7 0.49
0.7 0.5
0.7 0.51
0.7 0.52
0.7 0.53
0.7 0.54
0.7 0.55
0.7 0.56
0.7 0.5700000000000001
0.7 0.5800000000000001
0.7 0.5900000000000001
0.7 0.6000000000000001
0.7 0.6100000000000001
0.7 0.6200000000000001
0.7 0.6299999999999999
0.7 0.6399999999999999
0.7 0.6499999999999999
0.7 0.6599999999999999
0.7 0.6699999999999999
0.7 0.6799999999999999
0.7 0.69
0.7 0.7
0.7 0.71
0.7 0.72
0.7 0.73
0.7 0.74
0.7 0.75
0.7 0.76
0.7 0.77
0.7 0.78
0.7 0.79
0.7 0.8
0.7 0.81
0.7 0.8200000000000001
0.7 0.8300000000000001
0.7 0.8400000000000001
0.7 0.8500000000000001
0.7 0.8600000000000001
0.7 0.8700000000000001
0.7 0.8799999999999999
0.7 0.8899999999999999
0.7 0.8999999999999999
0.7 0.9099999999999999
0.7 0.9199999999999999
0.7 0.9299999999999999
0.7 0.94
0.7 0.95
0.7 0.96
0.7 0.97
0.7 0.98
0.7 0.99
0.7 1.0
End
0.8 0.0
0.8 0.010000000000000009
0.8 0.020000000000000018
0.8 0.030000000000000027
0.8 0.040000000000000036
0.8 0.050000000000000044
0.8 0.06000000000000005
0.8 0.06999999999999995
0.8 0.07999999999999996
0.8 0.08999999999999997
0.8 0.09999999999999998
0.8 0.10999999999999999
0.8 0.12
0.8 0.13
0.8 0.14
0.8 0.15000000000000002
0.8 0.16000000000000003
0.8 0.17000000000000004
0.8 0.18000000000000005
0.8 0.18999999999999995
0.8 0.19999999999999996
0.8 0.20999999999999996
0.8 0.21999999999999997
0.8 0.22999999999999998
0.8 0.24
0.8 0.25
0.8 0.26
0.8 0.27
0.8 0.28
0.8 0.29000000000000004
0.8 0.30000000000000004
0.8 0.31000000000000005
0.8 0.31999999999999995
0.8 0.32999999999999996
0.8 0.33999999999999997
0.8 0.35
0.8 0.36
0.8 0.37
0.8 0.38
0.8 0.39
0.8 0.4
0.8 0.41000000000000003
0.8 0.42000000000000004
0.8 0.43000000000000005
0.8 0.43999999999999995
0.8 0.44999999999999996
0.8 0.45999999999999996
0.8 0.47
0.8 0.48
0.8 0.49
0.8 0.5
0.8 0.51
0.8 0.52
0.8 0.53
0.8 0.54
0.8 0.55
0.8 0.56
0.8 0.5700000000000001
0.8 0.5800000000000001
0.8 0.5900000000000001
0.8 0.6000000000000001
0.8 0.6100000000000001
0.8 0.6200000000000001
0.8 0.6299999999999999
0.8 0.6399999999999999
0.8 0.6499999999999999
0.8 0.6599999999999999
0.8 0.6699999999999999
0.8 0.6799999999999999
0.8 0.69
0.8 0.7
0.8 0.71
0.8 0.72
0.8 0.73
0.8 0.74
0.8 0.75
0.8 0.76
0.8 0.77
0.8 0.78
0.8 0.79
0.8 0.8
0.8 0.81
0.8 0.8200000000000001
0.8 0.8300000000000001
0.8 0.8400000000000001
0.8 0.8500000000000001
0.8 0.8600000000000001
0.8 0.8700000000000001
0.8 0.8799999999999999
0.8 0.8899999999999999
0.8 0.8999999999999999
0.8 0.9099999999999999
0.8 0.9199999999999999
0.8 0.9299999999999999
0.8 0.94
0.8 0.95
0.8 0.96
0.8 0.97
0.8 0.98
0.8 0.99
0.8 1.0
End
0.8999999999999999 0.0
0.8999999999999999 0.010000000000000009
0.8999999999999999 0.020000000000000018
0.8999999999999999 0.030000000000000027
0.8999999999999999 0.040000000000000036
0.8999999999999999 0.050000000000000044
0.8999999999999999 0.06000000000000005
0.8999999999999999 0.06999999999999995
0.8999999999999999 0.07999999999999996
0.8999999999999999 0.08999999999999997
0.8999999999999999 0.09999999999999998
0.8999999999999999 0.10999999999999999
0.8999999999999999 0.12
0.8999999999999999 0.13
0.8999999999999999 0.14
0.8999999999999999 0.15000000000000002
0.8999999999999999 0.16000000000000003
0.8999999999999999 0.17000000000000004
0.8999999999999999 0.18000000000000005
0.8999999999999999 0.18999999999999995
0.8999999999999999 0.19999999999999996
0.8999999999999999 0.20999999999999996
0.8999999999999999 0.21999999999999997
0.8999999999999999 0.22999999999999998
0.8999999999999999 0.24
0.8999999999999999 0.25
0.8999999999999999 0.26
0.8999999999999999 0.27
0.8999999999999999 0.28
0.8999999999999999 0.29000000000000004
0.8999999999999999 0.30000000000000004
0.8999999999999999 0.31000000000000005
0.8999999999999999 0.31999999999999995
0.8999999999999999 0.32999999999999996
0.8999999999999999 0.33999999999999997
0.8999999999999999 0.35
0.8999999999999999 0.36
0.8999999999999999 0.37
0.8999999999999999 0.38
0.8999999999999999 0.39
0.8999999999999999 0.4
0.8999999999999999 0.41000000000000003
0.8999999999999999 0.42000000000000004
0.8999999999999999 0.43000000000000005
0.8999999999999999 0.43999999999999995
0.8999999999999999 0.44999999999999996
0.8999999999999999 0.45999999999999996
0.8999999999999999 0.47
0.8999999999999999 0.48
0.8999999999999999 0.49
0.8999999999999999 0.5
0.8999999999999999 0.51
0.8999999999999999 0.52
0.8999999999999999 0.53
0.8999999999999999 0.54
0.8999999999999999 0.55
0.8999999999999999 0.56
0.8999999999999999 0.5700000000000001
0.8999999999999999 0.5800000000000001
0.8999999999999999 0.5900000000000001
0.8999999999999999 0.6000000000000001
0.8999999999999999 0.6100000000000001
0.8999999999999999 0.6200000000000001
0.8999999999999999 0.6299999999999999
0.8999999999999999 0.6399999999999999
0.8999999999999999 0.6499999999999999
0.8999999999999999 0.6599999999999999
0.8999999999999999 0.6699999999999999
0.8999999999999999 0.6799999999999999
0.8999999999999999 0.69
0.8999999999999999 0.7
0.8999999999999999 0.71
0.8999999999999999 0.72
0.8999999999999999 0.73
0.8999999999999999 0.74
0.8999999999999999 0.75
0.8999999999999999 0.76
0.8999999999999999 0.77
0.8999999999999999 0.78
0.8999999999999999 0.79
0.8999999999999999 0.8
0.8999999999999999 0.81
0.8999999999999999 0.8200000000000001
0.8999999999999999 0.8300000000000001
0.8999999999999999 0.8400000000000001
0.8999999999999999 0.8500000000000001
0.8999999999999999 0.8600000000000001
0.8999999999999999 0.8700000000000001
0.8999999999999999 0.8799999999999999
0.8999999999999999 0.8899999999999999
0.8999999999999999 0.8999999999999999
0.8999999999999999 0.9099999999999999
0.8999999999999999 0.9199999999999999
0.8999999999999999 0.9299999999999999
0.8999999999999999 0.94
0.8999999999999999 0.95
0.8999999999999999 0.96
0.8999999999999999 0.97
0.8999999999999999 0.98
0.8999999999999999 0.99
0.8999999999999999 1.0
End
1.0 0.0
1.0 0.010000000000000009
1.0 0.020000000000000018
1.0 0.030000000000000027
1.0 0.040000000000000036
1.0 0.050000000000000044
1.0 0.06000000000000005
1.0 0.06999999999999995
1.0 0.07999999999999996
1.0 0.08999999999999997
1.0 0.09999999999999998
1.0 0.10999999999999999
1.0 0.12
1.0 0.13
1.0 0.14
1.0 0.15000000000000002
1.0 0.16000000000000003
1.0 0.17000000000000004
1.0 0.18000000000000005
1.0 0.18999999999999995
1.0 0.19999999999999996
1.0 0.20999999999999996
1.0 0.21999999999999997
1.0 0.22999999999999998
1.0 0.24
1.0 0.25
1.0 0.26
1.0 0.27
1.0 0.28
1.0 0.29000000000000004
1.0 0.30000000000000004
1.0 0.31000000000000005
1.0 0.31999999999999995
1.0 0.32999999999999996
1.0 0.33999999999999997
1.0 0.35
1.0 0.36
1.0 0.37
1.0 0.38
1.0 0.39
1.0 0.4
1.0 0.41000000000000003
1.0 0.42000000000000004
1.0 0.43000000000000005
1.0 0.43999999999999995
1.0 0.44999999999999996
1.0 0.45999999999999996
1.0 0.47
1.0 0.48
1.0 0.49
1.0 0.5
1.0 0.51
1.0 0.52
1.0 0.53
1.0 0.54
1.0 0.55
1.0 0.56
1.0 0.5700000000000001
1.0 0.5800000000000001
1.0 0.5900000000000001
1.0 0.6000000000000001
1.0 0.6100000000000001
1.0 0.6200000000000001
1.0 0.6299999999999999
1.0 0.6399999999999999
1.0 0.6499999999999999
1.0 0.6599999999999999
1.0 0.6699999999999999
1.0 0.6799999999999999
1.0 0.69
1.0 0.7
1.0 0.71
1.0 0.72
1.0 0.73
1.0 0.74
1.0 0.75
1.0 0.76
1.0 0.77
1.0 0.78
1.0 0.79
1.0 0.8
1.0 0.81
1.0 0.8200000000000001
1.0 0.8300000000000001
1.0 0.8400000000000001
1.0 0.8500000000000001
1.0 0.8600000000000001
1.0 0.8700000000000001
1.0 0.8799999999999999
1.0 0.8899999999999999
1.0 0.8999999999999999
1.0 0.9099999999999999
1.0 0.9199999999999999
1.0 0.9299999999999999
1.0 0.94
1.0 0.95
1.0 0.96
1.0 0.97
1.0 0.98
1.0 0.99
1.0 1.0
End
