479 441
0.209997 0.406264
0.215819 0.407311
0.216078 0.413821
0.210216 0.413812
0.211367 0.420617
0.218168 0.420624
0.218871 0.428028
0.211539 0.427401
0.211854 0.433886
0.216308 0.436246
0.221922 0.435379
0.225116 0.441298
0.218171 0.443311
0.212298 0.443285
0.217817 0.450533
0.214302 0.455276
0.220891 0.45849
0.224688 0.45437
0.224431 0.447849
0.22999 0.448219
0.231994 0.443877
0.234868 0.439426
0.239033 0.436508
0.233291 0.433394
0.228605 0.436511
0.226925 0.42971
0.224431 0.422905
0.230428 0.422619
0.234444 0.427438
0.240868 0.42715
0.243 0.432652
0.249471 0.433103
0.246681 0.439534
0.249283 0.445172
0.255521 0.445123
0.26116 0.441725
0.263326 0.448057
0.266591 0.454654
0.260167 0.45494
0.255472 0.452104
0.249284 0.45321
0.254341 0.458925
0.249285 0.462894
0.243215 0.46447
0.245295 0.470513
0.251152 0.472105
0.256259 0.469677
0.256528 0.46457
0.261773 0.461709
0.266591 0.463046
0.271393 0.467122
0.272174 0.461733
0.274309 0.456239
0.27138 0.449661
0.269926 0.443313
0.267124 0.437344
0.262371 0.432391
0.256358 0.437199
0.254943 0.431122
0.254673 0.42517
0.24785 0.424916
0.244248 0.42064
0.242047 0.415345
0.236568 0.420007
0.23382 0.413832
0.228341 0.416379
0.223042 0.416474
0.222074 0.411275
0.228869 0.409578
0.234864 0.407029
0.239271 0.409032
0.245292 0.409291
0.244235 0.402948
0.247798 0.396831
0.253392 0.397676
0.25179 0.404513
0.253406 0.409557
0.249929 0.414843
0.254106 0.41812
0.260328 0.418365
0.262559 0.42456
0.268612 0.427438
0.273304 0.433867
0.277021 0.439682
0.27828 0.445578
0.279732 0.451933
0.281624 0.458506
0.278438 0.464
0.285155 0.465174
0.291223 0.465989
0.297225 0.463998
0.297483 0.470531
0.304794 0.470529
0.304791 0.46417
0.301148 0.458617
0.296441 0.455508
0.291914 0.459441
0.287421 0.455069
0.286002 0.447846
0.293051 0.449836
0.292264 0.443764
0.286098 0.440638
0.282172 0.436006
0.282454 0.429935
0.277176 0.426829
0.27395 0.421262
0.26868 0.418143
0.266364 0.412182
0.259911 0.411562
0.259912 0.405893
0.258849 0.401361
0.259906 0.395692
0.253913 0.391439
0.249859 0.387024
0.249475 0.379816
0.243995 0.378395
0.238805 0.376799
0.231738 0.378681
0.234597 0.372735
0.23993 0.367829
0.243476 0.371032
0.248875 0.373328
0.253648 0.371877
0.25808 0.368195
0.258083 0.375569
0.255203 0.380952
0.257821 0.385487
0.260206 0.38954
0.265742 0.390023
0.266729 0.397348
0.266926 0.404559
0.27222 0.409079
0.276986 0.412594
0.280786 0.417238
0.284576 0.422494
0.290164 0.419508
0.287304 0.414126
0.284251 0.409052
0.278269 0.404759
0.284764 0.401669
0.290328 0.398156
0.288323 0.390285
0.296339 0.391511
0.298849 0.399627
0.304526 0.394298
0.311709 0.39839
0.307458 0.403959
0.300089 0.407798
0.291887 0.405915
0.293992 0.411832
0.29586 0.417621
0.30107 0.416109
0.306032 0.41241
0.312562 0.413319
0.31626 0.407984
0.318171 0.40119
0.325379 0.400839
0.323918 0.409887
0.331055 0.408567
0.334358 0.403271
0.340265 0.401019
0.343223 0.40837
0.342794 0.417611
0.336396 0.414367
0.329123 0.417338
0.32183 0.416856
0.317891 0.421397
0.311604 0.421161
0.306777 0.426003
0.303213 0.42065
0.299346 0.425935
0.292886 0.42517
0.288719 0.430843
0.292266 0.436515
0.295665 0.431697
0.302698 0.433119
0.298108 0.439467
0.301137 0.44417
0.299574 0.450113
0.305579 0.450399
0.306533 0.456415
0.311576 0.460139
0.317764 0.464853
0.311684 0.469412
0.316694 0.473927
0.322338 0.474609
0.320445 0.481522
0.320717 0.488382
0.326714 0.487537
0.333741 0.488454
0.339019 0.492196
0.337161 0.497742
0.341853 0.501706
0.348013 0.502279
0.345506 0.495477
0.351544 0.496232
0.35621 0.492922
0.351535 0.487927
0.345278 0.488922
0.342024 0.484387
0.339245 0.478843
0.33455 0.482715
0.329962 0.479852
0.328209 0.475065
0.325784 0.469018
0.324368 0.46344
0.331584 0.464283
0.333401 0.471681
0.339242 0.472796
0.345094 0.473936
0.348879 0.480483
0.355481 0.480362
0.358734 0.474812
0.364301 0.470991
0.364304 0.463722
0.363251 0.458052
0.370044 0.453905
0.363248 0.451943
0.363253 0.445589
0.362213 0.438798
0.368888 0.438572
0.37057 0.445596
0.376505 0.449095
0.382833 0.450416
0.387688 0.446736
0.383261 0.441824
0.376036 0.440194
0.380314 0.434521
0.382163 0.428301
0.388046 0.422312
0.379883 0.421038
0.381872 0.413015
0.373996 0.413164
0.367217 0.417523
0.358858 0.421596
0.365618 0.425409
0.373457 0.424698
0.373412 0.431793
0.366388 0.431996
0.359938 0.431178
0.354047 0.431185
0.347378 0.432463
0.341518 0.435091
0.336535 0.438572
0.338435 0.445253
0.338981 0.452102
0.343941 0.455497
0.346549 0.449674
0.346132 0.44378
0.349261 0.438796
0.355622 0.440215
0.354605 0.447659
0.357108 0.453898
0.35107 0.454899
0.352031 0.461173
0.357777 0.461735
0.357273 0.468062
0.351774 0.472336
0.34822 0.466676
0.345249 0.461178
0.340009 0.466196
0.338984 0.459475
0.333448 0.457677
0.331928 0.451256
0.329392 0.446556
0.329501 0.440885
0.332983 0.433025
0.326327 0.432408
0.32173 0.437936
0.320634 0.445177
0.323934 0.450369
0.325951 0.45712
0.318888 0.455971
0.313865 0.451167
0.309999 0.445584
0.314951 0.440027
0.306776 0.439606
0.310351 0.432387
0.316442 0.431239
0.320909 0.426704
0.326705 0.425185
0.333343 0.423759
0.337574 0.426787
0.343221 0.426032
0.350434 0.424983
0.35071 0.418403
0.350919 0.410724
0.358869 0.412998
0.366256 0.40735
0.357617 0.402276
0.349057 0.401427
0.344498 0.393795
0.352783 0.391747
0.361855 0.392378
0.369625 0.397615
0.377101 0.401803
0.385314 0.404608
0.392752 0.40849
0.390518 0.414944
0.396875 0.419784
0.404134 0.421042
0.409925 0.415948
0.40923 0.409329
0.401121 0.411085
0.398921 0.402422
0.393163 0.397787
0.385699 0.393642
0.378813 0.38763
0.370107 0.385651
0.358599 0.382621
0.362772 0.374223
0.372881 0.373763
0.382524 0.373814
0.394783 0.374574
0.38817 0.382383
0.39614 0.387551
0.40367 0.393132
0.407832 0.402132
0.41262 0.395071
0.417415 0.401597
0.423608 0.398885
0.425045 0.406671
0.417169 0.411197
0.424056 0.415249
0.430073 0.412717
0.435061 0.410065
0.431823 0.403081
0.439466 0.405217
0.443248 0.41115
0.450699 0.410692
0.446763 0.403638
0.45502 0.402907
0.458246 0.408163
0.463462 0.410812
0.464521 0.417473
0.470788 0.418378
0.47629 0.423115
0.477039 0.429712
0.482842 0.429462
0.487103 0.426214
0.483111 0.419215
0.488672 0.419042
0.493321 0.419516
0.498863 0.42436
0.493482 0.427732
0.49401 0.433976
0.499801 0.432824
0.505844 0.427446
0.50626 0.434253
0.512104 0.433117
0.519017 0.432754
0.514977 0.426821
0.512311 0.421105
0.506496 0.420395
0.501463 0.417697
0.496646 0.412453
0.489378 0.410758
0.483131 0.410637
0.477036 0.414989
0.470526 0.411856
0.474261 0.40729
0.472119 0.400025
0.46765 0.404766
0.463118 0.40041
0.463342 0.394173
0.456355 0.394242
0.450733 0.397273
0.448196 0.390747
0.442844 0.395718
0.436865 0.397227
0.430303 0.393617
0.423604 0.390307
0.417723 0.387493
0.425911 0.382732
0.43341 0.382851
0.437222 0.388146
0.444068 0.385712
0.442157 0.379815
0.440731 0.374522
0.43229 0.374949
0.424168 0.374643
0.415583 0.376998
0.410536 0.384952
0.403713 0.38059
0.406129 0.371637
0.412899 0.366077
0.420291 0.368004
0.425246 0.361841
0.430357 0.367096
0.437225 0.367685
0.444795 0.368903
0.448209 0.362927
0.452409 0.358282
0.458747 0.357664
0.462839 0.362812
0.456973 0.367085
0.451631 0.371165
0.450519 0.378693
0.453047 0.386631
0.457563 0.381837
0.460573 0.387376
0.466339 0.388596
0.470959 0.392594
0.476616 0.392295
0.480525 0.397782
0.480173 0.404313
0.487798 0.401288
0.49375 0.404772
0.500812 0.405649
0.506726 0.401493
0.510854 0.397288
0.513226 0.39115
0.517735 0.393709
0.521493 0.387312
0.525507 0.391915
0.530843 0.390402
0.537572 0.38935
0.542496 0.392827
0.548209 0.388211
0.550097 0.394003
0.55469 0.395937
0.560852 0.396921
0.56781 0.393439
0.566131 0.388674
0.563564 0.382915
0.558057 0.388492
0.553219 0.383224
0.55814 0.377385
0.563297 0.371879
0.565568 0.365409
0.569958 0.358212
0.576329 0.361498
0.578806 0.354689
0.585247 0.352465
0.592129 0.354757
0.601185 0.357149
0.595078 0.363166
0.585617 0.363728
0.582402 0.372381
0.575785 0.368296
0.571895 0.372598
0.568385 0.377551
0.571987 0.383233
0.578584 0.380259
0.586663 0.380676
0.59058 0.373174
0.597515 0.370637
0.60384 0.377464
0.606267 0.368062
0.610549 0.358165
0.608716 0.349262
0.598803 0.346398
0.591261 0.342758
0.582419 0.344198
0.581802 0.336039
0.58329 0.32809
0.5913 0.331456
0.600279 0.333868
0.606898 0.339569
0.616214 0.340446
0.621785 0.348591
0.622072 0.358855
0.616267 0.366777
0.625529 0.37258
0.615239 0.376871
0.610263 0.38513
0.601178 0.3878
0.595405 0.381856
0.5923 0.391872
0.585093 0.387929
0.577029 0.389864
0.583288 0.396371
0.584738 0.403391
0.589705 0.409962
0.592162 0.40234
0.597388 0.398562
0.604058 0.395592
0.611696 0.394939
0.620086 0.393618
0.623014 0.384772
0.633018 0.385232
0.642981 0.392323
0.635272 0.398362
0.626761 0.399677
0.618603 0.404185
0.609358 0.405091
0.601881 0.404371
0.599721 0.410669
0.594505 0.417265
0.603218 0.41857
0.609747 0.416
0.616858 0.412435
0.62667 0.411963
0.635636 0.408962
0.646045 0.41007
0.648707 0.400335
0.657238 0.410583
0.651258 0.422337
0.661157 0.42528
0.668183 0.421231
0.67895 0.427066
0.672597 0.435669
0.664239 0.441156
0.657766 0.434225
0.649562 0.43434
0.641384 0.429681
0.642011 0.418552
0.634314 0.42174
0.626075 0.422171
0.618388 0.420995
0.616726 0.42884
0.621162 0.435633
0.628283 0.430697
0.634788 0.436813
0.629593 0.442595
0.622849 0.443518
0.618522 0.449322
0.610943 0.451383
0.603515 0.451058
0.596851 0.453997
0.594248 0.447669
0.590695 0.441474
0.585395 0.444769
0.579312 0.4456
0.573291 0.445854
0.572284 0.438991
0.56742 0.434936
0.561648 0.430078
0.569998 0.426595
0.56721 0.420645
0.561053 0.422351
0.555428 0.417615
0.553226 0.423368
0.553469 0.4306
0.546754 0.42768
0.543061 0.431418
0.537755 0.431162
0.532876 0.424425
0.526872 0.420922
0.528597 0.415651
0.527836 0.408793
0.533811 0.410431
0.539847 0.410118
0.537032 0.417435
0.540487 0.4227
0.546957 0.42019
0.546333 0.41406
0.552182 0.411565
0.559315 0.41176
0.565754 0.413468
0.572005 0.410441
0.574435 0.417812
0.579424 0.424291
0.575437 0.431478
0.580495 0.437987
0.585021 0.431862
0.593023 0.433892
0.597611 0.439163
0.60457 0.442676
0.613736 0.44222
0.611087 0.435147
0.603548 0.433397
0.608495 0.426072
0.599537 0.425391
0.593215 0.427283
0.588282 0.423615
0.586505 0.417365
0.580973 0.415212
0.579713 0.409308
0.576329 0.403102
0.574416 0.395951
0.569709 0.400458
0.566335 0.404516
0.559481 0.404773
0.552182 0.403636
0.545495 0.406809
0.545525 0.399617
0.538373 0.401631
0.533595 0.395922
0.531109 0.402055
0.525312 0.402788
0.523478 0.397386
0.519016 0.401241
0.51461 0.403638
0.509744 0.407289
0.505223 0.411568
0.511482 0.414295
0.517107 0.410443
0.522268 0.410567
0.519401 0.417924
0.521101 0.423666
0.525563 0.428777
0.531119 0.432818
0.524622 0.436514
0.525041 0.443323
0.531127 0.442498
0.535905 0.439472
0.541741 0.438792
0.547589 0.437203
0.552446 0.43907
0.558678 0.436266
0.560069 0.441565
0.565337 0.443103
0.568656 0.449373
0.562884 0.4504
0.557932 0.449277
0.553854 0.446277
0.548004 0.445591
0.541742 0.445594
0.536529 0.448994
0.531523 0.452621
0.526908 0.450371
0.5217 0.45398
0.518436 0.447662
0.519042 0.441332
0.514375 0.439794
0.508348 0.441049
0.502088 0.44059
0.495836 0.441049
0.495569 0.447565
0.500698 0.449119
0.505219 0.448993
0.510176 0.447571
0.511893 0.453306
0.516468 0.456681
0.512335 0.462906
0.506858 0.461451
0.505111 0.456169
0.500003 0.461012
0.494334 0.459195
0.496616 0.454083
0.490157 0.454656
0.486783 0.459441
0.487215 0.465711
0.493444 0.46437
0.492249 0.470207
0.487478 0.47166
0.486716 0.477126
0.493142 0.477332
0.497912 0.481868
0.498179 0.488383
0.49556 0.493481
0.501044 0.495748
0.503654 0.500567
0.508612 0.497449
0.515311 0.495717
0.520874 0.490933
0.526876 0.488381
0.527434 0.493848
0.522201 0.498774
0.515925 0.501421
0.510441 0.504541
0.512524 0.510589
0.506556 0.511992
0.504436 0.507086
0.499407 0.504542
0.493733 0.505673
0.494433 0.500252
0.489823 0.495181
0.490082 0.48924
0.491915 0.483852
0.48643 0.484127
0.48147 0.48215
0.481211 0.487535
0.483565 0.492063
0.479903 0.498307
0.485128 0.498868
0.488373 0.503255
0.484468 0.506559
0.482705 0.511345
0.477818 0.508796
0.472857 0.507456
0.475651 0.502018
0.47391 0.495468
0.477035 0.49093
0.470152 0.489351
0.465553 0.493197
0.468678 0.498382
0.468685 0.503408
0.466898 0.508427
0.462159 0.504259
0.462418 0.498387
0.455904 0.498022
0.458257 0.493208
0.45268 0.489942
0.448405 0.486734
0.443642 0.484714
0.439725 0.487542
0.437636 0.492924
0.435027 0.498039
0.441552 0.498393
0.445025 0.492959
0.449377 0.496324
0.451387 0.502282
0.445978 0.502567
0.440501 0.504544
0.435554 0.504266
0.430848 0.507093
0.425111 0.505683
0.423456 0.511086
0.426931 0.516521
0.431365 0.513325
0.436331 0.512484
0.440767 0.512201
0.445718 0.509541
0.451724 0.509361
0.45639 0.505301
0.459811 0.510782
0.45686 0.515629
0.449896 0.515873
0.443894 0.517869
0.439044 0.521551
0.433494 0.519768
0.43111 0.524296
0.425437 0.521386
0.425887 0.526077
0.424067 0.53005
0.417537 0.53147
0.418588 0.526077
0.418584 0.521055
0.420668 0.515877
0.415007 0.51588
0.410696 0.519414
0.412917 0.524951
0.408664 0.528072
0.408145 0.534025
0.41381 0.534346
0.416232 0.5411
0.411275 0.54082
0.406318 0.540536
0.403274 0.543848
0.397935 0.543853
0.392484 0.54536
0.387967 0.542588
0.389358 0.536292
0.395202 0.537426
0.401191 0.535789
0.400838 0.529481
0.393533 0.529481
0.38857 0.526087
0.384341 0.523138
0.379963 0.520132
0.376363 0.516146
0.370561 0.513617
0.369404 0.519656
0.370822 0.52523
0.376368 0.525707
0.379181 0.530617
0.385702 0.531186
0.38286 0.537044
0.378917 0.541958
0.38309 0.546007
0.387963 0.550146
0.394988 0.551484
0.390853 0.556696
0.385437 0.556975
0.380404 0.55637
0.380226 0.550745
0.375339 0.547626
0.371457 0.544708
0.372397 0.538838
0.37579 0.535162
0.370567 0.531109
0.36665 0.536003
0.361865 0.538171
0.366128 0.542804
0.365869 0.550186
0.370302 0.551879
0.374739 0.55624
0.369076 0.558638
0.364899 0.559941
0.361181 0.563499
0.353855 0.563503
0.357806 0.569551
0.352373 0.569971
0.348495 0.571917
0.34369 0.572277
0.339516 0.576825
0.344468 0.579373
0.348645 0.579369
0.353865 0.577105
0.360729 0.574504
0.362806 0.57807
0.366388 0.581643
0.368735 0.586458
0.3737 0.589863
0.37683 0.586174
0.379973 0.582776
0.383718 0.578692
0.388309 0.574836
0.38966 0.569657
0.384135 0.570306
0.378736 0.570715
0.376571 0.575975
0.372654 0.580505
0.370564 0.5737
0.364564 0.570869
0.368479 0.566899
0.373346 0.56451
0.378922 0.5635
0.385177 0.5635
0.391188 0.563784
0.395619 0.559614
0.398225 0.564635
0.395884 0.570023
0.395327 0.57548
0.391791 0.579749
0.397108 0.581964
0.40165 0.579617
0.406659 0.582928
0.408448 0.57872
0.414409 0.57937
0.414405 0.58552
0.419475 0.583252
0.424582 0.583617
0.430212 0.586816
0.426583 0.589191
0.421712 0.590703
0.416751 0.590989
0.418577 0.596376
0.413888 0.598361
0.411277 0.604314
0.405794 0.606867
0.404666 0.61263
0.399791 0.614998
0.403964 0.618559
0.40501 0.624717
0.399788 0.623095
0.396451 0.619728
0.393183 0.617157
0.394224 0.611363
0.400024 0.607339
0.396446 0.603858
0.392488 0.604316
0.388753 0.60885
0.383093 0.607712
0.382831 0.60233
0.38786 0.601722
0.385177 0.595891
0.38866 0.59336
0.39353 0.592978
0.393525 0.598641
0.399191 0.595238
0.401647 0.600025
0.408142 0.599773
0.406955 0.594915
0.41083 0.590706
0.406949 0.587467
0.402771 0.59006
0.398301 0.588439
0.39249 0.586453
0.387865 0.583903
0.384829 0.588061
0.381355 0.591086
0.378231 0.595498
0.37564 0.600102
0.377126 0.604962
0.377871 0.611111
0.383093 0.612245
0.380741 0.617631
0.387526 0.61593
0.38909 0.622169
0.393002 0.625569
0.391441 0.631524
0.385184 0.632653
0.384576 0.627954
0.383353 0.622732
0.377423 0.623421
0.374145 0.626981
0.369074 0.625685
0.366126 0.628688
0.362561 0.631897
0.360131 0.636058
0.366386 0.637192
0.3714 0.637872
0.372961 0.633145
0.378917 0.631524
0.37918 0.638037
0.385181 0.637186
0.38518 0.642855
0.391697 0.644833
0.391436 0.63832
0.397708 0.638324
0.39701 0.63228
0.399791 0.628604
0.403969 0.632172
0.403549 0.636962
0.408144 0.639449
0.413357 0.640872
0.416145 0.645503
0.411275 0.647396
0.406651 0.647392
0.40337 0.642857
0.397704 0.643986
0.39797 0.649378
0.403076 0.650957
0.406318 0.65533
0.412317 0.654195
0.41058 0.659111
0.407544 0.663265
0.401281 0.664234
0.401353 0.659589
0.398051 0.656093
0.393528 0.659386
0.389353 0.655819
0.394364 0.652388
0.38935 0.650309
0.384283 0.649012
0.381702 0.654449
0.376362 0.651171
0.378497 0.645125
0.374391 0.640967
0.369873 0.643618
0.364901 0.645446
0.360358 0.643609
0.355959 0.638975
0.353566 0.643503
0.347867 0.642575
0.345169 0.64702
0.342728 0.652171
0.338991 0.647118
0.340188 0.641345
0.341605 0.635776
0.347344 0.636343
0.348203 0.630221
0.352704 0.634288
0.356302 0.629631
0.360128 0.626334
0.360125 0.621315
0.359867 0.615932
0.363259 0.611111
0.366986 0.613712
0.36613 0.619895
0.37196 0.620559
0.37422 0.616212
0.372422 0.610354
0.367288 0.606898
0.370307 0.602333
0.370564 0.595243
0.365338 0.592697
0.362565 0.588057
0.359662 0.583154
0.353865 0.583905
0.353602 0.590426
0.358035 0.592414
0.360122 0.597512
0.364894 0.599777
0.36083 0.60406
0.358035 0.609496
0.353603 0.6063
0.353866 0.600907
0.35238 0.596536
0.346909 0.601036
0.347865 0.606865
0.347863 0.613092
0.353267 0.613382
0.354165 0.618557
0.353599 0.624431
0.348647 0.624713
0.347309 0.618566
0.341038 0.619533
0.343196 0.624467
0.34108 0.629538
0.336115 0.629252
0.330484 0.629247
0.326129 0.62471
0.321503 0.622461
0.316554 0.619903
0.313158 0.624714
0.30933 0.620184
0.303531 0.618682
0.3082 0.613666
0.313154 0.613383
0.317784 0.613061
0.322547 0.615198
0.328812 0.615656
0.329515 0.621702
0.335073 0.622451
0.335073 0.615654
0.341348 0.613379
0.341345 0.60613
0.335598 0.602606
0.335336 0.609126
0.330377 0.607144
0.326128 0.609171
0.320464 0.606132
0.314471 0.606856
0.311853 0.601748
0.317592 0.599211
0.322895 0.597123
0.326102 0.60136
0.332153 0.597726
0.327768 0.592971
0.333404 0.589581
0.339253 0.590711
0.338659 0.597831
0.343426 0.596373
0.347079 0.592118
0.348641 0.586176
0.344468 0.586179
0.33951 0.584191
0.33507 0.581078
0.330891 0.578723
0.323941 0.581382
0.328815 0.585043
0.323246 0.588191
0.320111 0.593348
0.316026 0.590423
0.316709 0.583903
0.309605 0.583905
0.303988 0.58013
0.299331 0.576818
0.293575 0.5774
0.286669 0.579773
0.281824 0.584355
0.274102 0.581408
0.277777 0.577537
0.282588 0.573868
0.286164 0.570964
0.290803 0.571441
0.294369 0.565769
0.298652 0.560735
0.303761 0.55832
0.303763 0.551712
0.309609 0.547622
0.30973 0.553779
0.311415 0.558709
0.307943 0.563503
0.303067 0.566022
0.298563 0.570748
0.305584 0.57285
0.310024 0.570298
0.310285 0.577391
0.315242 0.57711
0.319867 0.577111
0.31785 0.571152
0.31419 0.567375
0.315388 0.562201
0.320459 0.559609
0.31733 0.553972
0.316292 0.547625
0.322962 0.547619
0.324934 0.552809
0.324984 0.558207
0.330898 0.556692
0.330603 0.550545
0.332992 0.546009
0.32902 0.542593
0.322804 0.541109
0.318141 0.538807
0.313605 0.541147
0.307724 0.54127
0.301289 0.541843
0.297718 0.54585
0.297758 0.551865
0.295054 0.556311
0.291574 0.551778
0.291216 0.546485
0.291849 0.54059
0.296444 0.535829
0.303758 0.534467
0.310439 0.534242
0.315242 0.53061
0.318972 0.532065
0.32344 0.532393
0.327766 0.529195
0.328111 0.53653
0.333512 0.533164
0.336937 0.536781
0.337165 0.541954
0.339775 0.546501
0.337428 0.551883
0.336866 0.55734
0.334817 0.563211
0.328813 0.563495
0.321846 0.565511
0.324627 0.569924
0.325679 0.574842
0.331094 0.57114
0.336647 0.571436
0.3389 0.566517
0.34343 0.565763
0.347866 0.563217
0.342233 0.559614
0.344123 0.553926
0.345512 0.54763
0.351775 0.549892
0.349689 0.556703
0.355948 0.55625
0.361434 0.555004
0.358973 0.549134
0.360129 0.543739
0.35572 0.541077
0.350737 0.542408
0.344471 0.540366
0.343424 0.534661
0.348017 0.532426
0.353862 0.529487
0.354458 0.535311
0.35987 0.532042
0.364565 0.529211
0.36404 0.522959
0.359081 0.523819
0.353859 0.522679
0.348787 0.524315
0.34369 0.52467
0.340745 0.529478
0.335073 0.527859
0.337849 0.522172
0.330658 0.523935
0.328507 0.519766
0.323738 0.521061
0.319757 0.525195
0.318968 0.518141
0.318075 0.512964
0.318372 0.507451
0.315451 0.502506
0.32254 0.503891
0.326182 0.50851
0.324034 0.513613
0.329396 0.513946
0.335258 0.515068
0.341073 0.515597
0.345747 0.517905
0.351772 0.515885
0.358038 0.514763
0.364107 0.514463
0.361454 0.507014
0.368268 0.506359
0.374216 0.507099
0.378324 0.509082
0.383085 0.512492
0.387495 0.515647
0.392909 0.521097
0.399377 0.522907
0.405455 0.522679
0.404388 0.515888
0.397968 0.516167
0.394049 0.513333
0.392275 0.508402
0.394927 0.50253
0.400836 0.507585
0.406328 0.51022
0.412087 0.510594
0.417126 0.507733
0.419282 0.502027
0.412585 0.499736
0.40885 0.504291
0.405854 0.498206
0.400056 0.499733
0.399791 0.493859
0.395616 0.490282
0.393531 0.484133
0.394572 0.478458
0.387683 0.480739
0.382831 0.477047
0.381699 0.483882
0.37709 0.488387
0.373485 0.482998
0.376404 0.47733
0.377085 0.470809
0.38309 0.470532
0.380244 0.463934
0.387056 0.463513
0.3917 0.46628
0.389353 0.472799
0.395097 0.472233
0.400388 0.46955
0.401182 0.474812
0.408341 0.472813
0.413217 0.469883
0.415449 0.475071
0.418066 0.480165
0.422535 0.476344
0.426934 0.473936
0.430842 0.467989
0.433454 0.473082
0.430407 0.479355
0.425545 0.483887
0.423285 0.489237
0.41858 0.485752
0.411038 0.483271
0.40543 0.479831
0.39953 0.482999
0.402585 0.487409
0.406319 0.491221
0.411274 0.492088
0.415605 0.489973
0.417886 0.495231
0.423797 0.496628
0.429024 0.500015
0.42972 0.492952
0.431812 0.487666
0.435285 0.483485
0.438535 0.478846
0.43946 0.472792
0.445261 0.474308
0.446698 0.467399
0.448229 0.460337
0.453612 0.459957
0.458023 0.455417
0.4618 0.460784
0.467024 0.464872
0.472598 0.465712
0.475466 0.471098
0.47078 0.473927
0.46608 0.474777
0.460078 0.473081
0.462429 0.468266
0.45547 0.466572
0.453287 0.474199
0.44758 0.479855
0.453819 0.481586
0.460075 0.479317
0.457988 0.486121
0.462068 0.48906
0.464747 0.483391
0.469295 0.481553
0.474762 0.483321
0.478428 0.47708
0.481208 0.47053
0.480456 0.463929
0.478668 0.457682
0.47255 0.458154
0.466134 0.455661
0.46285 0.450128
0.464978 0.444083
0.471205 0.443319
0.470778 0.450126
0.476258 0.449564
0.480524 0.445024
0.482686 0.453079
0.488407 0.449364
0.488533 0.443315
0.489152 0.435851
0.483299 0.436971
0.477454 0.438109
0.472612 0.436227
0.471045 0.429994
0.46756 0.425179
0.461736 0.429151
0.466838 0.435766
0.461383 0.436801
0.459301 0.441908
0.455797 0.446635
0.451989 0.451941
0.444591 0.453831
0.44712 0.4476
0.448057 0.441563
0.452413 0.438112
0.455248 0.43349
0.45408 0.42699
0.45929 0.421777
0.455025 0.41652
0.448856 0.42027
0.443363 0.418087
0.437795 0.41724
0.43225 0.420234
0.425588 0.424699
0.419115 0.421422
0.413284 0.422942
0.40862 0.426454
0.403454 0.431241
0.396463 0.428376
0.389622 0.429434
0.387039 0.435034
0.391858 0.43813
0.397709 0.43767
0.405089 0.439131
0.401181 0.446205
0.393315 0.446051
0.395848 0.452129
0.399791 0.456916
0.405185 0.454285
0.410021 0.450117
0.411563 0.444762
0.413987 0.438775
0.411458 0.432548
0.419346 0.429924
0.419974 0.436002
0.426934 0.435384
0.433612 0.436508
0.430929 0.428964
0.437369 0.430852
0.440425 0.425352
0.44763 0.428394
0.444676 0.43424
0.440492 0.439231
0.440264 0.44612
0.432435 0.443104
0.431628 0.449263
0.436326 0.453525
0.440512 0.459646
0.438711 0.466203
0.433787 0.461786
0.430063 0.459762
0.427352 0.454658
0.426004 0.4471
0.423387 0.441728
0.418062 0.445019
0.419745 0.450872
0.413149 0.456028
0.419621 0.457684
0.424584 0.461745
0.424584 0.46798
0.419005 0.46714
0.413703 0.463729
0.408374 0.461713
0.403969 0.464866
0.397967 0.464009
0.393796 0.459471
0.389356 0.455096
0.38309 0.456927
0.376638 0.457748
0.370564 0.461462
0.372022 0.467129
0.370304 0.473082
0.36764 0.478693
0.362216 0.480733
0.35846 0.486403
0.363257 0.49139
0.366388 0.485756
0.37033 0.490186
0.374739 0.494347
0.381706 0.495228
0.383612 0.489807
0.388937 0.489809
0.392838 0.495729
0.387966 0.499007
0.387038 0.505306
0.381787 0.503973
0.377519 0.500263
0.370377 0.499197
0.363505 0.498276
0.356994 0.501145
0.353444 0.507951
0.347599 0.50954
0.341592 0.509362
0.336929 0.505296
0.332682 0.508103
0.329558 0.50207
0.330132 0.495272
0.323295 0.497148
0.317952 0.49435
0.312299 0.49404
0.305837 0.493212
0.300178 0.493193
0.2969 0.488658
0.298636 0.483376
0.305034 0.485883
0.313145 0.486399
0.311293 0.47908
0.305144 0.476827
0.298246 0.477535
0.291224 0.479601
0.290808 0.472564
0.285384 0.476191
0.28125 0.472044
0.276351 0.470244
0.274288 0.47707
0.270086 0.472504
0.264348 0.470237
0.26014 0.474296
0.255741 0.478458
0.260166 0.482147
0.265759 0.478457
0.2714 0.481863
0.274528 0.487537
0.280793 0.486397
0.280091 0.480102
0.286359 0.485147
0.291487 0.486679
0.289883 0.492999
0.295636 0.496984
0.290527 0.50075
0.287059 0.505667
0.291485 0.509355
0.296898 0.50907
0.298657 0.50429
0.30213 0.500259
0.308351 0.5
0.308974 0.505672
0.311849 0.51106
0.305846 0.510594
0.300881 0.512761
0.303524 0.519159
0.307933 0.520418
0.312398 0.516525
0.3142 0.521546
0.311846 0.52692
0.306891 0.527207
0.302714 0.527211
0.297492 0.529478
0.296455 0.523811
0.297756 0.518428
0.292386 0.515118
0.284969 0.513152
0.278441 0.511619
0.278013 0.517886
0.283112 0.52117
0.289841 0.52016
0.287578 0.52551
0.291753 0.530051
0.286808 0.532032
0.286366 0.538297
0.28003 0.533815
0.280272 0.528057
0.276357 0.52466
0.271968 0.530234
0.267223 0.528338
0.262267 0.527496
0.260956 0.532878
0.259916 0.537417
0.26637 0.537724
0.272826 0.537318
0.277655 0.540821
0.278449 0.545922
0.284502 0.544599
0.286705 0.550264
0.286355 0.55644
0.290992 0.560468
0.28539 0.564395
0.280196 0.563166
0.278971 0.558393
0.280793 0.552154
0.274792 0.551019
0.270169 0.546172
0.26479 0.546615
0.259914 0.543078
0.254143 0.542802
0.251116 0.537767
0.253393 0.533158
0.253671 0.528625
0.257829 0.524289
0.257818 0.518146
0.264081 0.52042
0.271053 0.522172
0.270776 0.51587
0.272701 0.510202
0.26688 0.508569
0.264092 0.514252
0.259903 0.511342
0.258341 0.5068
0.254953 0.502839
0.249947 0.503016
0.246215 0.507557
0.238792 0.507096
0.240607 0.502274
0.237854 0.497406
0.243207 0.494333
0.245306 0.499357
0.250709 0.494908
0.257822 0.497085
0.26262 0.498873
0.265283 0.503237
0.270125 0.500761
0.275854 0.503509
0.281387 0.506806
0.282127 0.499793
0.283147 0.49348
0.278354 0.492438
0.274265 0.495743
0.267848 0.493189
0.267215 0.486395
0.26137 0.489111
0.257227 0.491255
0.253029 0.48753
0.248434 0.484127
0.251224 0.4796
0.245296 0.477778
0.238773 0.47562
0.237725 0.471092
0.236688 0.4657
0.235331 0.458929
0.241127 0.459177
0.242582 0.454194
0.242278 0.448604
0.239722 0.443564
0.235459 0.450106
0.231378 0.454395
0.228598 0.459826
0.230684 0.465989
0.224426 0.464359
0.217722 0.46486
0.219238 0.472566
0.224687 0.470238
0.230689 0.472781
0.225131 0.477074
0.220624 0.480671
0.226787 0.482995
0.223353 0.489244
0.228378 0.49016
0.232777 0.485746
0.232774 0.479595
0.23979 0.482066
0.245037 0.488944
0.239733 0.487913
0.236701 0.491209
0.231856 0.49494
0.226855 0.499072
0.232419 0.502467
0.232286 0.509549
0.23836 0.513339
0.234627 0.518595
0.241827 0.518389
0.24555 0.513311
0.252619 0.511792
0.251158 0.518146
0.251283 0.524289
0.245708 0.523802
0.238789 0.52511
0.242548 0.530622
0.245041 0.535959
0.246251 0.542763
0.248946 0.549093
0.253931 0.550168
0.259134 0.550448
0.254396 0.557083
0.257652 0.563932
0.263693 0.565975
0.263574 0.559523
0.262004 0.554418
0.268034 0.554681
0.272703 0.556982
0.270097 0.563215
0.274524 0.565198
0.277644 0.570312
0.269943 0.570977
0.261934 0.572601
0.267489 0.575675
0.267339 0.581026
0.270635 0.587085
0.275671 0.589876
0.276764 0.59724
0.282886 0.597486
0.282182 0.591201
0.288097 0.588442
0.292696 0.584132
0.29826 0.585343
0.30376 0.588433
0.310028 0.589569
0.311858 0.595523
0.305853 0.595235
0.29825 0.593171
0.291226 0.592983
0.288554 0.597488
0.293588 0.600059
0.299568 0.599776
0.305587 0.601757
0.307411 0.607147
0.303162 0.611111
0.299303 0.606312
0.293324 0.606576
0.287071 0.604327
0.281244 0.604134
0.286433 0.610832
0.291519 0.613645
0.297483 0.613368
0.293038 0.620127
0.298983 0.62051
0.297889 0.626836
0.303506 0.626693
0.307925 0.628687
0.302704 0.633342
0.307579 0.637414
0.312373 0.631812
0.318147 0.62949
0.322895 0.629997
0.323618 0.634341
0.329043 0.636809
0.335075 0.636049
0.332985 0.641725
0.333282 0.646757
0.326983 0.645407
0.323485 0.640846
0.318391 0.642846
0.31523 0.637175
0.31193 0.643803
0.316846 0.651064
0.320999 0.649907
0.325262 0.652246
0.324269 0.658567
0.330907 0.658704
0.33132 0.651934
0.337159 0.65598
0.343433 0.658069
0.341082 0.66355
0.335673 0.663262
0.329782 0.665108
0.334993 0.670097
0.341353 0.670063
0.341138 0.676982
0.347399 0.67504
0.348624 0.682428
0.353865 0.678494
0.35675 0.684237
0.353379 0.688629
0.358515 0.694164
0.363285 0.696057
0.368466 0.695001
0.374751 0.692736
0.374049 0.699285
0.36763 0.702342
0.373028 0.706776
0.378473 0.711187
0.378924 0.704069
0.381004 0.697276
0.386216 0.700109
0.38517 0.706349
0.385478 0.712488
0.383932 0.717236
0.389369 0.72196
0.394701 0.723852
0.400056 0.72194
0.404666 0.718703
0.40884 0.718825
0.412577 0.722502
0.417384 0.723822
0.421714 0.724471
0.426674 0.724199
0.429617 0.729022
0.434029 0.728571
0.437635 0.731575
0.437114 0.737809
0.43138 0.735545
0.425071 0.733311
0.420674 0.730648
0.417133 0.735153
0.4127 0.729426
0.406061 0.726745
0.399549 0.729155
0.405283 0.733327
0.409796 0.737146
0.414531 0.741739
0.420941 0.740633
0.42102 0.746182
0.425471 0.749865
0.426923 0.740809
0.432506 0.743138
0.432167 0.748292
0.431234 0.753919
0.436888 0.758227
0.442702 0.761628
0.448922 0.767294
0.45284 0.761903
0.454298 0.75547
0.448044 0.756962
0.443401 0.753215
0.437385 0.752342
0.439875 0.746478
0.441836 0.741977
0.443215 0.737188
0.446972 0.735372
0.443371 0.731006
0.442587 0.72449
0.437967 0.724483
0.432938 0.721933
0.426929 0.717682
0.42127 0.718005
0.417542 0.715427
0.412317 0.71542
0.413884 0.710316
0.421271 0.710878
0.426674 0.710594
0.431457 0.710877
0.433458 0.7157
0.438864 0.718006
0.442737 0.716066
0.446764 0.715412
0.450128 0.710133
0.454414 0.70786
0.460072 0.708332
0.463015 0.713146
0.460682 0.718065
0.456156 0.714284
0.451631 0.717309
0.448403 0.721244
0.447801 0.725625
0.44989 0.730649
0.452247 0.735254
0.457055 0.735182
0.462161 0.734695
0.459733 0.729028
0.454341 0.726476
0.456464 0.721578
0.463116 0.724233
0.466594 0.719306
0.468678 0.713149
0.473904 0.713152
0.478427 0.712774
0.478529 0.70764
0.484226 0.710372
0.485901 0.716557
0.48017 0.717683
0.483713 0.721318
0.483561 0.726469
0.488965 0.726751
0.487477 0.732907
0.483601 0.735184
0.480169 0.738088
0.474948 0.740363
0.474689 0.733839
0.47942 0.730313
0.475368 0.728112
0.477042 0.72335
0.474351 0.718659
0.471116 0.722599
0.47035 0.726748
0.467116 0.729874
0.46838 0.735181
0.469725 0.740355
0.464249 0.740638
0.45929 0.742623
0.454074 0.741002
0.447803 0.742625
0.44885 0.749424
0.454074 0.746515
0.458509 0.74971
0.46373 0.748017
0.468936 0.746879
0.474717 0.747914
0.479645 0.746306
0.483822 0.743194
0.489305 0.74065
0.488965 0.746194
0.489562 0.751046
0.484967 0.753285
0.478432 0.75371
0.471366 0.753636
0.466333 0.754244
0.460746 0.75645
0.461386 0.761905
0.46216 0.767287
0.455988 0.767977
0.459232 0.773731
0.465041 0.777308
0.470448 0.778829
0.477484 0.779125
0.474581 0.783996
0.482068 0.788877
0.484521 0.785067
0.48372 0.778674
0.489297 0.781467
0.492963 0.777775
0.497918 0.775992
0.503022 0.777401
0.506524 0.781463
0.508946 0.774386
0.514353 0.772392
0.519314 0.768414
0.514621 0.76644
0.508602 0.767287
0.504175 0.770485
0.497921 0.770483
0.5 0.765299
0.493971 0.766054
0.490247 0.772353
0.487206 0.767291
0.48017 0.765763
0.483035 0.772386
0.478079 0.772101
0.473126 0.772381
0.466856 0.770962
0.471689 0.766823
0.468472 0.761232
0.47495 0.760313
0.481214 0.759152
0.485979 0.761096
0.491184 0.76001
0.494 0.754245
0.498178 0.758783
0.503284 0.761418
0.508349 0.760771
0.514609 0.760771
0.520877 0.760774
0.52714 0.761529
0.531911 0.760451
0.535264 0.76556
0.542582 0.76666
0.548537 0.768421
0.551499 0.764182
0.555661 0.764056
0.560804 0.76559
0.562929 0.770489
0.557411 0.772115
0.553238 0.77438
0.549061 0.775507
0.544534 0.775648
0.539658 0.772679
0.535072 0.773687
0.529492 0.77012
0.524787 0.767288
0.522541 0.774381
0.528929 0.775996
0.530895 0.781188
0.537574 0.781184
0.542648 0.78279
0.547756 0.783163
0.549876 0.788227
0.55617 0.791669
0.550104 0.794128
0.546969 0.7993
0.542008 0.799038
0.538613 0.803574
0.533667 0.806391
0.530856 0.801825
0.523739 0.804075
0.52535 0.798672
0.523996 0.792508
0.529823 0.794781
0.536248 0.795809
0.544107 0.792794
0.539862 0.788659
0.533403 0.788427
0.527369 0.78721
0.52088 0.787329
0.522964 0.781187
0.517894 0.779561
0.512787 0.779195
0.514089 0.78486
0.510177 0.788265
0.503431 0.788175
0.498623 0.783194
0.495373 0.787728
0.489816 0.788267
0.490436 0.793635
0.496257 0.795673
0.502107 0.794769
0.503069 0.801274
0.507158 0.796393
0.511038 0.794469
0.516478 0.791754
0.518555 0.797302
0.516399 0.80221
0.510575 0.803094
0.516656 0.808261
0.523165 0.810777
0.528576 0.811416
0.533414 0.813398
0.538677 0.810631
0.544705 0.806871
0.551253 0.804881
0.552462 0.79956
0.558118 0.799999
0.562517 0.795624
0.56769 0.793877
0.571464 0.790929
0.577756 0.789428
0.574101 0.785691
0.577506 0.780892
0.576202 0.774379
0.570565 0.778919
0.567734 0.784696
0.562897 0.788265
0.559143 0.78446
0.553384 0.781837
0.557411 0.778904
0.56304 0.777777
0.5686 0.773722
0.568897 0.768704
0.56837 0.763884
0.565614 0.760117
0.559858 0.758246
0.56237 0.751417
0.566803 0.754614
0.571672 0.752704
0.576983 0.751417
0.5791 0.756488
0.57411 0.760764
0.575157 0.767576
0.581612 0.770672
0.587422 0.772392
0.585935 0.778149
0.582113 0.78003
0.583945 0.785755
0.589607 0.781862
0.593395 0.777369
0.598958 0.77504
0.595114 0.770497
0.591517 0.767952
0.587086 0.765313
0.581841 0.76281
0.585823 0.755732
0.589996 0.760008
0.594203 0.755953
0.593687 0.749143
0.598642 0.751129
0.60289 0.749101
0.60814 0.75193
0.608815 0.758205
0.604381 0.761412
0.600908 0.757235
0.596029 0.763046
0.601446 0.766892
0.604928 0.772236
0.609496 0.766779
0.615685 0.763783
0.614307 0.757362
0.620158 0.759045
0.624545 0.758695
0.629865 0.754108
0.636355 0.749895
0.630132 0.747417
0.631266 0.740074
0.635934 0.742362
0.641259 0.745337
0.645663 0.742671
0.650995 0.73947
0.656479 0.734402
0.651357 0.733556
0.646398 0.734691
0.640919 0.738098
0.637526 0.733286
0.63152 0.734696
0.630921 0.729997
0.631524 0.72449
0.637789 0.726752
0.643583 0.729779
0.648447 0.725991
0.654761 0.727877
0.661158 0.729785
0.662581 0.724206
0.668285 0.724284
0.67171 0.719548
0.676856 0.717079
0.676275 0.711625
0.683456 0.712102
0.688004 0.707847
0.687886 0.701795
0.693554 0.702557
0.697157 0.697391
0.701391 0.693256
0.69605 0.68902
0.689987 0.688209
0.689974 0.695014
0.682946 0.695216
0.681886 0.701531
0.679317 0.706574
0.675373 0.701054
0.669092 0.701809
0.662837 0.700672
0.658139 0.703514
0.653092 0.706847
0.654741 0.712862
0.660485 0.713441
0.662603 0.708358
0.670148 0.708169
0.667498 0.714163
0.662821 0.718821
0.657177 0.719634
0.653003 0.722219
0.650307 0.717684
0.648222 0.712506
0.643782 0.715704
0.643782 0.721929
0.638059 0.720232
0.632568 0.717687
0.637199 0.714124
0.635696 0.709264
0.633612 0.703434
0.629436 0.706994
0.629175 0.712868
0.623173 0.709745
0.623173 0.714774
0.617504 0.713149
0.612476 0.710594
0.610386 0.704365
0.617164 0.706065
0.623173 0.704732
0.627346 0.701168
0.620826 0.699267
0.615076 0.699843
0.612729 0.694361
0.608556 0.697932
0.605306 0.693505
0.600206 0.692186
0.596033 0.69048
0.59335 0.685938
0.588147 0.685183
0.585334 0.679422
0.590118 0.676493
0.593251 0.678763
0.597601 0.678009
0.59979 0.672343
0.597657 0.666289
0.602818 0.663832
0.606128 0.668178
0.60882 0.662986
0.614036 0.661571
0.616907 0.666183
0.621684 0.665213
0.621785 0.658989
0.615866 0.655612
0.619227 0.651173
0.62387 0.650032
0.627349 0.652686
0.633609 0.65355
0.63946 0.650794
0.642559 0.65647
0.647175 0.660995
0.643006 0.665536
0.639529 0.661381
0.635696 0.658727
0.629694 0.658447
0.62666 0.662891
0.627612 0.668083
0.633342 0.665261
0.637785 0.669626
0.631781 0.672618
0.631255 0.678852
0.637785 0.677328
0.634205 0.68368
0.630058 0.687983
0.625 0.685658
0.625268 0.680272
0.625524 0.674886
0.620822 0.672055
0.614522 0.670718
0.609952 0.67121
0.606129 0.674231
0.60412 0.679422
0.599165 0.683668
0.604645 0.686221
0.610341 0.688856
0.612209 0.683671
0.610049 0.679135
0.614819 0.676225
0.619459 0.679893
0.61795 0.686391
0.617507 0.69242
0.622912 0.69246
0.627605 0.69529
0.632911 0.696017
0.637787 0.697931
0.63928 0.704078
0.641966 0.709263
0.646138 0.706349
0.648823 0.701811
0.643787 0.699263
0.641959 0.693389
0.63674 0.690476
0.640817 0.685112
0.646135 0.689826
0.648521 0.685296
0.654229 0.683965
0.65684 0.678855
0.663031 0.676037
0.668906 0.676041
0.673278 0.671681
0.675629 0.677152
0.674949 0.683448
0.669307 0.686183
0.663981 0.683687
0.659448 0.687363
0.653449 0.690476
0.649269 0.695017
0.653894 0.69955
0.657172 0.695015
0.66258 0.692465
0.667243 0.694758
0.673013 0.695287
0.673974 0.690104
0.678346 0.691126
0.683331 0.687598
0.680589 0.680268
0.685996 0.679967
0.691813 0.681688
0.69809 0.680646
0.693865 0.67655
0.691806 0.672052
0.685607 0.671502
0.679732 0.670885
0.673973 0.665792
0.671415 0.660751
0.676062 0.656208
0.679959 0.662145
0.685102 0.662024
0.690164 0.66472
0.695823 0.664403
0.702245 0.662979
0.704825 0.668566
0.69858 0.670368
0.701596 0.674931
0.704854 0.679422
0.703108 0.685494
0.706648 0.690257
0.711606 0.685333
0.710835 0.679121
0.717536 0.678969
0.716839 0.672614
0.709791 0.672795
0.711682 0.666437
0.716854 0.662981
0.723395 0.660992
0.720599 0.667535
0.723815 0.67277
0.727917 0.667348
0.730128 0.662726
0.735288 0.65958
0.729899 0.656754
0.724421 0.653744
0.723374 0.647401
0.717111 0.64966
0.718609 0.656463
0.713204 0.656179
0.708971 0.660315
0.704322 0.656187
0.69833 0.656919
0.692067 0.656471
0.685801 0.655106
0.680301 0.650897
0.685539 0.647677
0.688413 0.642301
0.683972 0.639475
0.679547 0.642305
0.675372 0.644166
0.673541 0.649383
0.66936 0.654484
0.665824 0.651281
0.665353 0.645359
0.670663 0.642014
0.665677 0.638125
0.664924 0.631531
0.67118 0.630405
0.674948 0.636057
0.68189 0.634078
0.677189 0.629545
0.680376 0.624945
0.685804 0.628121
0.689598 0.63277
0.693111 0.638325
0.696502 0.633511
0.702314 0.635243
0.706916 0.630778
0.711314 0.627743
0.713642 0.623962
0.718281 0.62472
0.72286 0.627835
0.722642 0.63358
0.715019 0.634248
0.7096 0.637649
0.704596 0.642863
0.698559 0.642109
0.693896 0.645415
0.692758 0.650419
0.700412 0.649663
0.706081 0.649342
0.710595 0.650794
0.711377 0.644005
0.716878 0.64263
0.721305 0.639864
0.727565 0.640141
0.734074 0.638607
0.730686 0.633348
0.731487 0.627494
0.727554 0.62407
0.731959 0.61942
0.726514 0.617352
0.721563 0.619903
0.713986 0.616796
0.720161 0.612563
0.727326 0.610878
0.731726 0.608255
0.738745 0.608652
0.736949 0.61679
0.742921 0.614428
0.748672 0.617166
0.755745 0.617919
0.754447 0.623591
0.749479 0.626093
0.744256 0.622458
0.73799 0.62472
0.744031 0.630022
0.737724 0.631257
0.740345 0.636342
0.740081 0.64286
0.734514 0.645131
0.729407 0.648152
0.734402 0.651942
0.739581 0.65501
0.741499 0.650028
0.746028 0.64571
0.75129 0.640837
0.746342 0.637202
0.752438 0.632847
0.758375 0.633866
0.759694 0.626916
0.763852 0.622158
0.768872 0.617296
0.774099 0.609781
0.771991 0.602947
0.767838 0.598205
0.76191 0.594429
0.7547 0.593425
0.747096 0.590915
0.746843 0.596666
0.750937 0.600928
0.757259 0.600546
0.762634 0.603199
0.767439 0.608103
0.76398 0.612376
0.759651 0.613956
0.75617 0.607281
0.752358 0.611409
0.7471 0.607639
0.742574 0.602047
0.735908 0.602047
0.739035 0.596377
0.739818 0.590991
0.741264 0.585854
0.747033 0.583407
0.7528 0.585358
0.758867 0.586626
0.764719 0.587323
0.770447 0.591129
0.778084 0.588451
0.775574 0.595238
0.779077 0.601605
0.783221 0.594619
0.788747 0.588906
0.783687 0.584664
0.787858 0.581144
0.793549 0.578934
0.798624 0.571738
0.793015 0.56908
0.789651 0.56297
0.796454 0.562372
0.803032 0.562878
0.800105 0.555389
0.794162 0.553
0.78852 0.553311
0.784338 0.558964
0.777155 0.558221
0.770104 0.555839
0.771775 0.563931
0.776632 0.568442
0.782906 0.566556
0.787045 0.573689
0.780334 0.575467
0.777687 0.581657
0.770634 0.58371
0.77254 0.576683
0.768679 0.571899
0.76471 0.578247
0.758685 0.57863
0.75358 0.574155
0.74739 0.577564
0.74027 0.577951
0.735214 0.581905
0.732368 0.586636
0.732777 0.592517
0.730022 0.598553
0.72452 0.60102
0.72199 0.606336
0.715548 0.606874
0.711087 0.608095
0.70694 0.603185
0.704562 0.598665
0.702289 0.593449
0.695825 0.597522
0.69165 0.60319
0.697275 0.605462
0.702966 0.607843
0.70709 0.613392
0.707303 0.620863
0.702086 0.625849
0.696237 0.626981
0.690168 0.623276
0.695976 0.620467
0.701576 0.617415
0.697274 0.612936
0.69067 0.615909
0.684132 0.619052
0.678756 0.617081
0.681217 0.611125
0.688521 0.61066
0.685181 0.604764
0.68351 0.599174
0.678206 0.595043
0.676759 0.603179
0.673699 0.608846
0.67328 0.615658
0.673275 0.622449
0.668207 0.62408
0.662839 0.62472
0.659015 0.627366
0.657509 0.632284
0.657619 0.638326
0.6575 0.644368
0.650308 0.64286
0.652662 0.649376
0.659862 0.649342
0.65762 0.654195
0.662632 0.657831
0.664229 0.663024
0.667272 0.66808
0.660129 0.668484
0.656315 0.672613
0.651093 0.675162
0.648222 0.679785
0.643353 0.677879
0.645299 0.671203
0.650949 0.667131
0.65589 0.663018
0.653184 0.657886
0.648481 0.654482
0.645898 0.648909
0.641966 0.644478
0.644309 0.639454
0.650544 0.635812
0.646134 0.633148
0.646131 0.627635
0.649256 0.622449
0.652628 0.627749
0.656924 0.622071
0.655002 0.61792
0.650687 0.613802
0.653528 0.607404
0.647173 0.605454
0.650571 0.599499
0.656835 0.601763
0.662576 0.601762
0.661014 0.608568
0.658667 0.613382
0.66362 0.619614
0.666088 0.615395
0.66731 0.610462
0.667701 0.604563
0.670941 0.598779
0.668625 0.593737
0.663099 0.59553
0.655876 0.594676
0.652398 0.58799
0.658039 0.585269
0.661786 0.589858
0.667273 0.586455
0.67327 0.588898
0.679541 0.588438
0.685572 0.589947
0.689346 0.594562
0.695541 0.590954
0.700414 0.586823
0.704203 0.582058
0.705626 0.57484
0.702499 0.568045
0.708933 0.567302
0.713125 0.574027
0.720253 0.572573
0.719619 0.579154
0.718597 0.585203
0.712242 0.581848
0.708548 0.587537
0.710441 0.592979
0.712681 0.600069
0.717886 0.598146
0.71711 0.590719
0.723615 0.59323
0.72524 0.5882
0.725207 0.581925
0.728406 0.577572
0.733814 0.574848
0.72798 0.570308
0.734567 0.566819
0.740589 0.569194
0.745887 0.571071
0.749587 0.56619
0.754489 0.561932
0.758711 0.56841
0.764778 0.567114
0.762297 0.559454
0.764087 0.551056
0.773072 0.548249
0.780721 0.551769
0.785613 0.546617
0.781832 0.542166
0.776166 0.539383
0.76889 0.539804
0.763642 0.534857
0.756116 0.536184
0.749073 0.534209
0.741865 0.53488
0.736707 0.530556
0.728524 0.532598
0.720466 0.534961
0.717802 0.542532
0.715713 0.550473
0.718825 0.557114
0.72471 0.555272
0.723379 0.547254
0.727389 0.541596
0.73466 0.541128
0.730918 0.550783
0.737988 0.550621
0.745031 0.550113
0.743219 0.543093
0.751081 0.54463
0.760821 0.54402
0.756416 0.550954
0.752267 0.55558
0.745555 0.557763
0.740255 0.56068
0.733118 0.558408
0.72794 0.563101
0.720808 0.565262
0.714062 0.562827
0.709231 0.557236
0.707997 0.549685
0.709388 0.543543
0.711892 0.538103
0.7116 0.531969
0.704582 0.535168
0.697266 0.53404
0.689963 0.532913
0.684397 0.534304
0.680368 0.531542
0.683381 0.523918
0.676165 0.521292
0.669414 0.523918
0.66804 0.515885
0.668378 0.508344
0.675521 0.512698
0.682413 0.515391
0.688904 0.512031
0.693576 0.504102
0.686522 0.502449
0.679651 0.506217
0.677911 0.498648
0.670787 0.499921
0.664137 0.495702
0.66186 0.502645
0.658276 0.508471
0.654495 0.514764
0.660925 0.515084
0.660709 0.522335
0.656155 0.528365
0.650767 0.530253
0.645432 0.52823
0.639493 0.527639
0.634229 0.521999
0.638394 0.517248
0.643347 0.520919
0.651108 0.521819
0.647689 0.514563
0.641499 0.51111
0.645432 0.506268
0.652553 0.505147
0.648602 0.498382
0.655518 0.496629
0.651105 0.489552
0.64441 0.491562
0.641138 0.499857
0.637014 0.493006
0.637071 0.486224
0.632448 0.481062
0.627823 0.485879
0.621072 0.484142
0.621063 0.490939
0.628897 0.493992
0.632893 0.499016
0.634924 0.504765
0.63455 0.511364
0.629196 0.515379
0.625484 0.518651
0.619685 0.52167
0.618294 0.515375
0.612345 0.517735
0.608169 0.511767
0.603328 0.516336
0.605128 0.522474
0.611258 0.525417
0.615606 0.52808
0.621308 0.527983
0.626921 0.525644
0.631277 0.528748
0.635458 0.533281
0.641254 0.536114
0.647958 0.53601
0.653229 0.538342
0.659601 0.535472
0.662819 0.528746
0.667522 0.533096
0.674652 0.529247
0.674308 0.535154
0.674733 0.540842
0.680479 0.542765
0.684753 0.548775
0.687885 0.541285
0.694899 0.54062
0.701973 0.543099
0.697909 0.548766
0.692269 0.548091
0.689259 0.554184
0.693909 0.557208
0.701785 0.554252
0.702085 0.561016
0.696232 0.563513
0.689547 0.563741
0.684467 0.560003
0.680278 0.566267
0.674318 0.566912
0.669879 0.566626
0.664658 0.565489
0.657955 0.565202
0.649255 0.563501
0.647908 0.56966
0.654226 0.570587
0.66004 0.572575
0.66675 0.572282
0.67145 0.575123
0.677445 0.574389
0.683455 0.575113
0.687473 0.570304
0.694901 0.570097
0.698518 0.576298
0.691008 0.577107
0.695972 0.583629
0.690165 0.584748
0.683716 0.582116
0.677441 0.581642
0.67145 0.581358
0.665175 0.581084
0.661429 0.57812
0.654491 0.578921
0.648909 0.575085
0.64779 0.581403
0.641725 0.583152
0.645419 0.588194
0.647691 0.593545
0.643004 0.597966
0.64197 0.603177
0.64011 0.608594
0.643352 0.613132
0.645237 0.618244
0.641336 0.623135
0.637787 0.616785
0.63301 0.618232
0.626657 0.617666
0.627648 0.623099
0.632561 0.624723
0.637193 0.626991
0.640132 0.631818
0.63857 0.637472
0.635697 0.642103
0.633344 0.647674
0.628394 0.644839
0.621712 0.643537
0.616647 0.640304
0.612732 0.635413
0.618735 0.633504
0.623435 0.637196
0.629436 0.638322
0.633379 0.632284
0.627611 0.63181
0.624563 0.628501
0.618735 0.627267
0.621682 0.622449
0.61873 0.617635
0.613893 0.613885
0.609249 0.618168
0.606848 0.612143
0.600209 0.614995
0.602558 0.620465
0.608294 0.624437
0.614221 0.622445
0.61273 0.629254
0.606658 0.632972
0.599281 0.631267
0.602889 0.626984
0.597769 0.625095
0.595401 0.619507
0.591855 0.61565
0.587418 0.614801
0.585328 0.609125
0.580025 0.611609
0.581412 0.617914
0.587421 0.622162
0.591861 0.625365
0.59156 0.630871
0.586291 0.628874
0.584095 0.632816
0.584994 0.638004
0.589419 0.639081
0.592902 0.636054
0.597525 0.636054
0.600992 0.640023
0.605432 0.640585
0.610228 0.64172
0.61412 0.647142
0.610644 0.651927
0.608294 0.656742
0.60334 0.656462
0.601103 0.651604
0.605217 0.647623
0.597888 0.646646
0.59371 0.643872
0.587683 0.645125
0.58142 0.645133
0.583801 0.651283
0.589509 0.651644
0.593943 0.653632
0.598121 0.658276
0.592116 0.661284
0.58742 0.658442
0.585593 0.66553
0.59205 0.668629
0.587083 0.672339
0.582462 0.672332
0.577503 0.672049
0.573064 0.675738
0.569586 0.671077
0.567404 0.665217
0.563223 0.667801
0.559153 0.66302
0.555767 0.667804
0.558715 0.672618
0.55254 0.674225
0.549408 0.670068
0.544885 0.6678
0.540262 0.665857
0.535749 0.663551
0.530789 0.661569
0.524751 0.66262
0.526618 0.667234
0.53027 0.6712
0.53489 0.670068
0.540362 0.672588
0.542052 0.677519
0.547752 0.677149
0.548017 0.683668
0.541751 0.683668
0.541751 0.68983
0.545576 0.694636
0.548278 0.690195
0.55428 0.692096
0.558455 0.696631
0.560838 0.691122
0.558803 0.686697
0.554019 0.685669
0.554542 0.679423
0.559944 0.679138
0.564122 0.674603
0.568195 0.679391
0.563221 0.683673
0.568198 0.685941
0.569589 0.690854
0.569933 0.697279
0.565066 0.6935
0.56315 0.699547
0.564194 0.704084
0.569937 0.706349
0.572543 0.702385
0.575846 0.708871
0.580372 0.703799
0.585335 0.706632
0.590823 0.711335
0.58977 0.717687
0.583762 0.717973
0.58225 0.712017
0.576979 0.715705
0.57124 0.715706
0.567502 0.710632
0.56367 0.715877
0.560309 0.710123
0.55696 0.705384
0.554277 0.701821
0.551595 0.697279
0.547716 0.700848
0.541751 0.697922
0.541336 0.702721
0.544434 0.706356
0.549874 0.707854
0.55428 0.711528
0.55532 0.717689
0.559149 0.723233
0.564301 0.722908
0.569126 0.724243
0.573662 0.721895
0.579135 0.723666
0.585588 0.724495
0.591167 0.725499
0.596293 0.727034
0.596294 0.73328
0.603965 0.735835
0.601998 0.730645
0.60271 0.724257
0.602293 0.718337
0.595832 0.719501
0.598121 0.713152
0.597604 0.707194
0.593252 0.704082
0.587914 0.701071
0.583238 0.697001
0.577501 0.69842
0.575153 0.693879
0.575153 0.689346
0.574891 0.683956
0.578629 0.678888
0.58141 0.684319
0.581155 0.690203
0.585943 0.691237
0.590292 0.693594
0.594642 0.697536
0.60083 0.700237
0.604375 0.704088
0.606165 0.70894
0.604036 0.712774
0.608557 0.717247
0.614219 0.71769
0.619222 0.720715
0.626305 0.719949
0.624086 0.725242
0.623764 0.730323
0.625259 0.735828
0.625516 0.742341
0.621598 0.745741
0.623166 0.751693
0.617168 0.75198
0.614041 0.747735
0.616562 0.742252
0.61959 0.738099
0.617133 0.73331
0.616388 0.727608
0.612212 0.723635
0.608136 0.727888
0.610907 0.733851
0.611337 0.739854
0.608556 0.745548
0.604124 0.742339
0.599161 0.741489
0.594241 0.743276
0.592637 0.738663
0.59003 0.733851
0.58533 0.731016
0.57933 0.731756
0.573762 0.730032
0.568631 0.73157
0.562633 0.731287
0.562891 0.737812
0.568887 0.738098
0.575157 0.738095
0.58246 0.738097
0.586726 0.742635
0.587676 0.749433
0.582463 0.749425
0.579071 0.744614
0.573324 0.744612
0.568196 0.746147
0.561872 0.745097
0.557859 0.740363
0.552453 0.740646
0.553583 0.746647
0.556594 0.752457
0.551568 0.756001
0.547415 0.760764
0.541056 0.76052
0.535788 0.757203
0.531055 0.753685
0.531576 0.747449
0.528184 0.742172
0.527736 0.737123
0.525052 0.731293
0.519021 0.732044
0.521341 0.73886
0.519619 0.745117
0.525052 0.747813
0.525047 0.753973
0.519049 0.754259
0.515538 0.748923
0.512263 0.754257
0.506261 0.753968
0.500266 0.75283
0.495822 0.747163
0.495822 0.741007
0.492244 0.735821
0.494333 0.729997
0.497564 0.733938
0.500348 0.737717
0.506263 0.739711
0.502088 0.743274
0.503917 0.747732
0.509838 0.747169
0.511631 0.742301
0.515656 0.738099
0.511932 0.735506
0.506523 0.733842
0.502088 0.730644
0.504521 0.723732
0.500833 0.72494
0.496087 0.724774
0.491116 0.721657
0.491382 0.715707
0.497916 0.717238
0.503132 0.717687
0.507655 0.718065
0.508603 0.712861
0.502355 0.711158
0.497918 0.707967
0.493268 0.710373
0.488866 0.706097
0.485117 0.701533
0.485383 0.696147
0.485386 0.690473
0.490161 0.692737
0.495559 0.695291
0.491049 0.699543
0.496085 0.702096
0.501254 0.703633
0.505661 0.704078
0.509042 0.707108
0.514614 0.704082
0.514357 0.710594
0.51902 0.713903
0.515127 0.717966
0.511035 0.722222
0.508612 0.727891
0.514015 0.729022
0.516962 0.724206
0.522964 0.72449
0.523491 0.718253
0.526625 0.71372
0.524704 0.708995
0.520093 0.705775
0.523658 0.702196
0.521476 0.698245
0.524789 0.692464
0.529485 0.6953
0.529224 0.70068
0.529224 0.705212
0.531312 0.709749
0.533698 0.713799
0.533403 0.719307
0.528706 0.721655
0.531081 0.727007
0.531312 0.732907
0.535232 0.737811
0.536684 0.743278
0.538205 0.74898
0.540261 0.753962
0.545143 0.753394
0.548612 0.749433
0.545926 0.744892
0.541232 0.741213
0.545923 0.738744
0.550104 0.735187
0.556667 0.734211
0.554876 0.729997
0.55402 0.724781
0.548277 0.729304
0.543144 0.732557
0.537788 0.731749
0.536882 0.725246
0.539666 0.721574
0.543841 0.72449
0.548275 0.721936
0.548712 0.715677
0.544189 0.712774
0.539902 0.715931
0.539666 0.709258
0.535491 0.705708
0.53523 0.69983
0.537922 0.694635
0.534293 0.691777
0.535491 0.687081
0.535752 0.681689
0.53392 0.676298
0.528957 0.679415
0.530118 0.686601
0.525052 0.685486
0.518787 0.688209
0.518193 0.693716
0.514353 0.697562
0.508604 0.699255
0.502348 0.697561
0.500351 0.692363
0.507158 0.693392
0.510438 0.690476
0.513222 0.687453
0.512263 0.681683
0.507657 0.68254
0.504473 0.687241
0.5 0.685293
0.495819 0.688857
0.492539 0.685625
0.488965 0.68335
0.483895 0.683677
0.486437 0.678381
0.489823 0.67432
0.491051 0.669094
0.488309 0.665079
0.492691 0.663273
0.497015 0.664246
0.499759 0.67082
0.495472 0.673087
0.494333 0.679138
0.498956 0.679138
0.503394 0.678576
0.507757 0.675581
0.506263 0.670716
0.502982 0.665857
0.50383 0.66063
0.499405 0.658405
0.493734 0.657595
0.487736 0.658446
0.483643 0.653818
0.482037 0.650115
0.488518 0.651935
0.492691 0.651931
0.497219 0.652688
0.500352 0.649281
0.504175 0.653547
0.508351 0.657104
0.508696 0.66289
0.510786 0.667423
0.513123 0.671359
0.515654 0.676876
0.519482 0.681658
0.522965 0.676871
0.525052 0.672336
0.518789 0.671684
0.519046 0.665823
0.514383 0.661763
0.519829 0.65873
0.520877 0.653061
0.525571 0.655896
0.52957 0.65344
0.533996 0.656463
0.539147 0.657027
0.54426 0.659863
0.550521 0.663272
0.553981 0.657758
0.54958 0.655622
0.545926 0.651927
0.541751 0.650228
0.536882 0.6484
0.531609 0.649011
0.531318 0.642855
0.526096 0.646267
0.521469 0.647396
0.515807 0.649012
0.514611 0.654845
0.510433 0.650792
0.505665 0.647399
0.508947 0.642857
0.513563 0.638319
0.514909 0.643509
0.520576 0.642213
0.526096 0.638316
0.519829 0.636049
0.515304 0.631778
0.512523 0.626335
0.506261 0.624719
0.508351 0.630386
0.508699 0.635299
0.505219 0.638322
0.50174 0.642479
0.497318 0.645118
0.491877 0.643866
0.487818 0.645121
0.483034 0.645403
0.477633 0.645128
0.474942 0.640596
0.47018 0.638325
0.473899 0.634919
0.476439 0.630547
0.481908 0.634033
0.481798 0.639617
0.487706 0.63681
0.492691 0.636051
0.496417 0.638649
0.501487 0.635728
0.501826 0.629528
0.496517 0.630521
0.491415 0.628494
0.485979 0.629248
0.480167 0.62774
0.479645 0.623299
0.483299 0.619534
0.48747 0.623586
0.489296 0.617637
0.493968 0.621701
0.5 0.623583
0.499994 0.61856
0.506261 0.617911
0.511928 0.620508
0.516351 0.618295
0.518782 0.622076
0.519829 0.626984
0.52356 0.631522
0.528924 0.628609
0.53012 0.633136
0.533403 0.636054
0.537342 0.639833
0.542015 0.64314
0.548017 0.645125
0.553232 0.649377
0.558452 0.650796
0.558716 0.656179
0.563674 0.657596
0.569268 0.658319
0.573487 0.664396
0.579027 0.666179
0.579847 0.660995
0.582016 0.656463
0.578138 0.652578
0.573533 0.654447
0.573584 0.647958
0.575415 0.642574
0.579926 0.638322
0.576458 0.634361
0.571675 0.635301
0.568627 0.638603
0.568372 0.644558
0.565857 0.650493
0.560275 0.645407
0.55428 0.642849
0.556622 0.637188
0.562891 0.640306
0.56263 0.634926
0.565503 0.630956
0.567966 0.625472
0.572806 0.628972
0.578982 0.628875
0.581674 0.624431
0.574738 0.622447
0.574895 0.61593
0.569937 0.617914
0.565314 0.61791
0.562627 0.622449
0.559492 0.626227
0.558446 0.63088
0.552494 0.630883
0.550406 0.634763
0.547322 0.638572
0.542218 0.634798
0.54453 0.629002
0.537926 0.631146
0.53572 0.626734
0.537576 0.620941
0.543839 0.622
0.549406 0.617669
0.549843 0.625
0.555169 0.623751
0.555169 0.618886
0.558449 0.615643
0.562283 0.613005
0.5675 0.610107
0.572283 0.6097
0.576054 0.606573
0.578909 0.602714
0.582462 0.598264
0.585595 0.602041
0.589996 0.605062
0.593593 0.608852
0.59752 0.610146
0.602818 0.607993
0.602032 0.602325
0.596028 0.602044
0.598379 0.595524
0.591216 0.596838
0.587086 0.592971
0.582463 0.592971
0.583271 0.58668
0.590031 0.588155
0.595765 0.590421
0.596292 0.584191
0.602062 0.585418
0.604152 0.590955
0.60531 0.596759
0.607862 0.601292
0.61088 0.605068
0.615861 0.606863
0.619594 0.611111
0.624066 0.611769
0.628394 0.609988
0.633604 0.611111
0.633605 0.60496
0.636393 0.601288
0.634648 0.595697
0.639869 0.591837
0.635435 0.588155
0.629434 0.590706
0.626092 0.59638
0.629168 0.601762
0.623427 0.604594
0.620299 0.600354
0.615414 0.599777
0.612728 0.595242
0.611164 0.590703
0.618759 0.592723
0.623173 0.590055
0.623168 0.583909
0.620822 0.577377
0.623426 0.572278
0.616905 0.570301
0.61148 0.565992
0.60809 0.571056
0.610651 0.575806
0.615076 0.577379
0.617602 0.583149
0.614555 0.585596
0.608816 0.585034
0.606213 0.579649
0.59997 0.577855
0.601869 0.571886
0.603327 0.565313
0.605418 0.558961
0.612267 0.558206
0.617143 0.562747
0.622473 0.564522
0.627763 0.566903
0.63402 0.565776
0.634999 0.572063
0.62973 0.574185
0.627873 0.578802
0.629696 0.584192
0.635395 0.582282
0.636884 0.577745
0.641954 0.574836
0.641363 0.569001
0.642219 0.563784
0.638306 0.559818
0.633599 0.557838
0.6285 0.553674
0.626644 0.55921
0.620553 0.555386
0.615053 0.551913
0.610642 0.548084
0.606208 0.552447
0.604381 0.545355
0.598371 0.545649
0.595431 0.54082
0.599608 0.537255
0.604642 0.538836
0.609456 0.540175
0.61519 0.541236
0.619944 0.547207
0.624207 0.542633
0.628382 0.548086
0.635461 0.549157
0.640905 0.552166
0.644304 0.556983
0.650508 0.55625
0.656384 0.557518
0.656833 0.550188
0.663416 0.551035
0.66283 0.55896
0.669098 0.557839
0.6751 0.559253
0.680154 0.555122
0.675979 0.551044
0.67076 0.548996
0.669329 0.542849
0.664496 0.54152
0.658661 0.543087
0.652657 0.545076
0.648211 0.54969
0.646135 0.543097
0.640066 0.54393
0.632903 0.541962
0.629686 0.536574
0.624832 0.534724
0.619229 0.535541
0.612309 0.534025
0.606469 0.530053
0.602031 0.532041
0.594697 0.532789
0.598317 0.526314
0.59553 0.520944
0.595766 0.513892
0.599571 0.509757
0.604606 0.505304
0.600424 0.501284
0.596283 0.498879
0.593239 0.504032
0.59017 0.509076
0.589759 0.515879
0.583496 0.513611
0.582105 0.519912
0.586972 0.522688
0.589126 0.527675
0.58837 0.534019
0.588719 0.540816
0.591855 0.546493
0.586988 0.548888
0.594463 0.552726
0.600199 0.552615
0.59707 0.5601
0.595819 0.567578
0.590032 0.568314
0.5875 0.563306
0.589768 0.556243
0.583736 0.557454
0.578912 0.560552
0.573064 0.55896
0.567065 0.558679
0.563315 0.563751
0.557517 0.561734
0.552815 0.556008
0.55602 0.551781
0.559498 0.547626
0.560958 0.555554
0.566801 0.552157
0.573069 0.552163
0.579028 0.552804
0.581151 0.549038
0.580992 0.543081
0.58246 0.536741
0.581674 0.529778
0.578731 0.524951
0.574558 0.527538
0.569122 0.527985
0.566502 0.522361
0.570978 0.520412
0.575498 0.519657
0.576538 0.514119
0.570782 0.512172
0.565178 0.511593
0.561056 0.51446
0.562358 0.520125
0.556628 0.520692
0.552971 0.518141
0.54741 0.521379
0.548605 0.525918
0.550097 0.529865
0.55358 0.533762
0.556365 0.527219
0.562366 0.527498
0.560536 0.533367
0.565412 0.535278
0.570087 0.535633
0.57593 0.533451
0.574454 0.539051
0.573482 0.545359
0.566993 0.544533
0.561842 0.541952
0.557292 0.539052
0.551493 0.541066
0.551923 0.547342
0.546182 0.545641
0.546965 0.551016
0.545621 0.555067
0.540082 0.560098
0.545326 0.560902
0.549872 0.562741
0.554277 0.56641
0.560326 0.570753
0.554534 0.572851
0.549061 0.571202
0.543839 0.574835
0.542797 0.567574
0.537834 0.572284
0.535488 0.565765
0.529224 0.566897
0.52714 0.571429
0.532355 0.573929
0.536525 0.579367
0.538622 0.584751
0.54235 0.588435
0.548706 0.586673
0.544537 0.581381
0.550795 0.578866
0.555204 0.584657
0.557404 0.579644
0.562393 0.577856
0.567067 0.574547
0.567067 0.568311
0.571867 0.56479
0.575411 0.568316
0.580022 0.569554
0.584551 0.571441
0.58977 0.574182
0.594641 0.576094
0.59126 0.58164
0.586786 0.58002
0.58142 0.581633
0.579562 0.57685
0.573066 0.573702
0.572021 0.579365
0.575848 0.584403
0.574457 0.589955
0.577837 0.592971
0.573764 0.597257
0.570198 0.601474
0.565315 0.602041
0.562369 0.606859
0.557146 0.607146
0.553683 0.611111
0.548537 0.61026
0.544883 0.613375
0.540257 0.61565
0.535484 0.612732
0.531315 0.616294
0.531056 0.622173
0.525052 0.624069
0.525284 0.617662
0.521138 0.614512
0.519205 0.608837
0.512725 0.613604
0.511058 0.608388
0.511474 0.603175
0.511482 0.597513
0.516436 0.597231
0.519046 0.602331
0.525046 0.604765
0.528525 0.610857
0.531054 0.604025
0.535747 0.606857
0.540971 0.608277
0.544073 0.603553
0.548537 0.600336
0.551838 0.604689
0.555471 0.600425
0.560332 0.597737
0.564718 0.595238
0.567993 0.592324
0.569584 0.58806
0.567264 0.582897
0.562212 0.58731
0.556628 0.590419
0.553491 0.594672
0.548278 0.592687
0.543841 0.595893
0.537989 0.599778
0.539066 0.592977
0.533704 0.592327
0.531577 0.59723
0.526245 0.598477
0.522543 0.594109
0.526757 0.589465
0.532877 0.586739
0.529486 0.581916
0.526092 0.577103
0.520871 0.574183
0.514962 0.570673
0.518789 0.568027
0.523484 0.566335
0.519833 0.561225
0.516463 0.55594
0.511028 0.55313
0.511746 0.548476
0.519205 0.54876
0.514614 0.543732
0.518978 0.539383
0.524633 0.539686
0.529227 0.544708
0.531517 0.55125
0.525054 0.548767
0.523914 0.555865
0.528532 0.561476
0.532877 0.558674
0.535839 0.5548
0.539922 0.551873
0.539663 0.546
0.534966 0.544506
0.531611 0.539201
0.529228 0.534662
0.524457 0.531753
0.519048 0.532036
0.515917 0.527783
0.511482 0.524376
0.506263 0.526766
0.499993 0.527216
0.495477 0.531373
0.492348 0.535281
0.490258 0.540564
0.489824 0.547343
0.486577 0.551187
0.480949 0.554146
0.475842 0.555078
0.471034 0.556976
0.470507 0.563212
0.464509 0.5635
0.463469 0.569847
0.458244 0.574832
0.452677 0.575212
0.448645 0.577556
0.445377 0.579369
0.451149 0.582088
0.455115 0.58164
0.461026 0.581384
0.459171 0.586924
0.458768 0.59212
0.462683 0.595522
0.468419 0.597231
0.467924 0.590499
0.467119 0.584751
0.464509 0.577098
0.468335 0.574458
0.470775 0.570301
0.474603 0.56766
0.477041 0.562927
0.481208 0.561796
0.48538 0.558954
0.489562 0.556041
0.494085 0.552532
0.498504 0.548922
0.495227 0.545358
0.49817 0.540537
0.5 0.534666
0.504771 0.533694
0.510697 0.532036
0.512295 0.537298
0.508351 0.541464
0.503579 0.540492
0.505219 0.546491
0.504437 0.551882
0.500304 0.555394
0.496521 0.558201
0.493219 0.56123
0.491388 0.566052
0.486171 0.566343
0.483037 0.570587
0.47773 0.571061
0.479123 0.577098
0.473457 0.577101
0.470424 0.581254
0.475209 0.584184
0.48095 0.583617
0.481502 0.589086
0.487213 0.588722
0.491997 0.587685
0.495559 0.592691
0.497917 0.586932
0.501158 0.582141
0.496868 0.577098
0.492954 0.581066
0.487937 0.581375
0.485122 0.576817
0.491229 0.572565
0.497447 0.569546
0.500265 0.564633
0.504594 0.560098
0.510177 0.558674
0.513563 0.563501
0.509838 0.567053
0.505741 0.568878
0.502085 0.573698
0.505915 0.577853
0.509395 0.57483
0.513912 0.575209
0.517294 0.579365
0.522961 0.581633
0.519565 0.5856
0.517293 0.59038
0.512263 0.59098
0.512336 0.583076
0.506522 0.58419
0.505219 0.589563
0.505667 0.593942
0.506 0.599496
0.500229 0.596754
0.496057 0.600277
0.49791 0.606573
0.504173 0.605813
0.502918 0.612251
0.496347 0.614227
0.491907 0.611397
0.485386 0.613376
0.487468 0.607225
0.492067 0.605215
0.489562 0.600907
0.490157 0.594918
0.485732 0.596
0.481211 0.59459
0.474952 0.5907
0.474948 0.596863
0.478772 0.600154
0.483895 0.602041
0.479383 0.606003
0.481211 0.610463
0.478522 0.614672
0.474948 0.61792
0.468682 0.614029
0.472854 0.611108
0.473554 0.606194
0.471668 0.601719
0.466829 0.60582
0.462161 0.601757
0.456755 0.602041
0.454591 0.597508
0.451571 0.593876
0.452242 0.588724
0.447206 0.586171
0.44546 0.591842
0.44095 0.593302
0.441542 0.599132
0.447805 0.59816
0.449294 0.603989
0.444886 0.603862
0.442381 0.608383
0.445981 0.611391
0.44833 0.618197
0.451635 0.61489
0.45258 0.610139
0.453651 0.605672
0.45929 0.608566
0.464161 0.610733
0.461825 0.615646
0.456159 0.615646
0.457948 0.620505
0.455811 0.624339
0.451751 0.625976
0.44572 0.623097
0.447808 0.629252
0.445717 0.633784
0.45198 0.63444
0.456457 0.632491
0.460334 0.629248
0.463806 0.624965
0.465205 0.619803
0.469575 0.620832
0.473208 0.623205
0.471033 0.628968
0.46634 0.631806
0.465341 0.637875
0.460929 0.636061
0.460036 0.641237
0.455858 0.64286
0.451723 0.64031
0.446182 0.642604
0.442593 0.638327
0.439457 0.642479
0.438413 0.647392
0.443036 0.649336
0.441962 0.655555
0.43737 0.653547
0.430405 0.656213
0.434938 0.659107
0.432893 0.663909
0.42832 0.664401
0.425885 0.668937
0.422158 0.672332
0.417743 0.671883
0.416232 0.677154
0.410493 0.678852
0.407799 0.684053
0.411967 0.686321
0.415656 0.683215
0.420071 0.683673
0.422753 0.679135
0.426588 0.676495
0.433888 0.677631
0.431101 0.673957
0.433191 0.668932
0.437893 0.670915
0.441967 0.675512
0.439454 0.679141
0.436324 0.683677
0.43215 0.683673
0.428325 0.682543
0.424849 0.686589
0.423801 0.69274
0.427826 0.694363
0.431101 0.68983
0.436327 0.690476
0.44095 0.685944
0.442321 0.691049
0.443374 0.697563
0.448069 0.694728
0.453475 0.695343
0.451462 0.689055
0.448072 0.685371
0.445126 0.6814
0.448073 0.676591
0.448643 0.670522
0.443636 0.6712
0.443633 0.666177
0.438207 0.663718
0.441197 0.66062
0.446068 0.660247
0.449893 0.663265
0.45258 0.6678
0.454367 0.672987
0.459733 0.67331
0.462419 0.676877
0.454326 0.678571
0.455461 0.683419
0.46093 0.684969
0.458838 0.689503
0.458506 0.694726
0.463467 0.696147
0.467193 0.694697
0.466597 0.689337
0.467009 0.685037
0.464505 0.681401
0.468673 0.679132
0.471116 0.67498
0.467191 0.671361
0.464247 0.667516
0.458246 0.667149
0.456159 0.662132
0.454066 0.65646
0.448504 0.656085
0.447112 0.651549
0.450681 0.647952
0.455896 0.649374
0.460038 0.653543
0.461824 0.657755
0.462418 0.662135
0.468688 0.662615
0.473904 0.658737
0.468951 0.656744
0.466369 0.651163
0.461825 0.647392
0.466597 0.643505
0.47107 0.646426
0.473903 0.650792
0.477632 0.654195
0.479896 0.659295
0.483558 0.663555
0.483292 0.668936
0.477292 0.665251
0.472267 0.666821
0.474112 0.671875
0.478084 0.672328
0.483299 0.673951
0.479386 0.678861
0.474651 0.680438
0.472608 0.686232
0.47787 0.685495
0.481211 0.688209
0.478079 0.692739
0.47167 0.693396
0.474948 0.697931
0.480317 0.700193
0.476618 0.703175
0.472341 0.705775
0.466297 0.707002
0.467989 0.701562
0.460926 0.701489
0.455899 0.702102
0.450493 0.701487
0.445982 0.703797
0.443371 0.708901
0.437964 0.710884
0.434933 0.705974
0.439457 0.703436
0.43841 0.697275
0.433197 0.695653
0.4326 0.700514
0.42876 0.704368
0.424012 0.704529
0.422993 0.699294
0.418583 0.70521
0.413366 0.703511
0.409037 0.705687
0.405802 0.711156
0.398756 0.709067
0.398468 0.715219
0.391448 0.715409
0.391185 0.708903
0.393315 0.703827
0.391705 0.697555
0.397108 0.697279
0.399797 0.702455
0.40457 0.704396
0.403973 0.697281
0.410499 0.697555
0.416192 0.697923
0.41816 0.694106
0.419833 0.690023
0.414394 0.690482
0.40845 0.691762
0.404323 0.690097
0.401465 0.686844
0.399195 0.691772
0.393533 0.690471
0.387532 0.688487
0.387269 0.693876
0.381002 0.690476
0.376414 0.684798
0.370825 0.683399
0.368689 0.688451
0.36222 0.688193
0.363153 0.682174
0.366381 0.676868
0.35994 0.675414
0.353869 0.673465
0.353607 0.668075
0.347606 0.667785
0.348551 0.661756
0.350742 0.656013
0.349954 0.649942
0.355695 0.649372
0.358936 0.653222
0.35648 0.65873
0.357525 0.663262
0.360388 0.668072
0.365339 0.67006
0.37057 0.670707
0.372883 0.676401
0.378664 0.67658
0.381904 0.680744
0.3838 0.684407
0.389092 0.681114
0.393763 0.683408
0.399099 0.68329
0.403967 0.680758
0.404495 0.675167
0.397964 0.677151
0.394225 0.673462
0.389355 0.674596
0.384134 0.674596
0.379968 0.670341
0.375345 0.667794
0.372308 0.662885
0.368479 0.664766
0.364301 0.662613
0.364301 0.657596
0.36431 0.651927
0.370567 0.648522
0.37057 0.653061
0.37057 0.657598
0.375577 0.658279
0.379338 0.662139
0.384832 0.659109
0.387685 0.662353
0.384581 0.666501
0.389356 0.668443
0.393784 0.665241
0.398228 0.669493
0.402716 0.669611
0.4071 0.670064
0.412054 0.672052
0.411966 0.666286
0.415447 0.66439
0.420147 0.664961
0.424841 0.660998
0.422152 0.656459
0.417087 0.658727
0.416496 0.651928
0.420668 0.649012
0.425193 0.652311
0.429366 0.650034
0.433713 0.647959
0.432896 0.642209
0.431401 0.636703
0.436773 0.636054
0.439875 0.632426
0.44128 0.627264
0.435017 0.628967
0.428721 0.627632
0.429019 0.632653
0.422761 0.633139
0.425884 0.638599
0.426669 0.644838
0.421265 0.642857
0.418928 0.637944
0.417325 0.633337
0.412576 0.634073
0.408444 0.630234
0.412913 0.626987
0.417988 0.626658
0.42302 0.627265
0.425106 0.620467
0.41858 0.620178
0.414057 0.620937
0.409186 0.622449
0.41023 0.61678
0.410495 0.611397
0.416028 0.612628
0.421186 0.615075
0.42544 0.613055
0.429367 0.610355
0.433542 0.613757
0.431338 0.618166
0.431103 0.623581
0.436772 0.622452
0.441022 0.619329
0.440498 0.614889
0.438205 0.610658
0.434449 0.608393
0.438415 0.604311
0.435634 0.599022
0.431706 0.600754
0.428759 0.604598
0.423949 0.605932
0.417887 0.60683
0.420147 0.601477
0.424848 0.596951
0.429016 0.594591
0.435289 0.594103
0.435282 0.589569
0.439805 0.586546
0.442797 0.583447
0.438063 0.579119
0.434934 0.584278
0.4318 0.580126
0.428421 0.577104
0.423011 0.577386
0.418583 0.573706
0.412916 0.572889
0.407882 0.572286
0.401619 0.572853
0.403973 0.567387
0.410234 0.565767
0.416265 0.566528
0.422156 0.567711
0.42562 0.570024
0.431112 0.571923
0.435877 0.572894
0.441314 0.573326
0.446317 0.571275
0.443636 0.566412
0.43946 0.56285
0.436675 0.566526
0.43111 0.566895
0.430582 0.562082
0.428422 0.556689
0.424145 0.560223
0.418359 0.560979
0.418321 0.554712
0.413102 0.554994
0.409971 0.559247
0.404175 0.560779
0.400723 0.555932
0.401876 0.549889
0.407363 0.551604
0.410497 0.547338
0.416493 0.547619
0.422504 0.551601
0.427164 0.548383
0.423376 0.543772
0.420901 0.537045
0.426412 0.536854
0.431109 0.532894
0.435288 0.528345
0.438267 0.533049
0.436775 0.538552
0.430845 0.540533
0.433454 0.545643
0.432497 0.551908
0.435515 0.557454
0.440501 0.556689
0.439877 0.549894
0.43946 0.543734
0.443639 0.540171
0.443376 0.534301
0.447802 0.530128
0.44301 0.526539
0.448153 0.522305
0.452505 0.525794
0.455123 0.521269
0.460073 0.52381
0.463316 0.518472
0.465104 0.513612
0.471028 0.513899
0.470772 0.519278
0.468681 0.523056
0.466001 0.526239
0.462425 0.529485
0.457987 0.532036
0.453029 0.531754
0.449636 0.536569
0.455902 0.538262
0.460334 0.541464
0.463019 0.537258
0.466895 0.534991
0.470772 0.531101
0.473462 0.526243
0.477035 0.522032
0.477458 0.51588
0.483299 0.519288
0.481211 0.526082
0.478081 0.5309
0.475298 0.535533
0.471468 0.538171
0.469877 0.542435
0.466074 0.545354
0.462767 0.549515
0.45778 0.546872
0.453177 0.546981
0.449892 0.542438
0.445373 0.545733
0.448402 0.54989
0.445955 0.55468
0.445983 0.560948
0.451729 0.559242
0.451383 0.56479
0.450939 0.570302
0.456155 0.569161
0.458246 0.564626
0.458246 0.559605
0.454335 0.554141
0.459989 0.55405
0.464509 0.557823
0.466855 0.552443
0.472265 0.549893
0.475547 0.546329
0.480954 0.547909
0.484342 0.543084
0.478196 0.540314
0.483536 0.536537
0.485389 0.531753
0.488667 0.528831
0.487733 0.522966
0.493469 0.525228
0.498428 0.521262
0.49304 0.517895
0.487474 0.514739
0.491909 0.511062
0.498137 0.511088
0.500345 0.515502
0.504407 0.518896
0.510438 0.518141
0.516104 0.518148
0.51957 0.522114
0.524001 0.524949
0.528184 0.527219
0.532508 0.530126
0.537316 0.529769
0.537578 0.535147
0.53906 0.538878
0.543493 0.541194
0.546969 0.536281
0.543573 0.531473
0.541746 0.524943
0.534447 0.52381
0.535143 0.518896
0.530122 0.518798
0.525313 0.518424
0.522368 0.51362
0.517399 0.513239
0.518789 0.506803
0.524449 0.506803
0.527488 0.502645
0.529927 0.499253
0.534447 0.500009
0.534436 0.494336
0.534442 0.489797
0.53392 0.484975
0.528963 0.481579
0.523483 0.482435
0.517735 0.479882
0.518781 0.485263
0.514614 0.488104
0.510177 0.491213
0.504436 0.490646
0.504178 0.48413
0.509842 0.484127
0.511892 0.478248
0.506266 0.47564
0.502387 0.47701
0.497919 0.47441
0.49861 0.468762
0.504635 0.467
0.508946 0.470529
0.513718 0.47118
0.517594 0.471186
0.522538 0.475057
0.529228 0.47506
0.536521 0.475061
0.536684 0.480888
0.541518 0.483378
0.546159 0.487913
0.542172 0.49184
0.539921 0.498029
0.546968 0.498196
0.551289 0.494507
0.552424 0.489166
0.556557 0.484961
0.563484 0.48357
0.562204 0.490938
0.562625 0.497738
0.556618 0.495761
0.55636 0.501623
0.551669 0.503976
0.546224 0.50389
0.544881 0.509083
0.539661 0.504538
0.532987 0.50681
0.527734 0.511349
0.533403 0.512965
0.539406 0.51163
0.539922 0.517856
0.545659 0.51616
0.550099 0.512486
0.555324 0.510219
0.56002 0.506242
0.56523 0.504813
0.569153 0.501993
0.574924 0.504323
0.578541 0.508235
0.583878 0.505575
0.587489 0.499199
0.581412 0.497301
0.575145 0.497745
0.569295 0.495255
0.568629 0.488952
0.572022 0.484813
0.574101 0.479599
0.577989 0.473836
0.584537 0.475519
0.585997 0.481871
0.579513 0.483317
0.576809 0.490933
0.58478 0.490064
0.591005 0.48708
0.593437 0.493731
0.59873 0.487089
0.594976 0.481863
0.591583 0.477053
0.598799 0.476829
0.603791 0.480236
0.607589 0.485578
0.603079 0.492343
0.607785 0.497955
0.6115 0.503982
0.615074 0.509366
0.62129 0.509534
0.627336 0.509084
0.626403 0.503031
0.623429 0.497467
0.618989 0.50183
0.615427 0.496172
0.611323 0.491192
0.615 0.484965
0.61157 0.478169
0.607483 0.472812
0.608116 0.466
0.601867 0.469406
0.596027 0.470536
0.589993 0.470287
0.584881 0.468264
0.586338 0.461671
0.578267 0.459649
0.579323 0.465996
0.572125 0.464478
0.572137 0.469772
0.570193 0.475637
0.565178 0.475316
0.560277 0.477613
0.553511 0.477126
0.549406 0.482118
0.544532 0.476198
0.545746 0.469211
0.552187 0.470074
0.558452 0.470531
0.564296 0.468035
0.563674 0.462585
0.556359 0.463732
0.549869 0.462218
0.544434 0.461459
0.539894 0.466246
0.535254 0.468009
0.529228 0.468263
0.523217 0.468549
0.519353 0.463314
0.525464 0.46033
0.530857 0.461216
0.535494 0.458628
0.539666 0.457493
0.542911 0.453397
0.547745 0.452111
0.552185 0.455904
0.558449 0.456923
0.564715 0.456929
0.570381 0.459192
0.572533 0.454652
0.577497 0.452099
0.582458 0.453529
0.587829 0.453171
0.592312 0.458193
0.594969 0.464184
0.601665 0.460348
0.609286 0.459407
0.616567 0.458003
0.62394 0.457965
0.628685 0.451952
0.633823 0.461075
0.631189 0.46879
0.624179 0.46667
0.615832 0.466007
0.616306 0.472178
0.619444 0.477106
0.625841 0.476218
0.635038 0.474415
0.641059 0.477933
0.644035 0.484148
0.649711 0.480457
0.6573 0.483952
0.660036 0.489827
0.667324 0.488345
0.674858 0.490446
0.671708 0.482846
0.665036 0.478872
0.658126 0.476874
0.65463 0.471334
0.647882 0.471793
0.64089 0.468936
0.643164 0.460599
0.637891 0.454037
0.636095 0.447083
0.643672 0.441443
0.65443 0.445304
0.646433 0.450549
0.65378 0.455972
0.650688 0.463302
0.659684 0.46378
0.665789 0.469737
0.674104 0.473785
0.678758 0.48014
0.686119 0.475243
0.695655 0.47499
0.703253 0.471867
0.713121 0.469625
0.722648 0.469947
0.730784 0.464099
0.737061 0.457197
0.746532 0.461419
0.743436 0.47042
0.734474 0.472534
0.72898 0.479556
0.720819 0.481478
0.714875 0.479363
0.708061 0.479663
0.699146 0.484085
0.691209 0.484471
0.683541 0.486116
0.683005 0.493408
0.691006 0.494368
0.699099 0.494925
0.705551 0.489022
0.715009 0.489821
0.724257 0.488676
0.726499 0.49608
0.73234 0.502646
0.732975 0.512296
0.724563 0.510401
0.722087 0.503705
0.716672 0.499287
0.708995 0.497496
0.70227 0.503928
0.697848 0.512258
0.694851 0.518723
0.689651 0.523247
0.697274 0.526592
0.705332 0.527021
0.703536 0.519798
0.706532 0.511983
0.712934 0.508036
0.718553 0.516062
0.71164 0.519566
0.714661 0.526095
0.721891 0.526102
0.726852 0.51876
0.731891 0.524273
0.739005 0.51983
0.745479 0.524723
0.753174 0.524841
0.760353 0.526442
0.76779 0.525726
0.774178 0.531163
0.781059 0.526407
0.783766 0.533069
0.790318 0.536921
0.793064 0.544512
0.799596 0.539217
0.801117 0.547131
0.807294 0.553745
0.810962 0.54588
0.807073 0.539522
0.813552 0.536457
0.818569 0.532067
0.819269 0.524547
0.824254 0.517966
0.815878 0.517057
0.808375 0.517056
0.803102 0.522295
0.811073 0.52609
0.80407 0.530701
0.795853 0.530626
0.78878 0.52485
0.795418 0.521577
0.799368 0.514516
0.791166 0.512892
0.784512 0.514402
0.779931 0.519692
0.77301 0.520964
0.77303 0.512508
0.764096 0.51594
0.755631 0.516898
0.747758 0.512713
0.740199 0.509128
0.744602 0.50169
0.748335 0.492805
0.738619 0.4948
0.733065 0.488703
0.739678 0.483078
0.746968 0.480453
0.754797 0.483686
0.763051 0.484463
0.766948 0.492239
0.758671 0.493618
0.75445 0.501374
0.756651 0.508943
0.764624 0.5047
0.770907 0.498288
0.774611 0.503695
0.780947 0.506689
0.789162 0.503912
0.783798 0.49762
0.777797 0.492674
0.773611 0.485506
0.769787 0.478157
0.76462 0.47206
0.754632 0.47306
0.756524 0.463475
0.765446 0.46113
0.772409 0.458438
0.779531 0.456108
0.787341 0.459092
0.79436 0.463191
0.801089 0.469868
0.805789 0.477079
0.797352 0.479899
0.789427 0.480923
0.788566 0.470822
0.776835 0.468111
0.779859 0.477592
0.784091 0.486711
0.791015 0.492337
0.797961 0.489495
0.805221 0.48913
0.810622 0.484324
0.819085 0.484896
0.821642 0.49231
0.819179 0.501383
0.812573 0.49523
0.804281 0.498751
0.795625 0.49864
0.797807 0.506182
0.805351 0.508656
0.812114 0.506414
0.820126 0.50987
0.828381 0.508295
0.825861 0.499194
0.832634 0.497568
0.829005 0.488042
0.836557 0.4865
0.830084 0.47893
0.82192 0.475518
0.814408 0.47599
0.813186 0.467153
0.822702 0.462816
0.827187 0.469405
0.834814 0.469544
0.839817 0.475829
0.842722 0.463693
0.833701 0.460757
0.83745 0.452974
0.845139 0.452147
0.841064 0.442778
0.848255 0.439802
0.841938 0.43312
0.848152 0.426629
0.84935 0.416114
0.842022 0.415979
0.838737 0.424269
0.831554 0.422768
0.824976 0.418836
0.825572 0.410519
0.835361 0.41146
0.829995 0.402514
0.836891 0.399173
0.843807 0.404777
0.850633 0.404078
0.845989 0.394342
0.8464 0.38553
0.836571 0.388345
0.827969 0.390023
0.81711 0.389844
0.821749 0.397975
0.817295 0.406687
0.814672 0.416805
0.818685 0.425991
0.826195 0.430341
0.832932 0.43501
0.833254 0.444242
0.828496 0.45242
0.820476 0.452412
0.824531 0.441959
0.817862 0.439029
0.809275 0.442122
0.811456 0.449588
0.812141 0.457956
0.804229 0.460876
0.797411 0.453997
0.801325 0.446044
0.792413 0.442004
0.786211 0.448536
0.774812 0.446503
0.765919 0.44656
0.755595 0.44327
0.757111 0.453596
0.745305 0.449916
0.744701 0.439296
0.734997 0.435821
0.724249 0.440654
0.732814 0.447324
0.724521 0.456166
0.71637 0.449902
0.714531 0.460048
0.705845 0.462072
0.697451 0.462549
0.690647 0.465963
0.682643 0.466076
0.674491 0.464454
0.668012 0.459152
0.662484 0.452091
0.672966 0.448239
0.679913 0.455873
0.690411 0.454679
0.684184 0.445841
0.684975 0.4366
0.693837 0.43166
0.696734 0.443527
0.703253 0.452459
0.709429 0.443124
0.704237 0.433217
0.715788 0.43351
0.724655 0.425927
0.736148 0.42479
0.74591 0.426374
0.753357 0.43179
0.762179 0.433012
0.770403 0.432451
0.778772 0.438044
0.786317 0.433953
0.79484 0.427548
0.801337 0.435133
0.812222 0.43277
0.807281 0.427164
0.804246 0.420296
0.797066 0.414838
0.789357 0.416123
0.784878 0.42306
0.776725 0.42322
0.769786 0.416222
0.760128 0.420455
0.748154 0.416302
0.756169 0.40857
0.759467 0.399362
0.768305 0.404089
0.777563 0.406985
0.786539 0.408748
0.784826 0.398651
0.788334 0.38987
0.796486 0.393773
0.797649 0.402799
0.806168 0.409513
0.809932 0.399936
0.806799 0.390672
0.799325 0.382926
0.789114 0.379281
0.779645 0.384984
0.773167 0.392834
0.762133 0.388469
0.767718 0.378665
0.777186 0.373552
0.771345 0.362609
0.781444 0.362215
0.788343 0.369479
0.797473 0.370627
0.805873 0.3737
0.812959 0.379917
0.8224 0.380063
0.830485 0.377676
0.838885 0.37799
0.846501 0.375816
0.844097 0.365635
0.835793 0.368365
0.825159 0.367738
0.815712 0.368475
0.809012 0.359576
0.802002 0.361643
0.792497 0.359664
0.784849 0.352221
0.780919 0.343254
0.771767 0.349547
0.771122 0.33535
0.782216 0.332349
0.790964 0.327561
0.798912 0.322824
0.807936 0.324192
0.815908 0.329361
0.811574 0.337025
0.800787 0.335455
0.791676 0.340221
0.796887 0.350031
0.805451 0.347222
0.814761 0.347644
0.817736 0.357661
0.825221 0.353729
0.83176 0.358681
0.840583 0.356439
0.840159 0.346273
0.833035 0.343777
0.823847 0.344499
0.824172 0.335813
0.834108 0.331368
0.824449 0.325359
0.828173 0.316349
0.821541 0.3076
0.816254 0.317249
0.806525 0.311477
0.796752 0.311069
0.78597 0.316775
0.775966 0.323783
0.771457 0.315548
0.76524 0.30577
0.759348 0.294836
0.769892 0.296443
0.778826 0.291498
0.778386 0.304685
0.7867 0.304501
0.792634 0.299327
0.802264 0.298214
0.811945 0.303139
0.818142 0.29626
0.809781 0.28933
0.804691 0.276622
0.799304 0.284125
0.792015 0.290536
0.785438 0.283946
0.792631 0.275726
0.794651 0.265507
0.783901 0.267043
0.778995 0.277641
0.769584 0.283775
0.760006 0.281478
0.753142 0.274991
0.743796 0.273473
0.735535 0.276026
0.733696 0.286504
0.726471 0.27592
0.723093 0.262146
0.733361 0.263442
0.742453 0.260356
0.752372 0.260711
0.762558 0.267013
0.772138 0.270939
0.773713 0.260156
0.782872 0.25491
0.771586 0.247634
0.763123 0.255178
0.754639 0.248287
0.762604 0.240672
0.753375 0.235702
0.743838 0.228762
0.743787 0.238359
0.744245 0.248237
0.733295 0.248963
0.721851 0.250185
0.710426 0.25191
0.700166 0.258031
0.691416 0.264847
0.682904 0.260844
0.674428 0.26407
0.665373 0.2638
0.656399 0.260924
0.650646 0.267173
0.65572 0.276548
0.643102 0.271159
0.641532 0.280249
0.637819 0.288497
0.628621 0.291542
0.619029 0.297522
0.626703 0.306616
0.616034 0.314217
0.623515 0.321451
0.6256 0.3356
0.614911 0.330758
0.608427 0.323861
0.598816 0.32373
0.592475 0.318194
0.602707 0.313334
0.609436 0.306283
0.608933 0.297288
0.601233 0.292783
0.597159 0.300585
0.593489 0.30784
0.585264 0.301364
0.587351 0.293469
0.59332 0.288371
0.591648 0.280975
0.591995 0.271903
0.590556 0.263229
0.594765 0.256885
0.600773 0.256531
0.600413 0.265074
0.601199 0.274319
0.601985 0.283193
0.610966 0.287092
0.619786 0.282977
0.629861 0.276582
0.618499 0.270758
0.610096 0.2766
0.609128 0.268682
0.61044 0.261445
0.607476 0.253965
0.614753 0.250645
0.61941 0.258953
0.627018 0.265805
0.637203 0.26392
0.644036 0.255917
0.652518 0.250306
0.662363 0.250675
0.671776 0.249525
0.681712 0.251066
0.690863 0.24871
0.701327 0.244363
0.713444 0.239144
0.725379 0.238431
0.73437 0.236643
0.73268 0.22595
0.722595 0.220626
0.719282 0.228876
0.708842 0.226763
0.709927 0.217646
0.696632 0.215469
0.698877 0.223385
0.701474 0.233258
0.690961 0.237711
0.689745 0.226821
0.686141 0.21595
0.679748 0.222082
0.673048 0.215936
0.659577 0.217496
0.664731 0.224395
0.671755 0.229171
0.680958 0.232134
0.678315 0.240916
0.666912 0.239106
0.659423 0.236356
0.652002 0.239727
0.643769 0.243439
0.644324 0.232676
0.654595 0.22868
0.650946 0.220903
0.643074 0.221846
0.637663 0.227481
0.631476 0.227524
0.624726 0.229185
0.617836 0.233169
0.624628 0.238051
0.633443 0.238332
0.635717 0.248
0.630612 0.256633
0.625978 0.24837
0.619721 0.244773
0.614581 0.240672
0.609735 0.236381
0.602236 0.241305
0.60802 0.245239
0.601223 0.248759
0.595119 0.246991
0.589189 0.253237
0.582576 0.257604
0.58273 0.264812
0.574689 0.266771
0.580666 0.271732
0.584036 0.277601
0.581116 0.284934
0.572235 0.285437
0.574098 0.277104
0.567999 0.273562
0.565392 0.28133
0.560783 0.287066
0.555322 0.292027
0.554175 0.297757
0.550491 0.30234
0.546644 0.307714
0.547332 0.314268
0.541866 0.318011
0.539358 0.326621
0.535696 0.333124
0.527578 0.334967
0.52883 0.341672
0.524 0.346929
0.526167 0.354519
0.533394 0.355325
0.539331 0.358362
0.5466 0.356951
0.551479 0.352791
0.554434 0.345048
0.547683 0.345456
0.540686 0.34968
0.532353 0.348528
0.536 0.342193
0.542478 0.339467
0.547517 0.334979
0.546409 0.327125
0.55142 0.322636
0.559451 0.320209
0.554411 0.313703
0.557866 0.307063
0.560846 0.298159
0.567817 0.292996
0.577165 0.292885
0.575856 0.301107
0.567805 0.300438
0.566451 0.307097
0.564844 0.314905
0.572424 0.312579
0.578536 0.308546
0.585246 0.311037
0.584487 0.319693
0.576542 0.320413
0.56898 0.322825
0.573236 0.330888
0.563877 0.329433
0.557475 0.328087
0.554257 0.334802
0.559486 0.339375
0.565967 0.337259
0.572847 0.340232
0.575862 0.347039
0.569647 0.349803
0.563471 0.346006
0.560088 0.35244
0.56121 0.359606
0.554794 0.361116
0.55598 0.368683
0.550661 0.371372
0.547985 0.377929
0.543416 0.38322
0.537578 0.382086
0.532359 0.38322
0.527137 0.382546
0.527137 0.375301
0.533205 0.373851
0.538962 0.375794
0.544063 0.371524
0.546946 0.363951
0.539132 0.367157
0.533204 0.364778
0.526714 0.368256
0.527556 0.361455
0.520351 0.362448
0.520864 0.370752
0.514609 0.36736
0.508179 0.369239
0.502716 0.37279
0.497055 0.37074
0.49235 0.366393
0.485204 0.36469
0.480271 0.369297
0.47703 0.375728
0.482672 0.378454
0.487634 0.373713
0.494268 0.378313
0.488529 0.383219
0.495038 0.388012
0.502357 0.386902
0.50039 0.381058
0.507546 0.378427
0.515031 0.375283
0.521286 0.37869
0.51623 0.382335
0.51227 0.384644
0.507833 0.387474
0.503958 0.392938
0.501313 0.397406
0.495511 0.396936
0.489187 0.393226
0.48405 0.38992
0.479509 0.384764
0.472426 0.384354
0.471183 0.377774
0.465268 0.381055
0.459017 0.37549
0.464685 0.371633
0.471815 0.369605
0.475747 0.362541
0.468504 0.362497
0.467942 0.355063
0.475539 0.35373
0.478735 0.347023
0.472492 0.343937
0.468421 0.348347
0.462436 0.349197
0.455139 0.35034
0.455612 0.343942
0.457563 0.337861
0.459971 0.330338
0.465814 0.333929
0.465293 0.341057
0.472657 0.33627
0.474952 0.32973
0.480069 0.326411
0.484569 0.333579
0.479283 0.338226
0.484621 0.343728
0.490501 0.342284
0.493316 0.337401
0.49108 0.330321
0.488121 0.323794
0.48226 0.320405
0.48226 0.314508
0.488992 0.312186
0.492783 0.317751
0.496957 0.322712
0.499363 0.328117
0.506456 0.328491
0.512312 0.328108
0.51507 0.333708
0.509906 0.338233
0.503749 0.335581
0.498142 0.334706
0.500002 0.342959
0.507224 0.345455
0.507012 0.352397
0.500199 0.351165
0.493557 0.349375
0.486428 0.351461
0.482074 0.357514
0.489975 0.358269
0.496016 0.357898
0.501125 0.362711
0.507052 0.36062
0.513259 0.357628
0.518599 0.353347
0.514609 0.347031
0.518458 0.341437
0.521081 0.334926
0.522179 0.327405
0.5176 0.323642
0.519624 0.317593
0.512515 0.319726
0.50556 0.320653
0.501034 0.315175
0.495827 0.309962
0.496662 0.302489
0.501828 0.306964
0.506263 0.308944
0.50979 0.313372
0.515726 0.310444
0.511473 0.304143
0.508321 0.298564
0.502274 0.299024
0.504873 0.291369
0.49944 0.288545
0.49954 0.281982
0.495115 0.283455
0.49142 0.279602
0.492031 0.27329
0.485373 0.27551
0.484043 0.282519
0.481211 0.289551
0.475638 0.286335
0.476506 0.280893
0.479384 0.275214
0.473125 0.275229
0.470177 0.279075
0.466342 0.28259
0.460604 0.282583
0.458253 0.277119
0.454078 0.281174
0.44841 0.282301
0.442604 0.285024
0.442489 0.290619
0.444348 0.296158
0.441748 0.303516
0.4474 0.303827
0.452759 0.308266
0.458257 0.311323
0.463831 0.3075
0.465327 0.314924
0.470359 0.308375
0.473496 0.302033
0.4666 0.301575
0.468947 0.295627
0.462015 0.295913
0.459882 0.301943
0.455011 0.300663
0.450959 0.297888
0.450511 0.292679
0.450698 0.28741
0.456583 0.290234
0.462433 0.289104
0.468695 0.288342
0.473642 0.292216
0.477667 0.296583
0.481917 0.300699
0.485652 0.295626
0.487208 0.289958
0.491414 0.287596
0.4965 0.293394
0.492266 0.297495
0.489176 0.303733
0.484787 0.307245
0.478746 0.307653
0.474741 0.313369
0.473189 0.319636
0.46856 0.325215
0.461749 0.322919
0.457999 0.318296
0.451805 0.317126
0.446056 0.312817
0.439672 0.313201
0.435688 0.30764
0.434262 0.300893
0.437176 0.295223
0.432606 0.291379
0.435287 0.285692
0.439098 0.278991
0.44636 0.277312
0.447058 0.271166
0.45367 0.272087
0.45825 0.267569
0.46064 0.271622
0.464772 0.275786
0.467732 0.269518
0.474958 0.268699
0.481201 0.26871
0.487112 0.26819
0.483186 0.262759
0.476771 0.262195
0.478442 0.257548
0.473193 0.253813
0.468224 0.249891
0.463682 0.245095
0.45735 0.241789
0.449196 0.243517
0.450731 0.236765
0.444073 0.238494
0.443319 0.231823
0.437975 0.236958
0.440044 0.24279
0.437372 0.248285
0.444053 0.248282
0.443371 0.254808
0.449665 0.253572
0.453671 0.248715
0.460036 0.249934
0.46216 0.254824
0.467285 0.257627
0.47101 0.262645
0.464051 0.263422
0.458513 0.262181
0.45554 0.256695
0.451473 0.263419
0.445979 0.259921
0.444159 0.265868
0.438661 0.270087
0.434243 0.275211
0.43019 0.278763
0.424103 0.276928
0.422759 0.270956
0.429722 0.269258
0.433893 0.263155
0.439196 0.261621
0.437369 0.25509
0.432156 0.253949
0.427828 0.253801
0.423685 0.256604
0.428331 0.261648
0.421723 0.264617
0.418326 0.259338
0.412329 0.259619
0.413281 0.266832
0.416503 0.271861
0.414833 0.277763
0.419979 0.283425
0.427701 0.284779
0.42695 0.291363
0.428006 0.297715
0.421109 0.292909
0.416501 0.289541
0.411036 0.292535
0.401781 0.290437
0.403511 0.283145
0.410955 0.283982
0.40839 0.276229
0.401373 0.274703
0.40658 0.270389
0.406855 0.264729
0.40537 0.259367
0.399794 0.255081
0.394315 0.254509
0.390293 0.25104
0.393533 0.244196
0.399092 0.248537
0.400824 0.243062
0.404224 0.238934
0.409089 0.244572
0.405861 0.251999
0.411277 0.251684
0.416918 0.252832
0.41789 0.247535
0.424854 0.248288
0.430852 0.246308
0.433455 0.241207
0.426752 0.240032
0.420676 0.241482
0.415101 0.240466
0.410494 0.237229
0.406051 0.233069
0.403504 0.227146
0.410442 0.227901
0.414641 0.231664
0.420671 0.234688
0.42719 0.232714
0.432727 0.233953
0.436401 0.228655
0.429965 0.224855
0.424566 0.227634
0.418841 0.227608
0.421346 0.221647
0.413974 0.220318
0.407063 0.222222
0.406351 0.216987
0.400257 0.217014
0.397444 0.22138
0.397438 0.227609
0.399791 0.233551
0.395351 0.237237
0.39197 0.231858
0.391185 0.225907
0.391725 0.220441
0.393477 0.214847
0.387252 0.215145
0.381139 0.215973
0.375482 0.213649
0.373421 0.218259
0.37079 0.223108
0.378907 0.223364
0.385177 0.222902
0.385175 0.230598
0.379176 0.23043
0.373695 0.227879
0.371081 0.23242
0.377086 0.236673
0.382667 0.238088
0.389127 0.237705
0.386622 0.244412
0.382491 0.248288
0.384332 0.253952
0.381002 0.259618
0.387683 0.260741
0.392337 0.261227
0.397935 0.26164
0.399569 0.266681
0.395045 0.271519
0.389787 0.270231
0.38494 0.267151
0.378917 0.26641
0.373437 0.267259
0.368476 0.264594
0.373567 0.259871
0.375785 0.255081
0.377122 0.249913
0.377056 0.244197
0.372417 0.239968
0.367783 0.244243
0.366383 0.250552
0.371462 0.251197
0.36664 0.257058
0.362457 0.260744
0.355759 0.260422
0.360118 0.253258
0.353475 0.252393
0.348637 0.257811
0.349078 0.262858
0.343421 0.265946
0.337341 0.267847
0.331751 0.263572
0.328793 0.256902
0.334371 0.254577
0.339242 0.259612
0.34219 0.253372
0.342377 0.246022
0.348171 0.248475
0.352818 0.242618
0.359069 0.246465
0.362806 0.241489
0.365747 0.236493
0.364825 0.22919
0.360125 0.224004
0.364563 0.220813
0.367264 0.214753
0.359578 0.214934
0.35572 0.220339
0.351265 0.216014
0.349425 0.223081
0.344663 0.217688
0.339072 0.219486
0.334066 0.220357
0.329282 0.220831
0.324444 0.223566
0.318334 0.223995
0.317677 0.230167
0.312041 0.227964
0.30598 0.23105
0.31028 0.234994
0.316279 0.236967
0.318109 0.243473
0.3222 0.246405
0.325932 0.242057
End
0.325932 0.242057
0.332562 0.238092
0.32732 0.236968
0.32185 0.23571
0.3249 0.229873
0.330485 0.229024
0.335666 0.232419
0.336617 0.226196
0.343431 0.225624
0.341331 0.232421
0.347864 0.230435
0.353602 0.2276
0.3583 0.230434
0.358035 0.237413
0.352368 0.234687
0.347596 0.237518
0.343766 0.239985
0.339245 0.238579
0.336114 0.243755
0.334767 0.248936
0.329585 0.247426
0.325227 0.25056
0.322275 0.255372
0.317768 0.257686
0.312358 0.255382
0.317322 0.250558
0.312099 0.247649
0.311059 0.241953
0.30482 0.23922
0.300881 0.234074
0.295886 0.236887
0.290936 0.240367
0.295417 0.24443
0.29988 0.242493
0.304389 0.246724
0.308277 0.250937
0.30559 0.255376
0.300772 0.254453
0.296445 0.249436
0.295695 0.254448
0.293312 0.258866
0.299843 0.261621
0.30584 0.261894
0.312101 0.261888
0.318615 0.26387
0.324359 0.262164
0.32462 0.269135
0.331136 0.270666
0.328525 0.275765
0.329267 0.28315
0.322519 0.284557
0.323556 0.291359
0.316674 0.2959
0.323041 0.29966
0.330495 0.297966
0.33108 0.290519
0.337889 0.291985
0.338264 0.2842
0.335256 0.276905
0.341117 0.275686
0.346441 0.274212
0.34988 0.269109
0.355526 0.26978
0.360817 0.266172
0.364463 0.272138
0.371839 0.274573
0.367168 0.28085
0.360114 0.28484
0.35819 0.276858
0.35221 0.280918
0.346072 0.283708
0.346516 0.291362
0.348055 0.299007
0.340714 0.299265
0.335599 0.305677
0.328776 0.306076
0.322086 0.307232
0.323338 0.314928
0.332094 0.314906
0.339377 0.315916
0.343746 0.309318
0.351472 0.306145
0.35197 0.315631
0.345462 0.321999
0.346022 0.33108
0.342276 0.339774
0.351433 0.341996
0.357175 0.333938
0.355815 0.324097
0.36507 0.327132
0.373936 0.325836
0.371485 0.316847
0.36352 0.317269
0.359213 0.310764
0.35874 0.301466
0.354579 0.292621
0.362201 0.292441
0.369056 0.290192
0.374425 0.284499
0.380197 0.280508
0.380361 0.273213
0.388071 0.278977
0.395794 0.280875
0.392852 0.287859
0.3829 0.28891
0.388819 0.295234
0.38205 0.299757
0.375592 0.295676
0.368208 0.299728
0.368476 0.30796
0.377611 0.308006
0.386085 0.308883
0.382046 0.317408
0.382866 0.326663
0.391669 0.324257
0.394095 0.314534
0.401185 0.307049
0.392095 0.304081
0.396972 0.297619
0.404896 0.298268
0.410449 0.301831
0.416831 0.300857
0.423157 0.302669
0.428319 0.307686
0.432189 0.315163
0.424245 0.316452
0.418403 0.310426
0.414813 0.318693
0.409425 0.310392
0.403895 0.316685
0.400859 0.325339
0.408807 0.325814
0.415188 0.329415
0.421997 0.324494
0.430043 0.322759
0.43773 0.322061
0.444982 0.320644
0.453391 0.324823
0.452928 0.332942
0.448057 0.330676
0.443895 0.327139
0.437728 0.331131
0.4303 0.331497
0.42305 0.334574
0.414034 0.337843
0.404467 0.338237
0.396331 0.334316
0.391338 0.341714
0.384749 0.335611
0.375629 0.336444
0.367887 0.3373
0.361868 0.344242
0.372561 0.349059
0.380824 0.345944
0.387493 0.351323
0.397035 0.349833
0.404621 0.350023
0.412392 0.347844
0.420074 0.345346
0.428031 0.343519
0.434923 0.346011
0.435707 0.339191
0.442963 0.336897
0.448879 0.339445
0.448012 0.34661
0.441572 0.34692
0.447359 0.354119
0.441571 0.354867
0.441174 0.361685
0.434019 0.359194
0.434318 0.352601
0.426084 0.353186
0.418078 0.356888
0.408329 0.358687
0.400343 0.362737
0.39295 0.363276
0.385964 0.361648
0.377997 0.360777
0.37044 0.360836
0.363525 0.361656
0.36181 0.353357
0.352304 0.352687
0.343098 0.348983
0.34312 0.358778
0.349732 0.364202
0.357132 0.366688
0.348538 0.374467
0.347771 0.383159
0.339692 0.386134
0.334554 0.394017
0.327419 0.39138
0.31936 0.392337
0.311313 0.390957
0.311164 0.384722
0.315759 0.378973
0.321646 0.383491
0.330499 0.382483
0.337573 0.376447
0.339434 0.367547
0.330324 0.369818
0.324252 0.374674
0.319018 0.370158
0.317018 0.363095
0.324051 0.360265
0.332312 0.360733
0.335155 0.352597
0.327329 0.349887
0.320406 0.350325
0.314452 0.355396
0.308937 0.360166
0.310098 0.368494
0.308723 0.376211
0.300489 0.377905
0.303126 0.385489
0.294592 0.383831
0.287831 0.381219
0.287458 0.371882
0.29331 0.37415
0.300494 0.370402
0.303019 0.363391
0.300575 0.356689
0.299813 0.350619
0.297212 0.345525
0.298157 0.339497
0.30372 0.336731
0.310719 0.336243
0.305018 0.34375
0.306312 0.351264
0.312228 0.347288
0.31652 0.342287
0.319355 0.335582
0.326668 0.331035
0.325835 0.340344
0.33379 0.342017
0.335543 0.333174
0.335257 0.32469
0.327489 0.322243
0.320232 0.32384
0.315562 0.328869
0.308171 0.327356
0.304229 0.330762
0.297036 0.33196
0.292608 0.335706
0.286622 0.336959
0.28667 0.329731
0.286264 0.323328
0.283098 0.31834
0.285425 0.312526
0.290999 0.314505
0.294445 0.319345
0.293304 0.325384
0.299292 0.325665
0.303079 0.320677
0.309997 0.3216
0.314611 0.319072
0.316239 0.314041
0.314397 0.309254
0.315203 0.3027
0.307411 0.304095
0.307725 0.313291
0.302691 0.309512
0.298391 0.313612
0.292594 0.30706
0.298854 0.304473
0.297472 0.298171
0.303548 0.297335
0.30918 0.294651
0.315506 0.289307
0.314919 0.282495
0.308753 0.286596
0.304151 0.282297
0.30107 0.288464
0.296079 0.291877
0.291217 0.287971
0.29513 0.283427
0.297744 0.278894
0.301922 0.275221
0.307916 0.276611
0.31418 0.275492
0.321768 0.277967
0.319857 0.272245
0.315683 0.268681
0.310915 0.26933
0.306885 0.268695
0.301931 0.268978
0.296973 0.267001
0.290595 0.266896
0.288796 0.262275
0.283575 0.265428
0.278442 0.263886
0.280793 0.258503
0.286799 0.257087
0.288532 0.25102
0.287134 0.245159
0.281257 0.246357
0.280806 0.252851
0.274665 0.252572
0.274537 0.259004
0.268347 0.258475
0.271853 0.264183
0.267085 0.265828
0.261861 0.265599
0.265155 0.27212
0.257125 0.272845
0.251573 0.277489
0.25444 0.281767
0.259656 0.282596
0.262711 0.277532
0.267634 0.28163
0.272222 0.275281
0.272737 0.269354
0.27844 0.270687
0.281489 0.273998
0.286844 0.27369
0.293695 0.273655
0.289402 0.279758
0.286013 0.283726
0.280786 0.280043
0.274789 0.280324
0.273136 0.286331
0.279123 0.287966
0.284372 0.289108
0.287742 0.293888
0.29051 0.299316
0.285579 0.30429
0.280786 0.308866
0.277223 0.313362
0.276079 0.319718
0.27831 0.325805
0.274281 0.330669
0.280424 0.334458
0.276001 0.338994
0.279289 0.343537
0.276183 0.349201
0.277724 0.35632
0.284525 0.354643
0.283893 0.349208
0.284954 0.343528
0.291204 0.343534
0.292352 0.350068
0.291424 0.355118
0.294746 0.360535
0.293291 0.366216
0.287034 0.362126
0.28104 0.361956
0.282604 0.368201
0.276837 0.367717
0.272644 0.372766
0.274263 0.377807
0.281522 0.375485
0.280775 0.382086
0.281025 0.388048
0.282168 0.39368
0.278432 0.398252
0.272852 0.399099
0.273445 0.391156
0.274079 0.384586
0.268252 0.382536
0.26223 0.381329
0.265391 0.375075
0.264854 0.369329
0.270087 0.366494
0.272617 0.361442
0.270346 0.356006
0.268775 0.350905
0.270608 0.34552
0.271376 0.340878
0.26888 0.336278
0.267998 0.330209
0.270341 0.324741
0.270607 0.318871
0.268782 0.313494
0.271125 0.308949
0.264342 0.308384
0.261738 0.302995
0.257231 0.305312
0.251827 0.304708
0.248965 0.31037
0.241824 0.309271
0.245309 0.304992
0.246878 0.299888
0.249478 0.294294
0.253307 0.298938
0.256935 0.296556
0.261403 0.295592
0.265283 0.297536
0.26931 0.302434
0.274516 0.3044
0.278962 0.302433
0.281622 0.296811
0.275288 0.294265
0.270352 0.29657
0.268245 0.290245
0.263568 0.288269
0.258091 0.28884
0.252729 0.289872
0.248186 0.284231
0.244964 0.289998
0.241642 0.295292
0.238451 0.302016
0.233766 0.307352
0.236676 0.31212
0.233884 0.315927
0.229045 0.317758
0.226308 0.324183
0.233048 0.323409
0.238344 0.322751
0.241546 0.317468
0.246973 0.317914
0.25156 0.316889
0.255928 0.312604
0.261105 0.313079
0.264084 0.318591
0.263566 0.324832
0.257405 0.320857
0.253875 0.32564
0.248939 0.330493
0.246338 0.32494
0.240085 0.327667
0.236177 0.331635
0.242168 0.333324
0.245566 0.337014
0.250519 0.337853
0.255739 0.338999
0.255948 0.331746
0.261737 0.330213
0.26174 0.336448
0.263557 0.341831
0.264078 0.347425
0.257821 0.345805
0.251819 0.34552
0.246859 0.34864
0.245041 0.343253
0.240076 0.341262
0.236354 0.338677
0.236943 0.345802
0.240075 0.35034
0.244877 0.354875
0.251321 0.354621
0.255999 0.352324
0.261404 0.3526
0.263845 0.357396
0.263384 0.363696
0.257407 0.360544
0.252012 0.361929
0.248774 0.366466
0.245038 0.361397
0.239454 0.360549
0.234234 0.365529
0.229496 0.362002
0.231729 0.358277
0.23549 0.354198
0.229645 0.352324
0.224161 0.350071
0.224695 0.34382
0.230428 0.346088
0.230989 0.340618
0.230991 0.33511
0.230428 0.329651
0.224119 0.330463
0.225055 0.336426
0.220584 0.338733
0.218515 0.345935
0.217818 0.352767
0.224415 0.357603
0.219845 0.361008
0.214599 0.360935
0.213942 0.36908
0.219999 0.368763
0.225468 0.366207
0.229125 0.371308
0.224426 0.374831
0.218173 0.375297
0.212085 0.376886
0.218168 0.382081
0.224162 0.3818
0.228865 0.384628
0.22953 0.390399
0.23139 0.395943
0.236952 0.391156
0.235123 0.384632
0.241533 0.384349
0.244139 0.390147
0.241724 0.395706
0.237591 0.399555
0.232185 0.402498
0.227204 0.40174
0.224426 0.40541
0.220013 0.402749
0.21817 0.3957
0.224426 0.395692
0.222336 0.388886
0.216681 0.388889
0.211935 0.384453
0.211168 0.391447
0.210499 0.397379
0.213994 0.400884
End
