479 441
0.422234 0.703359
0.415916 0.692774
0.424202 0.68424
0.431838 0.688116
0.441014 0.686722
0.447507 0.681489
0.436878 0.675666
0.429044 0.669598
0.421335 0.663285
0.428953 0.653428
0.418772 0.652977
0.411432 0.645793
0.420688 0.640088
0.430996 0.640248
0.438848 0.645987
0.439006 0.656817
0.44353 0.664404
0.449358 0.671963
0.458086 0.670451
0.466701 0.673089
0.47723 0.6808
0.487651 0.676673
0.486104 0.665374
0.477134 0.669901
0.469825 0.662385
0.457848 0.659374
0.451469 0.652221
0.449197 0.641521
0.442241 0.632688
0.453643 0.628623
0.464376 0.633122
0.460987 0.643588
0.468412 0.651995
0.479345 0.653388
0.488352 0.655257
0.497555 0.658459
0.506826 0.661422
0.509652 0.670577
0.497266 0.67014
0.497847 0.680524
0.50783 0.681062
0.516917 0.678706
0.523624 0.671977
0.533416 0.671209
0.539515 0.659745
0.529422 0.66048
0.519969 0.663167
0.515492 0.654919
0.50819 0.649071
0.497246 0.646884
0.488066 0.641411
0.475544 0.641412
0.473479 0.628662
0.466817 0.619513
0.456624 0.616702
0.461507 0.605296
0.472733 0.609432
0.472426 0.597641
0.483519 0.59673
0.48475 0.608784
0.481287 0.619201
0.48347 0.630231
0.493284 0.629114
0.500597 0.634284
0.508555 0.638532
0.519399 0.638608
0.522867 0.647935
0.531237 0.650602
0.538862 0.645768
0.531908 0.637399
0.525389 0.627549
0.51447 0.627789
0.504994 0.621962
0.494227 0.618408
0.497618 0.609043
0.494806 0.599375
0.505759 0.59585
0.507936 0.607356
0.513579 0.614963
0.522214 0.614788
0.531822 0.618872
0.538411 0.609766
0.542763 0.600159
0.551803 0.605139
0.560242 0.598137
0.570509 0.595902
0.566839 0.585064
0.555988 0.584126
0.55064 0.591873
0.538686 0.58995
0.530381 0.595296
0.528951 0.60569
0.517967 0.601667
0.517555 0.591537
0.525548 0.584026
0.533676 0.577397
0.543941 0.581355
0.543954 0.571816
0.55403 0.571783
0.563493 0.574399
0.56864 0.56578
0.578607 0.561536
0.581025 0.551508
0.583261 0.541614
0.573105 0.541994
0.576175 0.531432
0.575472 0.520805
0.581721 0.512161
0.575787 0.505207
0.567882 0.510812
0.563829 0.519862
0.554702 0.521365
0.544951 0.52621
0.554138 0.533442
0.56482 0.532272
0.561216 0.544132
0.56934 0.553231
0.560186 0.558773
0.550305 0.560752
0.541108 0.562367
0.532575 0.561413
0.536882 0.550465
0.549636 0.551049
0.549702 0.542206
0.540989 0.537415
0.531383 0.540046
0.524635 0.547219
0.514019 0.548402
0.505415 0.555558
0.495964 0.556568
0.48485 0.556909
0.48497 0.568392
0.493962 0.573983
0.503562 0.570461
0.512157 0.563708
0.522298 0.558995
0.527179 0.569358
0.518279 0.572974
0.512702 0.581587
0.502803 0.584668
0.492709 0.587678
0.483 0.583321
0.472058 0.585001
0.473442 0.573536
0.471313 0.560541
0.460721 0.567348
0.44847 0.568166
0.435816 0.563005
0.422849 0.564688
0.408502 0.568702
0.395825 0.558542
0.411305 0.551512
0.423705 0.541609
0.434702 0.547414
0.447424 0.551763
0.458638 0.551941
0.467943 0.54412
0.477791 0.548769
0.490705 0.543181
0.503512 0.542758
0.504635 0.53207
0.504237 0.518923
0.516392 0.521127
0.518188 0.534948
0.530684 0.528537
0.526789 0.515897
0.537927 0.517138
0.547738 0.510652
0.558084 0.504203
0.568832 0.497146
0.570051 0.486473
0.556856 0.487348
0.546973 0.495956
0.535083 0.503322
0.520598 0.504498
0.506178 0.505465
0.492834 0.509058
0.479294 0.517293
0.492203 0.525797
0.48162 0.534588
0.470618 0.529903
0.45727 0.533415
0.444872 0.534416
0.435784 0.524257
0.450071 0.513866
0.463825 0.517439
0.467641 0.50162
0.483102 0.501233
0.481846 0.487161
0.497266 0.489531
0.511234 0.491994
0.524633 0.488544
0.535687 0.488121
0.543893 0.478495
0.552666 0.470353
0.565222 0.474634
0.578225 0.476826
0.577271 0.467083
0.580267 0.456753
0.568859 0.458194
0.559184 0.460621
0.553775 0.448742
0.540358 0.444116
0.54143 0.460831
0.529151 0.468949
0.515746 0.476555
0.501868 0.472161
0.514719 0.458105
0.525843 0.448129
0.524676 0.430399
0.538154 0.425974
0.550735 0.430762
0.562496 0.434084
0.568012 0.445192
0.579112 0.444152
0.588115 0.43818
0.59474 0.431984
0.603208 0.433021
0.611653 0.432662
0.619318 0.438067
0.615048 0.446824
0.60918 0.456018
0.602552 0.445423
0.589988 0.450186
0.597698 0.458056
0.588665 0.466009
0.597668 0.471605
0.606864 0.467362
0.616368 0.463621
0.622006 0.470235
0.630835 0.469354
0.640103 0.466994
0.649199 0.465874
0.656626 0.46349
0.66362 0.458959
0.654381 0.452264
0.644109 0.455323
0.633667 0.456916
0.623137 0.456267
0.627496 0.447209
0.636777 0.445562
0.646285 0.444402
0.652071 0.436928
0.659974 0.440189
0.663715 0.448585
0.672537 0.448252
0.673311 0.456251
0.680519 0.458121
0.681125 0.467675
0.689775 0.462075
0.696683 0.45578
0.705728 0.458442
0.700877 0.464525
0.695452 0.469639
0.688025 0.473275
0.67967 0.479472
0.672764 0.475039
0.670817 0.465518
0.663859 0.473135
0.656402 0.475415
0.647569 0.477443
0.643501 0.485196
0.635564 0.479479
0.625554 0.482225
0.633501 0.491654
0.624989 0.497741
0.624103 0.507265
0.629502 0.515383
0.620606 0.522247
0.627115 0.528786
0.63566 0.526615
0.640362 0.518137
0.638988 0.509631
0.63758 0.501776
0.644398 0.494722
0.653247 0.492553
0.658532 0.486088
0.666959 0.48455
0.674087 0.489239
0.682505 0.488913
0.689757 0.483079
0.696525 0.478743
0.703999 0.473041
0.711923 0.473914
0.719912 0.475052
0.728337 0.479097
0.721061 0.48506
0.718163 0.492831
0.724675 0.494943
0.730428 0.489371
0.737622 0.484541
0.737085 0.476598
0.744265 0.47372
0.74266 0.466858
0.735083 0.466888
0.727557 0.469671
0.727992 0.460226
0.722356 0.455763
0.719805 0.464842
0.711514 0.46598
0.71347 0.458623
0.715451 0.452373
0.707492 0.449964
0.700894 0.446695
0.694974 0.441909
0.691038 0.4486
0.685969 0.452864
0.680914 0.445568
0.68732 0.439898
0.68706 0.42943
0.694012 0.433362
0.696654 0.426302
0.70586 0.424262
0.70043 0.418367
0.694562 0.412276
0.689761 0.419289
0.681413 0.420765
0.677336 0.413056
0.684783 0.410425
0.689213 0.403779
0.697066 0.403005
0.705855 0.401587
0.713763 0.399353
0.709594 0.392543
0.703565 0.387265
0.700585 0.394885
0.694167 0.390241
0.687794 0.394432
0.679807 0.392089
0.679675 0.402135
0.670839 0.396005
0.661032 0.39857
0.654984 0.391127
0.652782 0.382635
0.645669 0.378975
0.636899 0.37534
0.628497 0.377818
0.619441 0.378741
0.623863 0.388773
0.633769 0.393837
0.637009 0.385305
0.644199 0.391981
0.650027 0.399833
0.655307 0.407484
0.663786 0.407571
0.671506 0.405664
0.669415 0.414878
0.67111 0.422759
0.677094 0.428557
0.679573 0.435931
0.671116 0.439479
0.666659 0.431286
0.658391 0.427558
0.661834 0.418353
0.653132 0.418222
0.646114 0.412233
0.641181 0.403364
0.632151 0.403352
0.623159 0.400741
0.613945 0.395692
0.612716 0.406438
0.618629 0.414669
0.62711 0.412573
0.635742 0.414398
0.641496 0.422785
0.648489 0.428101
0.63956 0.434246
0.62933 0.436299
0.631181 0.42519
0.621662 0.426212
0.611864 0.421598
0.605401 0.415174
0.597325 0.420279
0.586375 0.42396
0.574781 0.430916
0.576241 0.418451
0.562173 0.418914
0.568164 0.406251
0.578672 0.406109
0.588163 0.411793
0.597767 0.406668
0.603635 0.398519
0.593226 0.393016
0.586208 0.399454
0.580317 0.389069
0.571447 0.393073
0.559998 0.393083
0.555066 0.403691
0.546991 0.413363
0.531071 0.408377
0.542061 0.395566
0.528559 0.386675
0.539617 0.375445
0.55189 0.382678
0.564874 0.38045
0.564908 0.368019
0.551199 0.365578
0.534041 0.359803
0.545792 0.349831
0.537959 0.337231
0.552678 0.332957
0.560878 0.343245
0.561339 0.355485
0.573989 0.351131
0.585989 0.354703
0.595573 0.353809
0.604577 0.351628
0.601735 0.341675
0.592589 0.337273
0.584186 0.342775
0.573031 0.338201
0.567173 0.327971
0.558718 0.31906
0.545256 0.318658
0.55437 0.305933
0.558056 0.292807
0.566957 0.300492
0.576258 0.304132
0.571374 0.31485
0.583857 0.318482
0.580946 0.328909
0.59376 0.325141
0.602261 0.330768
0.607306 0.324521
0.611552 0.316043
0.602808 0.314845
0.594051 0.31286
0.585309 0.307555
0.583284 0.296607
0.593138 0.300107
0.602082 0.30345
0.609266 0.297899
0.612909 0.305785
0.619384 0.312644
0.622882 0.320503
0.629328 0.317915
0.63758 0.322176
0.644625 0.328399
0.649133 0.322153
0.644927 0.314305
0.636552 0.313153
0.639763 0.305589
0.645983 0.302527
0.644203 0.295323
0.639179 0.290174
0.634845 0.282693
0.632231 0.276632
0.63002 0.269541
0.633431 0.2646
0.630482 0.257887
0.638776 0.257704
0.641847 0.265734
0.639427 0.273885
0.643027 0.281166
0.648902 0.287135
0.652676 0.278692
0.648125 0.27154
0.657698 0.269473
0.652744 0.264358
0.65371 0.256191
0.646984 0.257548
0.642815 0.249219
0.63486 0.248051
0.627222 0.244586
0.625975 0.251722
0.617903 0.249776
0.621281 0.2579
0.622681 0.265451
0.623459 0.274589
0.617381 0.28149
0.624234 0.284571
0.631151 0.288083
0.628557 0.294466
0.634002 0.299902
0.628938 0.308511
0.622966 0.302572
0.618936 0.294781
0.612386 0.288712
0.609557 0.27974
0.60212 0.283918
0.602149 0.292317
0.592215 0.288403
0.582564 0.287614
0.572891 0.28969
0.565321 0.281567
0.573235 0.271138
0.578166 0.278759
0.587355 0.277657
0.596086 0.275517
0.604779 0.272504
0.614328 0.271826
0.613855 0.262702
0.610146 0.254254
0.605109 0.262641
0.595869 0.265481
0.586156 0.266934
0.580073 0.261432
0.589335 0.254016
0.597408 0.25641
0.602857 0.25047
0.598071 0.244255
0.609245 0.24448
0.609624 0.23643
0.618543 0.24038
0.619941 0.23086
0.626978 0.235033
0.634681 0.23752
0.631372 0.22641
0.63981 0.223083
0.64201 0.231008
0.649417 0.235298
0.643166 0.240668
0.650969 0.246479
0.657978 0.242109
0.657643 0.234059
0.661816 0.22677
0.652686 0.226565
0.647215 0.219924
0.655633 0.218042
0.663457 0.216558
0.668297 0.221297
0.676415 0.221774
0.67383 0.214184
0.683784 0.214735
0.683076 0.226087
0.690247 0.223265
0.693394 0.214505
0.700004 0.218256
0.706546 0.215459
0.714101 0.218813
0.708363 0.225211
0.707729 0.233567
0.699829 0.235829
0.699378 0.226765
0.691814 0.232157
0.6904 0.241048
0.683128 0.236167
0.676417 0.232844
0.670458 0.229197
0.665915 0.235919
0.669119 0.242541
0.676073 0.243793
0.684322 0.245234
0.681044 0.253025
0.68772 0.253603
0.691828 0.255119
0.695105 0.260052
0.7 0.264172
0.708033 0.262408
0.702887 0.256972
0.707389 0.251178
0.697139 0.250903
0.697206 0.243419
0.704599 0.243397
0.711184 0.24272
0.717432 0.239241
0.716243 0.232621
0.719071 0.226456
0.722624 0.219091
0.731323 0.221823
0.726521 0.22952
0.725827 0.236589
0.729645 0.242441
0.734521 0.235837
0.73559 0.229121
0.741357 0.224885
0.749962 0.229114
0.743211 0.234718
0.750502 0.238276
0.758107 0.234987
0.766332 0.238221
0.770776 0.244899
0.762857 0.245229
0.755934 0.245136
0.74713 0.246015
0.739284 0.24289
0.733123 0.248113
0.740893 0.251452
0.734267 0.255916
0.730093 0.261756
0.722254 0.259289
0.72532 0.252044
0.722334 0.244896
0.716426 0.249439
0.714594 0.256415
0.714733 0.265792
0.722068 0.266232
0.728295 0.271774
0.73493 0.269915
0.740525 0.274703
0.747393 0.278541
0.740673 0.283445
0.732961 0.281646
0.726514 0.285034
0.726273 0.291732
0.728039 0.29836
0.724575 0.305151
0.718098 0.308766
0.711905 0.312443
0.706687 0.310554
0.701676 0.313385
0.698745 0.317906
0.691284 0.31576
0.684163 0.310496
0.68233 0.317455
0.675992 0.319501
0.678374 0.326797
0.669605 0.323647
0.667551 0.316896
0.673975 0.312345
0.676976 0.305847
0.668767 0.304042
0.666324 0.309775
0.659949 0.305861
0.661715 0.297837
0.664127 0.290523
0.670042 0.286092
0.669308 0.279202
0.675221 0.278088
0.682116 0.279521
0.687099 0.275344
0.691909 0.283716
0.695554 0.277963
0.703909 0.279474
0.70112 0.285719
0.696242 0.291219
0.689837 0.295118
0.685958 0.288458
0.678944 0.287658
0.672864 0.291395
0.670329 0.297625
0.678501 0.297067
0.6842 0.30132
0.690151 0.305347
0.698192 0.307567
0.695406 0.301124
0.701662 0.298028
0.709018 0.302057
0.717823 0.299888
0.719397 0.292208
0.712949 0.292938
0.70651 0.292131
0.70999 0.28438
0.718163 0.283933
0.724331 0.278602
0.719903 0.273432
0.713114 0.277395
0.709254 0.271845
0.702505 0.271353
0.69521 0.27033
0.688944 0.266437
0.682916 0.262762
0.679864 0.270455
0.673737 0.265957
0.676021 0.258601
0.670835 0.253376
0.664795 0.247831
0.658839 0.25146
0.661803 0.259161
0.666538 0.263648
0.667598 0.270777
0.663038 0.274894
0.66171 0.281431
0.657203 0.286168
0.65483 0.293134
0.653221 0.300108
0.651971 0.308225
0.653819 0.315178
0.660944 0.314879
0.657792 0.322133
0.661878 0.328408
0.668985 0.331569
0.669866 0.339963
0.668723 0.346931
0.659718 0.346439
0.660189 0.338106
0.653708 0.331188
0.647852 0.336859
0.650225 0.344442
0.653308 0.351626
0.647406 0.357218
0.640013 0.354086
0.640525 0.344843
0.637489 0.337466
0.63677 0.329925
0.629448 0.329883
0.622713 0.330025
0.615902 0.325372
0.612034 0.334848
0.613444 0.344887
0.620251 0.339885
0.628299 0.34133
0.631669 0.350297
0.623318 0.353188
0.613327 0.354475
0.607594 0.363078
0.599539 0.368013
0.589511 0.367413
0.577247 0.363256
0.576292 0.375941
0.585635 0.379236
0.594526 0.380363
0.601332 0.385975
0.610499 0.386408
0.607804 0.376071
0.615447 0.370138
0.620027 0.362537
0.627971 0.367467
0.633122 0.36059
0.640168 0.366184
0.647554 0.368816
0.654651 0.369048
0.65939 0.373587
0.66248 0.380936
0.664297 0.389153
0.671073 0.384056
0.677117 0.383978
0.683299 0.382237
0.689991 0.38208
0.696955 0.381334
0.704603 0.379603
0.704492 0.3723
0.701471 0.365079
0.695046 0.370986
0.686863 0.373659
0.68569 0.36567
0.675377 0.364723
0.67838 0.373574
0.669434 0.373428
0.664934 0.36474
0.656608 0.360536
0.662716 0.354252
0.669854 0.357613
0.675702 0.352774
0.680835 0.357995
0.688799 0.357291
0.695513 0.359788
0.701234 0.353473
0.707028 0.358347
0.709991 0.364499
0.714298 0.370103
0.713261 0.377387
0.712686 0.3845
0.718174 0.391161
0.724094 0.398556
0.720189 0.405515
0.713556 0.408494
0.704856 0.410226
0.711162 0.416545
0.71466 0.424033
0.719534 0.4161
0.726066 0.414966
0.728374 0.406151
0.733509 0.411205
0.740654 0.410046
0.747875 0.415943
0.754558 0.412169
0.75692 0.419717
0.764741 0.414538
0.767362 0.421995
0.760264 0.426871
0.753734 0.430403
0.748567 0.425824
0.74266 0.420985
0.73643 0.418934
0.730304 0.422034
0.724436 0.426303
0.731908 0.43075
0.739397 0.428656
0.737787 0.436054
0.734802 0.443601
0.728158 0.437643
0.72056 0.438122
0.719217 0.430942
0.713137 0.432802
0.706 0.43216
0.701407 0.437253
0.709992 0.440049
0.714675 0.445158
0.721298 0.446707
0.727865 0.447186
0.733023 0.453236
0.737305 0.458995
0.742752 0.454032
0.746499 0.459994
0.7517 0.467672
0.759912 0.467113
0.76861 0.466581
0.766418 0.474873
0.774289 0.471917
0.781229 0.474233
0.78842 0.474172
0.79473 0.472372
0.799342 0.467193
0.798648 0.458251
0.805534 0.464196
0.810562 0.45878
0.808467 0.450091
0.816504 0.452499
0.822831 0.455788
0.828195 0.450906
0.824277 0.4436
0.815348 0.442591
0.818356 0.435366
0.827164 0.435365
0.834844 0.43514
0.835062 0.427051
0.828887 0.425157
0.822457 0.42814
0.816036 0.426228
0.815089 0.41901
0.808 0.414519
0.801518 0.417714
0.797314 0.422899
0.791217 0.425577
0.786021 0.431393
0.789877 0.437476
0.796835 0.437626
0.800888 0.430974
0.807802 0.425427
0.809355 0.434946
0.805256 0.441852
0.800629 0.447703
0.794508 0.45168
0.790035 0.446193
0.781954 0.443843
0.779463 0.43545
0.773003 0.441043
0.763749 0.442845
0.768472 0.449203
0.776169 0.451233
0.783759 0.453254
0.78854 0.458386
0.790035 0.465524
0.780732 0.46477
0.776063 0.459709
0.768257 0.458034
0.760957 0.45804
0.753785 0.457489
0.758478 0.449677
0.749471 0.447824
0.741424 0.448043
0.742871 0.440858
0.747232 0.43553
0.754436 0.440334
0.760965 0.435369
0.767869 0.431836
0.774234 0.428739
0.781288 0.424707
0.775448 0.418662
0.776111 0.410856
0.76913 0.407967
0.761795 0.405676
0.753445 0.403855
0.746488 0.404301
0.741734 0.398448
0.734723 0.401524
0.732434 0.394559
0.726342 0.390602
0.723388 0.384005
0.723392 0.377546
0.722654 0.369803
0.731227 0.36763
0.732781 0.37641
0.73278 0.385002
0.739501 0.390023
0.746905 0.391015
0.753839 0.393553
0.760089 0.397764
0.762 0.390398
0.766844 0.386827
0.768793 0.379252
0.762666 0.377953
0.757331 0.382835
0.749687 0.382995
0.741143 0.380952
0.740607 0.371595
0.739973 0.363664
0.741581 0.356013
0.738487 0.348945
0.731745 0.349206
0.732273 0.357851
0.724426 0.359914
0.716812 0.360453
0.712951 0.353056
0.719017 0.351783
0.725148 0.349119
0.72001 0.342665
0.712769 0.344288
0.707165 0.348418
0.700594 0.34475
0.696693 0.338027
0.688875 0.341861
0.693608 0.348809
0.684779 0.349674
0.678055 0.344645
0.676882 0.335591
0.683719 0.337072
0.687154 0.330567
0.687147 0.323333
0.696242 0.324001
0.694641 0.330788
0.703065 0.33144
0.707389 0.337934
0.715829 0.335851
0.711663 0.329056
0.705907 0.322566
0.714647 0.320574
0.722763 0.316589
0.730131 0.315446
0.732429 0.308466
0.739389 0.305182
0.735339 0.300247
0.735128 0.291947
0.742809 0.291551
0.745511 0.298484
0.753887 0.29626
0.751836 0.302926
0.753369 0.30973
0.759584 0.305555
0.762245 0.312664
0.768027 0.31842
0.77512 0.320539
0.775682 0.328198
0.778109 0.337221
0.771078 0.335688
0.7648 0.3322
0.765136 0.325746
0.759743 0.320862
0.754178 0.317276
0.74748 0.315495
0.745066 0.308647
0.739281 0.315454
0.736337 0.322373
0.744947 0.322566
0.751389 0.325403
0.75609 0.329757
0.759193 0.337767
0.752807 0.338164
0.747471 0.334816
0.742653 0.330455
0.734744 0.331345
0.728601 0.325397
0.720172 0.326265
0.723225 0.332883
0.727423 0.339291
0.733823 0.340131
0.740419 0.340048
0.746504 0.344505
0.749136 0.351854
0.755741 0.347222
0.762566 0.350166
0.765136 0.342404
0.771652 0.345807
0.775983 0.351474
0.782596 0.352402
0.781489 0.345805
0.789619 0.344292
0.784684 0.338796
0.786311 0.332038
0.785868 0.324979
0.79356 0.321732
0.790598 0.314512
0.782961 0.317722
0.779004 0.312115
0.770596 0.310919
0.774518 0.30385
0.766742 0.30307
0.761553 0.297054
0.757829 0.288468
0.749692 0.28775
0.753654 0.280423
0.75823 0.275336
0.763481 0.267893
0.758437 0.261905
0.753224 0.268441
0.746347 0.268708
0.740088 0.262716
0.746768 0.258145
0.752308 0.254316
0.758875 0.253984
0.764949 0.253664
0.768852 0.260926
0.77242 0.253974
0.777963 0.247803
0.78471 0.252875
0.781236 0.258348
0.777177 0.263652
0.772508 0.270215
0.766654 0.27552
0.763354 0.282841
0.766478 0.290411
0.772234 0.293953
0.779152 0.297067
0.786358 0.291189
0.784964 0.284584
0.778417 0.288078
0.772443 0.282313
0.779876 0.278215
0.780619 0.270786
0.786164 0.267305
0.792411 0.260798
0.792431 0.269285
0.802573 0.270565
0.797693 0.273033
0.797765 0.278818
0.789051 0.27745
0.792967 0.284769
0.797576 0.289112
0.803092 0.285817
0.807579 0.28058
0.81407 0.286068
0.811206 0.2927
0.805017 0.293187
0.798349 0.296743
0.792449 0.296296
0.786526 0.299137
0.782407 0.305401
0.789693 0.306736
0.796442 0.306134
0.799788 0.31497
0.807686 0.313203
0.803927 0.307071
0.804042 0.300652
0.812091 0.301587
0.81853 0.29462
0.820636 0.302204
0.82552 0.307844
0.815358 0.310127
0.814104 0.318247
0.80636 0.321608
0.800626 0.325548
0.795581 0.33031
0.795003 0.336738
0.796262 0.344364
0.803131 0.339758
0.806879 0.333333
0.810888 0.326913
0.816905 0.326541
0.8228 0.322914
0.822542 0.3157
0.830016 0.31674
0.831747 0.324685
0.836667 0.331891
0.82966 0.333036
0.82296 0.331093
0.815658 0.334467
0.82148 0.338802
0.818919 0.345796
0.812268 0.340704
0.80971 0.347422
0.802117 0.349206
0.796624 0.354117
0.789878 0.35423
0.784092 0.360174
0.777006 0.361545
0.771209 0.356318
0.764539 0.357305
0.757276 0.359544
0.749478 0.359411
0.74988 0.366213
0.748719 0.374519
0.756133 0.371882
0.763171 0.369014
0.768789 0.364701
0.772538 0.370336
0.775384 0.376725
0.777997 0.383036
0.773906 0.387522
0.772443 0.393424
0.767704 0.398297
0.774777 0.40109
0.781312 0.403444
0.78869 0.401365
0.786013 0.410147
0.785049 0.418193
0.79285 0.41497
0.795658 0.407025
0.803306 0.408172
0.810004 0.403142
0.80159 0.399878
0.795397 0.395697
0.788891 0.392547
0.780793 0.394558
0.783545 0.38724
0.79152 0.384996
0.78527 0.378033
0.781088 0.370748
0.788421 0.365167
0.791509 0.370961
0.793026 0.377342
0.799577 0.380269
0.802714 0.374258
0.799221 0.369247
0.79601 0.362334
0.803459 0.358924
0.810455 0.355684
0.817871 0.353811
0.824541 0.355577
0.833684 0.355404
0.829857 0.349212
0.826419 0.34293
0.833273 0.340784
0.840289 0.340524
0.839101 0.348181
0.843472 0.353628
0.839379 0.360716
0.846032 0.365507
0.840428 0.370396
0.832939 0.370617
0.830459 0.362803
0.822472 0.364209
0.815235 0.364646
0.808142 0.365306
0.809436 0.373547
0.814588 0.378772
0.818759 0.372846
0.825273 0.375437
0.830693 0.382246
0.837355 0.379669
0.846075 0.376876
0.849348 0.385024
0.842355 0.387374
0.835061 0.390506
0.836422 0.399167
0.842887 0.396603
0.849487 0.394319
0.849595 0.403392
0.842512 0.405631
0.838176 0.411555
0.83206 0.407353
0.824528 0.404769
0.828653 0.398773
0.825658 0.392298
0.82375 0.385301
0.816582 0.385973
0.80771 0.383442
0.799235 0.386803
0.80348 0.391964
0.80912 0.393724
0.816078 0.394319
0.818521 0.402009
0.814644 0.410431
0.822613 0.412166
0.825037 0.418531
0.832737 0.416952
0.84042 0.422534
0.843582 0.416478
0.849579 0.412454
0.849652 0.422866
0.842944 0.430514
0.848958 0.434511
0.847553 0.444989
0.84092 0.441197
0.833234 0.444569
0.839483 0.450979
0.845605 0.454529
0.842287 0.462303
0.834278 0.45764
0.827752 0.462586
0.820447 0.465555
0.813674 0.468396
0.808815 0.473992
0.802332 0.475453
0.797723 0.480608
0.79208 0.483288
0.786018 0.483424
0.77974 0.482976
0.772645 0.48093
0.772444 0.489298
0.767342 0.497196
0.767216 0.505663
0.767444 0.514535
0.77765 0.514988
0.777769 0.506262
0.77627 0.498016
0.780509 0.490715
0.784496 0.495654
0.791286 0.492418
0.79866 0.490384
0.804939 0.495778
0.800286 0.500932
0.803592 0.507609
0.811556 0.505666
0.813269 0.498358
0.819614 0.491858
0.810782 0.489706
0.805776 0.483362
0.81498 0.48195
0.819847 0.475851
0.827515 0.472622
0.834817 0.467379
0.841814 0.471868
0.835934 0.47696
0.836153 0.485363
0.825656 0.482968
0.829183 0.491201
0.833699 0.498
0.825856 0.500206
0.819965 0.50528
0.827147 0.510557
0.823663 0.519418
0.816608 0.515002
0.807273 0.514741
0.812017 0.522943
0.819768 0.526479
0.816088 0.533025
0.81408 0.541244
0.806273 0.541918
0.808356 0.532852
0.800165 0.537078
0.793115 0.542269
0.793102 0.550778
0.801157 0.548323
0.810003 0.550051
0.804329 0.557583
0.796182 0.558935
0.799192 0.567083
0.795417 0.575079
0.788208 0.572
0.78858 0.562655
0.783455 0.557477
0.784848 0.549153
0.778301 0.544886
0.769527 0.5433
0.764839 0.550936
0.773465 0.553346
0.77499 0.562645
0.779643 0.570373
0.770094 0.573394
0.761867 0.569525
0.766052 0.561595
0.758878 0.557668
0.752088 0.561565
0.742563 0.560091
0.739237 0.553205
0.74568 0.548545
0.75377 0.550134
0.759926 0.54255
0.751165 0.540519
0.744945 0.534614
0.739425 0.540093
0.730259 0.540136
0.734233 0.547156
0.729198 0.553612
0.722218 0.559188
0.715863 0.565595
0.707932 0.566649
0.70961 0.575741
0.716756 0.577086
0.723504 0.581232
0.726515 0.589564
0.71973 0.59327
0.714505 0.588001
0.707866 0.585194
0.700286 0.580718
0.702029 0.573432
0.692927 0.574577
0.684943 0.572821
0.686463 0.583065
0.69316 0.588066
0.70122 0.589295
0.708337 0.596073
0.716658 0.601891
0.726689 0.599496
0.735074 0.601487
0.742951 0.603292
0.748024 0.610666
0.752226 0.603201
0.760639 0.606152
0.767798 0.598589
0.759546 0.595223
0.751545 0.594091
0.743196 0.594103
0.735074 0.592058
0.733684 0.584179
0.731984 0.576147
0.724946 0.569714
0.731495 0.56134
0.736364 0.568143
0.745377 0.56831
0.752276 0.572542
0.742048 0.57656
0.743208 0.58502
0.752107 0.584362
0.758862 0.578535
0.763494 0.586626
0.77014 0.582676
0.777675 0.581593
0.784224 0.580381
0.791072 0.583533
0.784249 0.590473
0.773962 0.592362
0.780501 0.599478
0.773699 0.607213
0.766451 0.612826
0.765276 0.621208
0.754873 0.616602
0.757196 0.627511
0.752521 0.636373
0.745139 0.642489
0.740078 0.649486
0.728022 0.64952
0.734775 0.657717
0.72647 0.661977
0.716651 0.658232
0.717445 0.648872
0.714334 0.641329
0.723555 0.639547
0.733629 0.639046
0.741631 0.633596
0.746928 0.626609
0.743454 0.619118
0.73786 0.613134
0.730423 0.609402
0.721794 0.609388
0.721688 0.619862
0.730613 0.620173
0.73568 0.627205
0.725432 0.630058
0.715539 0.631376
0.706276 0.63364
0.696773 0.632349
0.692954 0.624178
0.686401 0.619241
0.678921 0.623789
0.685799 0.631519
0.690382 0.639868
0.689728 0.648041
0.696987 0.652476
0.699698 0.641961
0.707454 0.64537
0.706326 0.653415
0.705894 0.662687
0.712302 0.668333
0.721893 0.670832
0.715672 0.679348
0.708193 0.679415
0.700656 0.672291
0.696915 0.662519
0.6886 0.65873
0.681764 0.652525
0.677621 0.658382
0.681733 0.66577
0.68986 0.669832
0.692304 0.67884
0.699802 0.683353
0.705378 0.690342
0.695768 0.698828
0.692628 0.691052
0.685651 0.685766
0.681508 0.676645
0.67315 0.673099
0.671307 0.663841
0.665057 0.668077
0.663866 0.675729
0.660087 0.683249
0.667126 0.687266
0.672582 0.682009
0.67745 0.68842
0.680313 0.697432
0.687287 0.703864
0.680577 0.711599
0.672911 0.707201
0.662363 0.706033
0.669969 0.696941
0.66229 0.696036
0.656294 0.691859
0.651017 0.684279
0.646025 0.69019
0.651165 0.698795
0.65222 0.707699
0.642312 0.706312
0.639772 0.696442
0.633379 0.690348
0.639554 0.682067
0.630489 0.68205
0.631641 0.673254
0.623911 0.671515
0.620105 0.666141
0.618396 0.657919
0.625818 0.657672
0.631401 0.661569
0.637359 0.665991
0.642098 0.671746
0.647547 0.676388
0.655531 0.675166
0.652498 0.666892
0.660289 0.66086
0.662706 0.652349
0.670645 0.655337
0.672505 0.645717
0.681191 0.642852
0.67591 0.635103
0.666726 0.637257
0.663634 0.645121
0.65803 0.64044
0.650867 0.638773
0.652181 0.648704
0.652155 0.657129
0.643481 0.659447
0.635207 0.652596
0.642444 0.64829
0.64223 0.640439
0.645155 0.63183
0.636395 0.633787
0.628539 0.63507
0.631786 0.643781
0.62512 0.649353
0.616822 0.646677
0.621664 0.63858
0.612744 0.636057
0.602187 0.639754
0.606722 0.646122
0.6119 0.654044
0.604762 0.656318
0.596561 0.651805
0.591988 0.643793
0.593987 0.633091
0.603075 0.630229
0.611357 0.625493
0.620301 0.627099
0.629255 0.624508
0.640484 0.624583
0.637162 0.617394
0.645098 0.612902
0.653513 0.612575
0.649956 0.62182
0.65389 0.629527
0.661579 0.630171
0.670276 0.627987
0.670717 0.619045
0.661129 0.620184
0.661801 0.609974
0.670136 0.609969
0.677459 0.611094
0.683559 0.609967
0.691027 0.610595
0.699338 0.614998
0.703218 0.623016
0.712475 0.623064
0.711988 0.613802
0.707807 0.606078
0.699062 0.605372
0.698463 0.596801
0.689582 0.600078
0.68348 0.591954
0.678843 0.600064
0.670489 0.599748
0.662323 0.601327
0.65346 0.603184
0.645268 0.601807
0.636919 0.607382
0.636475 0.598146
0.644281 0.590925
0.635618 0.585469
0.629569 0.593005
0.624754 0.584582
0.616132 0.581561
0.606692 0.582176
0.597868 0.578653
0.599775 0.567581
0.608703 0.571276
0.617113 0.568901
0.624998 0.572189
0.633429 0.575057
0.642127 0.57861
0.650002 0.579611
0.65346 0.587305
0.654868 0.594698
0.664207 0.591894
0.673377 0.588867
0.677666 0.5799
0.668324 0.578375
0.662146 0.583384
0.658362 0.574709
0.651513 0.568886
0.642621 0.569363
0.641572 0.561233
0.632137 0.563631
0.623198 0.558772
0.627206 0.547535
0.635257 0.55189
0.646173 0.552629
0.651932 0.559882
0.658069 0.552502
0.663669 0.544606
0.670328 0.548452
0.677588 0.553922
0.669591 0.558964
0.660568 0.562825
0.666194 0.569403
0.675077 0.569574
0.682158 0.562353
0.691019 0.564621
0.699081 0.566396
0.699386 0.557819
0.690965 0.55549
0.685094 0.550151
0.686127 0.54324
0.694551 0.54265
0.699342 0.548669
0.707726 0.548748
0.708314 0.557821
0.715684 0.552013
0.722687 0.54822
0.722334 0.539673
0.714415 0.541068
0.710861 0.532863
0.705302 0.540212
0.700444 0.534002
0.704617 0.525754
0.710138 0.518133
0.714896 0.524785
0.720466 0.530828
0.728535 0.530272
0.736768 0.529734
0.7314 0.520746
0.722517 0.520659
0.717131 0.512781
0.726723 0.511611
0.734682 0.511042
0.740896 0.518138
0.744867 0.525862
0.752115 0.52212
0.754083 0.531466
0.761102 0.531884
0.768072 0.534274
0.776609 0.535131
0.784539 0.537997
0.79018 0.532854
0.79774 0.529322
0.804796 0.52506
0.798675 0.51949
0.796312 0.512234
0.794063 0.503083
0.786763 0.501456
0.787373 0.510119
0.787688 0.518292
0.790332 0.524611
0.780851 0.525769
0.77261 0.524691
0.763622 0.523294
0.757485 0.516452
0.75726 0.507679
0.749018 0.511688
0.742171 0.507755
0.747989 0.500106
0.756781 0.498842
0.757383 0.491412
0.764538 0.488799
0.762353 0.48125
0.756652 0.475342
0.748573 0.478983
0.753906 0.484987
0.746915 0.488644
0.739959 0.492759
0.738741 0.500648
0.73205 0.499474
0.726068 0.503397
0.71892 0.50436
0.713243 0.498935
0.709018 0.506422
0.702528 0.51048
0.700048 0.517572
0.695145 0.523441
0.693041 0.532044
0.685593 0.535231
0.677579 0.540174
0.670393 0.536172
0.665805 0.529476
0.658899 0.522465
0.660392 0.511656
0.669636 0.508966
0.68177 0.509318
0.677373 0.516711
0.668825 0.520062
0.677289 0.527314
0.685946 0.52508
0.688919 0.516105
0.691981 0.507357
0.698042 0.501354
0.705652 0.495473
0.711321 0.489143
0.711926 0.481859
0.703443 0.483886
0.697984 0.491062
0.690372 0.493077
0.684912 0.499752
0.676539 0.500539
0.668377 0.497609
0.660711 0.499704
0.651031 0.504814
0.650468 0.515009
0.647724 0.524349
0.644086 0.533492
0.653866 0.531885
0.659111 0.538117
0.651778 0.54374
0.642117 0.543472
0.633867 0.538365
0.622587 0.538367
0.614675 0.533625
0.605976 0.531326
0.597406 0.527923
0.60096 0.516218
0.610239 0.521997
0.615074 0.513616
0.611238 0.506015
0.611481 0.49541
0.617872 0.48907
0.613798 0.478407
0.604097 0.481074
0.590702 0.480569
0.582069 0.487068
0.582787 0.498111
0.591889 0.494348
0.60083 0.490472
0.601594 0.502887
0.592619 0.50671
0.590215 0.51624
0.586081 0.524662
0.588629 0.533686
0.594638 0.541858
0.603277 0.542058
0.611174 0.545239
0.61792 0.55042
0.610254 0.55843
0.601088 0.555607
0.591662 0.551948
0.58977 0.561852
0.588154 0.572489
0.576731 0.572988
0.577171 0.584449
0.587419 0.583174
0.593543 0.590352
0.583081 0.595233
0.576733 0.604038
0.566181 0.608343
0.559693 0.615488
0.550489 0.615417
0.542404 0.620034
0.538679 0.629401
0.546968 0.634334
0.553213 0.627151
0.562973 0.625171
0.56267 0.635256
0.556796 0.642148
0.547339 0.645044
0.549703 0.654303
0.548461 0.664701
0.557424 0.663276
0.566117 0.663618
0.571683 0.656486
0.560906 0.652545
0.569296 0.645544
0.573399 0.637314
0.57309 0.628134
0.571889 0.618356
0.579593 0.6133
0.587806 0.608239
0.594757 0.601043
0.602771 0.592817
0.612399 0.592709
0.620707 0.596553
0.626508 0.604097
0.630097 0.613543
0.622326 0.614049
0.615527 0.61607
0.614137 0.604655
0.605337 0.604115
0.598144 0.611153
0.607258 0.615209
0.601404 0.621604
0.592633 0.62138
0.584017 0.620958
0.583541 0.630395
0.583068 0.640196
0.579865 0.650337
0.588122 0.656465
0.580137 0.663184
0.575053 0.670328
0.584029 0.675251
0.590987 0.667899
0.599421 0.663293
0.610661 0.664791
0.610525 0.672628
0.602201 0.673985
0.596732 0.680306
0.589426 0.683542
0.58747 0.692735
0.590161 0.701809
0.5867 0.709431
0.580211 0.715167
0.574539 0.722104
0.569378 0.728549
0.560769 0.726036
0.552475 0.72865
0.546093 0.734805
0.54037 0.742882
0.534706 0.732723
0.52211 0.730238
0.517053 0.742571
0.52745 0.740854
0.531602 0.75093
0.521311 0.754607
0.510186 0.752041
0.511097 0.762756
0.500679 0.767834
0.499429 0.757117
0.496403 0.747934
0.504894 0.742868
0.510222 0.733876
0.505813 0.72509
0.515316 0.721344
0.524615 0.71709
0.532905 0.7225
0.542598 0.721405
0.552101 0.717391
0.562474 0.715924
0.570105 0.711168
0.576731 0.704513
0.578306 0.696368
0.579439 0.68648
0.572757 0.680603
0.56707 0.674591
0.55965 0.675467
0.551326 0.674829
0.542971 0.672687
0.538479 0.68097
0.543755 0.689233
0.551585 0.68483
0.55904 0.689823
0.568531 0.689227
0.566129 0.699262
0.55837 0.705389
0.548222 0.7085
0.550219 0.697454
0.539668 0.69993
0.537169 0.710737
0.527151 0.706587
0.529427 0.697505
0.533411 0.689573
0.527254 0.681937
0.5208 0.68977
0.510434 0.691238
0.516721 0.698947
0.516211 0.707942
0.506978 0.713122
0.503114 0.702291
0.500725 0.690192
0.492926 0.696673
0.488318 0.687408
0.479496 0.691288
0.480117 0.701164
0.490079 0.706034
0.495846 0.71314
0.496357 0.722689
0.497 0.733326
0.490211 0.740674
0.483986 0.733301
0.484799 0.725318
0.484995 0.715893
0.476763 0.712183
0.468808 0.709625
0.466108 0.699502
0.468704 0.690791
0.466179 0.682653
0.457024 0.683882
0.453391 0.693051
0.452429 0.704137
0.459419 0.711384
0.451305 0.719506
0.460909 0.723664
0.471376 0.722359
0.472342 0.732297
0.47815 0.741209
0.48487 0.750319
0.489252 0.759942
0.477312 0.764906
0.48746 0.770608
0.491752 0.779183
0.502127 0.778836
0.512358 0.774471
0.521338 0.768811
0.529615 0.763253
0.540021 0.762715
0.542051 0.753306
0.551185 0.750836
0.555691 0.741888
0.563632 0.737017
0.567583 0.745976
0.576545 0.746379
0.584566 0.742036
0.576163 0.735316
0.585938 0.732
0.586196 0.722924
0.596215 0.726531
0.606378 0.723888
0.603334 0.715405
0.594302 0.715391
0.60064 0.707287
0.602979 0.699635
0.596694 0.693094
0.604481 0.68755
0.612189 0.684013
0.616058 0.676858
0.622112 0.680272
0.62406 0.688202
0.619317 0.694422
0.61143 0.695465
0.612282 0.704957
0.61241 0.713891
0.617037 0.721132
0.624856 0.71509
0.621192 0.706213
0.628435 0.698929
0.632064 0.706685
0.635799 0.714892
0.645797 0.717648
0.655459 0.71723
0.66463 0.716017
0.672092 0.720289
0.660911 0.727592
0.652135 0.736127
0.650187 0.727128
0.640213 0.729412
0.63499 0.723201
0.626983 0.724957
0.619861 0.730959
0.627453 0.736379
0.635105 0.738547
0.643652 0.741037
0.63427 0.748644
0.625542 0.7558
0.622754 0.746907
0.615841 0.740123
0.611884 0.731016
0.60372 0.735106
0.593601 0.737724
0.600203 0.744638
0.60844 0.746538
0.614006 0.753529
0.616524 0.762615
0.607159 0.764987
0.600903 0.755921
0.59185 0.74939
0.58315 0.754563
0.590078 0.761031
0.597439 0.766555
0.59819 0.775284
0.587404 0.772034
0.586027 0.781779
0.576527 0.787148
0.575904 0.775971
0.56606 0.779696
0.555894 0.774969
0.56583 0.766732
0.578182 0.765348
0.572899 0.756412
0.561659 0.754961
0.553205 0.762973
0.545493 0.771878
0.534413 0.773902
0.536604 0.784129
0.545262 0.782851
0.55252 0.787095
0.560557 0.789097
0.567904 0.792917
0.555078 0.799382
0.543853 0.795112
0.542896 0.805988
0.530511 0.811071
0.532386 0.800687
0.531061 0.791006
0.524196 0.781106
0.512521 0.786459
0.520344 0.794905
0.519381 0.80606
0.508293 0.799641
0.500187 0.791714
0.489459 0.790345
0.479543 0.781998
0.470975 0.77624
0.463321 0.770672
0.454422 0.765852
0.444653 0.759246
0.433812 0.750904
0.444887 0.744665
0.455305 0.750511
0.465346 0.757539
0.475051 0.752345
0.466807 0.744753
0.461272 0.736765
0.452096 0.733277
0.442849 0.729909
0.433238 0.736652
0.422687 0.74279
0.416809 0.732889
0.40672 0.731901
0.400368 0.722824
0.401443 0.71141
0.389199 0.716515
0.391388 0.702258
0.379751 0.706456
0.370793 0.699625
0.363344 0.690907
0.370394 0.679029
0.358796 0.672298
0.353165 0.68289
0.343186 0.673303
0.333569 0.661725
0.346609 0.661262
0.357017 0.659517
0.367018 0.662908
0.376223 0.663593
0.384622 0.657892
0.386185 0.647761
0.381498 0.637887
0.374254 0.647486
0.364616 0.648578
0.353052 0.64834
0.339543 0.646882
0.324568 0.649607
0.314469 0.640781
0.307708 0.630263
0.308577 0.61599
0.296003 0.617921
0.287398 0.602039
0.304442 0.602474
0.317626 0.593008
0.323773 0.605819
0.334083 0.593532
0.326337 0.581947
0.346125 0.579436
0.346686 0.594564
0.358845 0.593821
0.368744 0.602572
0.382163 0.602504
0.39493 0.605654
0.401135 0.59618
0.387839 0.590531
0.374143 0.58763
0.362637 0.577534
0.378476 0.570228
0.390229 0.57456
0.400117 0.581967
0.411239 0.585911
0.421399 0.580496
0.433618 0.578324
0.445456 0.581709
0.458078 0.580053
0.462871 0.591442
0.452825 0.593862
0.448683 0.604902
0.445594 0.616478
0.437469 0.620948
0.429836 0.630085
0.425779 0.619736
0.425995 0.608863
0.436624 0.604366
0.439243 0.592152
0.426452 0.59317
0.416552 0.599506
0.408793 0.607738
0.413572 0.618508
0.417284 0.629196
0.408136 0.635339
0.401671 0.627546
0.40033 0.617165
0.388158 0.615655
0.375987 0.614792
0.363997 0.61702
0.352248 0.623616
0.353693 0.60928
0.341015 0.608284
0.333919 0.618336
0.320467 0.62109
0.327054 0.634205
0.339624 0.630804
0.350582 0.636704
0.362868 0.636293
0.369096 0.628559
0.377709 0.627629
0.388196 0.626749
0.393551 0.63682
0.400168 0.644161
0.39549 0.654808
0.406642 0.655667
0.410453 0.667421
0.417097 0.676603
0.407208 0.682289
0.397139 0.67721
0.400075 0.666402
0.389151 0.667465
0.382796 0.676797
0.379674 0.690287
0.391721 0.688545
0.402086 0.692957
0.406367 0.70176
0.414303 0.709043
0.414474 0.719658
0.42521 0.724386
0.429661 0.712349
0.434895 0.723148
0.443123 0.715727
0.440583 0.705989
0.441857 0.696186
0.430882 0.698962
End
