479 441
0.23971 0.433267
0.244585 0.433511
0.247631 0.43681
0.247368 0.442181
0.24665 0.447607
0.242933 0.452667
0.237191 0.454361
0.241633 0.459782
0.236935 0.461451
0.232501 0.464008
0.232165 0.456931
0.227098 0.458872
0.222921 0.461459
0.226493 0.466008
0.228586 0.471179
0.228594 0.47669
0.231934 0.480063
0.235898 0.479621
0.240685 0.480513
0.245284 0.482521
0.252534 0.481901
0.249453 0.488683
0.255123 0.489968
0.258067 0.486115
0.259637 0.479892
0.262246 0.474784
0.268225 0.475081
0.267151 0.480732
0.268591 0.485653
0.264077 0.487158
0.262248 0.492933
0.268476 0.494738
0.265818 0.499637
0.261643 0.500774
0.257571 0.497016
0.251533 0.495476
0.253039 0.50229
0.247723 0.500773
0.244042 0.499556
0.240706 0.49865
0.237775 0.500468
0.234017 0.498226
0.23402 0.504078
0.238417 0.506504
0.242164 0.509102
0.246583 0.505974
0.24797 0.511353
0.246667 0.517403
0.249451 0.520435
0.252249 0.524579
0.24529 0.525599
0.249883 0.528582
0.249462 0.533381
0.244476 0.531322
0.240739 0.533075
0.238585 0.528482
0.236171 0.523092
0.240067 0.523815
0.241407 0.519762
0.242785 0.514523
0.237986 0.513625
0.233954 0.517854
0.23307 0.511995
0.230575 0.507739
0.228099 0.502202
0.225368 0.497043
0.229643 0.497745
0.231271 0.493197
0.237216 0.492927
0.244749 0.49377
0.24319 0.488681
0.23937 0.485649
0.235695 0.486846
0.231939 0.48595
0.22799 0.488672
0.223947 0.491199
0.222244 0.48503
0.226509 0.481875
0.219615 0.478891
0.222726 0.47596
0.222319 0.471185
0.217091 0.470877
0.219316 0.465658
0.215919 0.4611
0.220219 0.456269
0.213908 0.455268
0.216022 0.451255
0.212548 0.44593
0.217109 0.445578
0.22171 0.449818
0.226269 0.452138
0.231351 0.44986
0.231692 0.44446
0.237555 0.447164
0.241293 0.441887
0.234842 0.438785
0.229183 0.438791
0.225901 0.443319
0.220762 0.442462
0.215453 0.438786
0.210792 0.438117
0.214239 0.432265
0.210042 0.429086
0.209717 0.423176
0.215797 0.424898
0.220482 0.427734
0.219637 0.433916
0.223886 0.435954
0.228835 0.432267
0.227098 0.426996
0.228877 0.421292
0.22649 0.417237
0.222316 0.42129
0.219636 0.4161
0.214657 0.418872
0.209146 0.415579
0.212899 0.412682
0.213573 0.407938
0.208878 0.405908
0.213987 0.403633
0.21746 0.39835
0.212942 0.397969
0.208881 0.397997
0.209969 0.392296
0.210294 0.386847
0.215364 0.390405
0.218759 0.393436
0.223699 0.390655
0.225421 0.397944
0.229739 0.394171
0.234603 0.391904
0.241787 0.393167
0.238659 0.397571
0.234582 0.400697
0.232486 0.405042
0.226749 0.405052
0.221962 0.402108
0.219531 0.405513
0.218144 0.410431
0.224134 0.411298
0.229366 0.412429
0.233808 0.411576
0.23901 0.410428
0.24525 0.41385
0.251812 0.41337
0.251719 0.40395
0.24481 0.407038
0.241093 0.402513
0.246495 0.399288
0.25051 0.394238
0.251728 0.387071
0.24527 0.387078
0.238613 0.386218
0.234121 0.381849
0.229507 0.386122
0.224143 0.38408
0.219202 0.384361
0.215012 0.38434
0.211406 0.379833
0.216634 0.377557
0.212097 0.373619
0.21481 0.369441
0.213662 0.362977
0.215624 0.35604
0.220216 0.357801
0.22022 0.362804
0.220227 0.367356
0.220234 0.371878
0.22232 0.377558
0.228323 0.377833
0.233172 0.374151
0.226901 0.370751
0.226789 0.364601
0.225898 0.359407
0.224405 0.353741
0.222925 0.348063
0.217813 0.350624
0.218911 0.344528
0.220345 0.34015
0.221319 0.334564
0.225458 0.338991
0.228046 0.344099
0.231362 0.338734
0.233055 0.333802
0.239697 0.335236
0.246931 0.336721
0.24737 0.344675
0.242255 0.341761
0.23622 0.343774
0.234542 0.348713
0.228583 0.349691
0.230902 0.355637
0.23667 0.355153
0.240876 0.349589
0.245021 0.353128
0.245505 0.359646
0.240875 0.36141
0.234593 0.361419
0.232498 0.366497
0.239738 0.368289
0.238778 0.375539
0.243188 0.37981
0.250436 0.379811
0.251515 0.373033
0.245265 0.372571
0.249557 0.3666
0.251768 0.361374
0.25223 0.35468
0.252414 0.34882
0.253602 0.342746
0.255484 0.336328
0.25314 0.330671
0.257596 0.326138
0.256378 0.318975
0.260504 0.31223
0.255294 0.308363
0.249715 0.309807
0.24527 0.306592
0.241093 0.309496
0.237633 0.313795
0.235081 0.320086
0.24085 0.319717
0.245509 0.315559
0.251255 0.316051
0.248665 0.322922
0.247371 0.329911
0.242152 0.326299
0.236692 0.328425
0.231375 0.328047
0.226726 0.332481
0.224467 0.327125
0.229732 0.32345
0.227702 0.318885
0.230989 0.313311
0.234217 0.307512
0.238974 0.303838
0.236957 0.300102
0.243432 0.300173
0.241091 0.294337
0.244657 0.288865
0.247995 0.282674
0.253374 0.281982
0.25277 0.276448
0.256834 0.27299
0.261567 0.277773
0.258439 0.284111
0.264074 0.286339
0.258488 0.291619
0.25237 0.289306
0.2483 0.294469
0.250196 0.301669
0.255705 0.298183
0.259649 0.30405
0.265381 0.302988
0.262431 0.297166
0.266784 0.293356
0.272426 0.293619
0.272364 0.287582
0.269621 0.282062
0.276583 0.282283
0.281817 0.275483
0.278431 0.270677
0.273467 0.274352
0.26797 0.276654
0.264739 0.271242
0.259533 0.267728
0.264036 0.263663
0.267982 0.260367
0.2708 0.267677
0.274511 0.263375
0.276877 0.257608
0.272002 0.255078
0.277384 0.25003
0.282388 0.250748
0.287346 0.251837
0.284246 0.258472
0.281189 0.264153
0.287008 0.268658
0.292229 0.26326
0.291172 0.256891
0.299006 0.255074
0.295418 0.249373
0.290697 0.246578
0.284063 0.244574
0.290313 0.239069
0.295111 0.241704
0.298523 0.237247
0.302029 0.232803
0.306421 0.230159
0.311734 0.228454
0.316842 0.230252
0.320957 0.223121
0.324209 0.227843
0.328807 0.234206
0.322167 0.235067
0.317773 0.239204
0.312515 0.238495
0.307217 0.23669
0.304247 0.242993
0.301643 0.248995
0.307923 0.249389
0.313746 0.245773
0.32152 0.243726
0.328366 0.241239
0.335065 0.23919
0.340863 0.236152
0.335326 0.232691
0.332368 0.227167
0.328828 0.221495
0.335692 0.219493
0.339026 0.224806
0.34213 0.229509
0.348249 0.229664
0.349082 0.2351
0.356448 0.234423
0.359476 0.229663
0.359887 0.223625
0.35387 0.223779
0.347852 0.223634
0.343393 0.220425
0.343081 0.215827
0.349704 0.216437
0.35612 0.21575
0.362033 0.214737
0.364562 0.220805
0.36681 0.227835
0.365981 0.234637
0.372425 0.234149
0.3752 0.228562
0.371764 0.223664
0.370586 0.218782
0.368223 0.214007
0.374757 0.213647
0.379707 0.215071
0.376833 0.22044
0.381005 0.223982
0.382053 0.229657
0.379859 0.235407
0.387803 0.233824
0.39483 0.238269
0.403349 0.240993
0.40168 0.234897
0.399555 0.229826
0.393858 0.230755
0.392521 0.225864
0.387514 0.224045
0.384937 0.218474
0.385172 0.213254
0.391078 0.213836
0.392044 0.218762
0.397449 0.216189
0.397973 0.223043
0.40241 0.220203
0.406082 0.216399
0.413787 0.219562
0.408821 0.223063
0.405003 0.22755
0.407568 0.233335
0.411308 0.237371
0.410539 0.243075
0.416487 0.243873
0.420909 0.240681
0.426945 0.243073
0.423813 0.248799
0.43052 0.248255
0.432331 0.25303
0.438165 0.256256
0.444367 0.253295
0.449393 0.249965
0.445985 0.245509
0.445464 0.239484
0.43947 0.241465
0.439088 0.24826
0.433469 0.243437
0.433204 0.236938
0.427981 0.236921
0.423949 0.235292
0.417992 0.233962
0.412937 0.229421
0.417546 0.225586
0.420867 0.220905
0.427124 0.223176
0.423025 0.228146
0.428761 0.230418
0.432607 0.225698
0.435316 0.230737
0.439823 0.228054
0.439754 0.234908
0.445345 0.232158
0.449609 0.235132
0.452488 0.238929
0.457942 0.240381
0.453863 0.246252
0.458476 0.249763
0.462828 0.244778
0.467658 0.248305
0.464507 0.253549
0.462428 0.258964
0.45747 0.256457
0.452199 0.256452
0.445282 0.260417
0.452207 0.264552
0.458009 0.263842
0.457653 0.271614
0.463065 0.267992
0.466615 0.263
0.470804 0.258969
0.471099 0.253062
0.475614 0.254122
0.479559 0.258663
0.475173 0.26336
0.480537 0.265203
0.485116 0.264461
0.490134 0.270317
0.483956 0.271856
0.477043 0.270937
0.471017 0.267909
0.467673 0.273214
0.463821 0.276991
0.470588 0.282514
0.472665 0.277049
0.479926 0.27797
0.479521 0.284683
0.48508 0.289044
0.491677 0.289079
0.490652 0.28275
0.487047 0.277969
0.494646 0.276929
0.498274 0.283317
0.502651 0.288813
0.49766 0.291627
0.490877 0.296385
0.495147 0.303713
0.497927 0.298153
0.503978 0.298911
0.507268 0.294755
0.510812 0.300826
0.513933 0.307743
0.508139 0.305733
0.500999 0.306196
0.503537 0.311505
0.508151 0.3145
0.515721 0.314021
0.521097 0.321494
0.539338 0.32157
0.545096 0.314346
0.546369 0.306988
0.551752 0.308347
0.558458 0.305725
0.554454 0.301562
0.551927 0.296611
0.557062 0.291085
0.563656 0.289083
0.559536 0.284888
0.563005 0.280441
0.567039 0.277363
0.569604 0.272998
0.572587 0.268702
0.575782 0.265139
0.580249 0.260435
0.583218 0.255173
0.586631 0.257321
0.591801 0.256227
0.591822 0.261231
0.596017 0.264158
0.59716 0.269443
0.596008 0.275479
0.590023 0.275774
0.585353 0.272435
0.590349 0.268665
0.587075 0.264133
0.581408 0.266407
0.579579 0.272917
0.575764 0.277055
0.572783 0.282572
0.567383 0.284548
0.571237 0.289358
0.567716 0.295026
0.561266 0.297047
0.566056 0.30291
0.574211 0.299913
0.577043 0.294021
0.583332 0.293966
0.589287 0.289547
0.578181 0.28678
0.581613 0.282238
0.585797 0.280996
0.591571 0.282015
0.596647 0.283633
0.602844 0.281468
0.602278 0.275481
0.608301 0.275206
0.613231 0.272385
0.61139 0.267261
0.609233 0.262128
0.604644 0.268958
0.601689 0.26415
0.604381 0.258966
0.598363 0.257632
0.598132 0.252437
0.595322 0.249762
0.589656 0.250802
0.594456 0.245165
0.599582 0.243776
0.602885 0.247328
0.607505 0.248277
0.604372 0.25344
0.610632 0.255069
0.616182 0.257857
0.616889 0.264554
0.622138 0.266706
0.623114 0.260694
0.6298 0.260625
0.637091 0.2571
0.632549 0.2528
0.627328 0.249891
0.625235 0.255725
0.621092 0.252797
0.616917 0.250542
0.612732 0.248282
0.61011 0.243181
0.60351 0.239897
0.607537 0.236929
0.611703 0.23581
0.616358 0.23247
0.620716 0.228045
0.623146 0.233037
0.6242 0.238749
0.616602 0.238554
0.617959 0.243446
0.622561 0.245997
0.62812 0.24314
0.633279 0.246632
0.634631 0.242239
0.634278 0.237424
0.631302 0.233092
0.627041 0.228959
0.629947 0.224619
0.635073 0.22553
0.63752 0.221479
0.642605 0.219324
0.647191 0.218903
0.652389 0.218419
0.657962 0.215692
0.660304 0.221074
0.665938 0.214408
0.668246 0.21991
0.666752 0.226306
0.660725 0.22786
0.654649 0.226382
0.649777 0.2267
0.644288 0.225309
0.639174 0.229133
0.640627 0.235674
0.64682 0.232159
0.652583 0.236074
0.646119 0.239195
0.640557 0.243976
0.640696 0.251061
0.646964 0.248195
0.651697 0.243465
0.656223 0.248632
0.663514 0.244859
0.658867 0.240979
0.658642 0.234664
0.664686 0.233893
0.669385 0.239375
0.671587 0.232163
0.677448 0.234425
0.685382 0.232393
0.692872 0.229187
0.696234 0.221549
0.689969 0.221543
0.685526 0.225866
0.679712 0.226352
0.673264 0.22557
0.675355 0.21942
0.673027 0.214014
0.679284 0.213966
0.682637 0.219232
0.68603 0.213927
0.692056 0.214223
0.698322 0.214274
0.704061 0.214349
0.709801 0.217173
0.703233 0.22127
0.701422 0.227853
0.709797 0.227227
0.714756 0.221353
0.71769 0.216553
0.722815 0.220322
0.730413 0.221186
0.739406 0.223761
0.751675 0.229279
0.754622 0.227873
0.773435 0.239737
0.788857 0.254944
0.807885 0.276964
0.814054 0.280983
0.811682 0.285394
0.814542 0.291524
0.818829 0.295692
0.818754 0.303967
0.823622 0.301629
0.827051 0.308728
0.821302 0.311001
0.825735 0.316323
0.831618 0.318443
0.826524 0.323355
0.835908 0.326746
0.831717 0.329615
0.825719 0.329918
0.825704 0.336717
0.83198 0.337196
0.838241 0.335608
0.836369 0.34276
0.841715 0.34447
0.836849 0.350576
0.831359 0.347365
0.82648 0.343324
0.824994 0.351346
0.829882 0.354875
0.82717 0.360326
0.834589 0.360257
0.837699 0.356298
0.843716 0.354051
0.84222 0.361916
0.846503 0.363951
0.847151 0.371555
0.839951 0.370321
0.835115 0.365757
0.8299 0.369395
0.831239 0.375483
0.838004 0.377107
0.844258 0.377246
0.848482 0.381322
0.840127 0.384736
0.842858 0.390409
0.848705 0.388886
0.850244 0.395481
0.844759 0.397677
0.83934 0.401682
0.83727 0.394867
0.833659 0.388889
0.832688 0.381851
0.827401 0.384971
0.827976 0.394172
0.831614 0.399822
0.826666 0.404779
0.834582 0.407809
0.829651 0.412334
0.824685 0.418367
0.823206 0.411565
0.815721 0.413309
0.816633 0.420829
0.812926 0.426696
0.818319 0.431605
0.821935 0.426358
0.827543 0.425479
0.831739 0.421405
0.835961 0.41686
0.843024 0.418824
0.845074 0.413844
0.840289 0.41045
0.844721 0.406285
0.850313 0.4025
0.850728 0.409294
0.850712 0.416091
0.85086 0.423723
0.849216 0.431138
0.844296 0.42601
0.838631 0.425863
0.833806 0.42895
0.827028 0.432207
0.827201 0.437489
0.833771 0.438215
0.836903 0.434818
0.841988 0.434902
0.847162 0.437094
0.849459 0.441944
0.846212 0.445429
0.841348 0.444486
0.837315 0.444944
0.83167 0.443599
0.825701 0.44332
0.820815 0.439797
0.815275 0.439827
0.812567 0.434245
0.806714 0.434039
0.805997 0.440295
0.80413 0.446086
0.810843 0.444822
0.815676 0.44899
0.821327 0.449306
0.826732 0.450127
0.831658 0.449845
0.833498 0.455226
0.838228 0.451739
0.843021 0.452703
0.847562 0.453408
0.84189 0.457908
0.844662 0.463206
0.838501 0.462064
0.835456 0.466259
0.831351 0.470532
0.836739 0.472803
0.842382 0.470501
0.841344 0.476694
0.839154 0.481845
0.836361 0.486682
0.83676 0.492279
0.834001 0.49613
0.829863 0.490952
0.823907 0.489317
0.823345 0.495181
0.828386 0.497736
0.832176 0.502505
0.829541 0.50882
0.825481 0.503071
0.81915 0.503131
0.81703 0.499364
0.811084 0.500013
0.806211 0.500428
0.803003 0.502877
0.800377 0.507107
0.794682 0.508439
0.795938 0.502557
0.793185 0.499035
0.794377 0.493853
0.800634 0.495474
0.806653 0.493502
0.811328 0.491991
0.817533 0.492767
0.815253 0.487055
0.818123 0.482459
0.823354 0.483851
0.829863 0.48414
0.833819 0.478111
0.827601 0.476537
0.821285 0.477082
0.821258 0.470827
0.825702 0.468272
0.827783 0.463737
0.831673 0.46033
0.825711 0.456922
0.818689 0.457125
0.821258 0.463433
0.815669 0.464867
0.810811 0.461176
0.811461 0.454255
0.805513 0.451888
0.79817 0.453624
0.804057 0.457504
0.804816 0.463741
0.809738 0.469296
0.815526 0.472532
0.812909 0.477632
0.811075 0.484127
0.807161 0.480734
0.803774 0.486408
0.799148 0.489963
0.796201 0.485271
0.790993 0.483285
0.7902 0.477337
0.796228 0.476581
0.800866 0.479356
0.805853 0.475067
0.802195 0.47081
0.798283 0.467976
0.798554 0.461485
0.791447 0.460574
0.792718 0.468971
0.787882 0.470284
0.782643 0.468968
0.783939 0.478496
0.778064 0.477974
0.774213 0.483959
0.782895 0.487061
0.789946 0.488967
0.787855 0.49435
0.783346 0.495813
0.778378 0.494474
0.77352 0.490927
0.772057 0.497992
0.766031 0.499847
0.765154 0.506823
0.757547 0.506817
0.758484 0.513396
0.752628 0.515896
0.758129 0.520633
0.766209 0.519971
0.76592 0.513416
0.772737 0.514447
0.777676 0.516534
0.782439 0.513617
0.779507 0.50879
0.772202 0.507034
0.776183 0.502292
0.781848 0.502289
0.788377 0.502007
0.786959 0.507574
0.788113 0.513619
0.793776 0.513612
0.797506 0.51739
0.800895 0.513332
0.805855 0.511342
0.810385 0.506554
0.815849 0.50907
0.82082 0.508313
0.823887 0.511625
0.82765 0.516296
0.822571 0.518161
0.82461 0.523688
0.820484 0.524987
0.817032 0.52335
0.813164 0.519775
0.817629 0.515607
0.811331 0.513333
0.806486 0.518155
0.800032 0.522368
0.804805 0.524302
0.809916 0.525734
0.813579 0.528576
0.811337 0.533746
0.816496 0.532224
0.8206 0.532021
0.815857 0.538798
0.814443 0.545043
0.80928 0.543735
0.807941 0.538556
0.80273 0.541953
0.802032 0.546861
0.79646 0.545363
0.796462 0.539207
0.800649 0.536303
0.805038 0.532551
0.800361 0.529218
0.794636 0.527502
0.794084 0.522032
0.789592 0.520095
0.783933 0.520425
0.777679 0.522041
0.771676 0.522976
0.775587 0.527871
0.781845 0.527227
0.787842 0.526949
0.788807 0.532139
0.794369 0.53338
0.790197 0.538559
0.782784 0.540063
0.783686 0.534317
0.777931 0.533754
0.775586 0.539203
0.771159 0.536008
0.765164 0.535186
0.770037 0.529997
0.764693 0.526492
0.758881 0.52723
0.75304 0.528366
0.749093 0.523379
0.743325 0.528674
0.747835 0.533348
0.751934 0.538382
0.758321 0.534455
0.761232 0.540568
0.763074 0.545348
0.76672 0.548472
0.7698 0.543357
0.775324 0.545072
0.780099 0.546114
0.785438 0.545696
0.790462 0.545081
0.789162 0.551714
0.796457 0.551026
0.794374 0.556047
0.799381 0.557163
0.80238 0.554052
0.805418 0.549895
0.810491 0.55042
0.80743 0.55661
0.804212 0.561146
0.802319 0.565407
0.799423 0.568993
0.797351 0.57366
0.795733 0.57904
0.790482 0.579117
0.791871 0.585324
0.786273 0.584198
0.788078 0.590039
0.782673 0.59026
0.785006 0.594828
0.783088 0.599164
0.780009 0.60238
0.777514 0.606426
0.774954 0.610144
0.772654 0.613786
0.769523 0.616943
0.767135 0.621707
0.763361 0.626586
0.760271 0.623971
0.7553 0.624727
0.756388 0.630156
0.760114 0.631896
0.756275 0.635598
0.753751 0.640684
0.750542 0.637701
0.750558 0.632659
0.75028 0.627279
0.74487 0.627
0.740439 0.623215
0.743867 0.620662
0.747745 0.61907
0.751927 0.620572
0.753218 0.615676
0.757485 0.616814
0.761312 0.618687
0.765502 0.615272
0.767252 0.609508
0.762032 0.607333
0.760684 0.611779
0.755406 0.60923
0.752619 0.605446
0.753032 0.601135
0.75088 0.597141
0.745769 0.595257
0.749045 0.590719
0.754294 0.592992
0.75541 0.588822
0.760717 0.588736
0.762546 0.583347
0.768067 0.584373
0.766537 0.588823
0.773501 0.586183
0.771417 0.592338
0.767236 0.595903
0.762178 0.594281
0.757834 0.596756
0.757829 0.602054
0.762015 0.602047
0.766984 0.602338
0.771757 0.606208
0.772009 0.599786
0.77697 0.599015
0.776496 0.593967
0.778925 0.590272
0.779761 0.585036
0.779411 0.580156
0.783596 0.579008
0.785693 0.574476
0.781244 0.572257
0.777128 0.569475
0.771677 0.572849
0.775334 0.578133
0.769347 0.578648
0.763053 0.577124
0.757065 0.579094
0.754112 0.583916
0.749483 0.583915
0.750796 0.576826
0.745452 0.577887
0.741586 0.58166
0.745308 0.586183
0.741594 0.588779
0.739321 0.593551
0.735045 0.5972
0.733583 0.602359
0.729136 0.606028
0.723406 0.606142
0.724041 0.612931
0.726083 0.617933
0.731746 0.616786
0.732281 0.611973
0.735925 0.608203
0.740693 0.606263
0.740353 0.600082
0.746366 0.602062
0.745757 0.608523
0.749933 0.611128
0.744617 0.615284
0.7401 0.612744
0.737665 0.617558
0.735927 0.622015
0.731749 0.622467
0.726902 0.624993
0.73234 0.629263
0.737748 0.62898
0.741833 0.631899
0.744523 0.635507
0.738018 0.636079
0.735507 0.639696
0.730698 0.642882
0.735082 0.644689
0.738839 0.6456
0.742199 0.642888
0.746347 0.640604
0.748757 0.644735
0.745526 0.649506
0.740097 0.650052
0.741651 0.654504
0.737519 0.659052
0.735582 0.654581
0.733489 0.649299
0.730489 0.652398
0.725786 0.653561
0.726189 0.647661
0.724787 0.642483
0.727221 0.637956
0.731746 0.635421
0.72697 0.631537
0.722694 0.630432
0.719222 0.62636
0.720282 0.620647
0.71687 0.615379
0.717132 0.60886
0.718184 0.602043
0.720557 0.595462
0.726753 0.599119
0.728978 0.593251
0.732702 0.588991
0.736192 0.585896
0.735702 0.57988
0.732229 0.575846
0.725857 0.579751
0.727063 0.585339
0.722948 0.588222
0.716607 0.589403
0.710701 0.585824
0.715766 0.580935
0.719007 0.576616
0.719225 0.570315
0.725309 0.571776
0.73018 0.568626
0.735667 0.570023
0.740792 0.572395
0.746381 0.569203
0.752353 0.570028
0.757056 0.57286
0.763051 0.570949
0.767466 0.568303
0.773238 0.565498
0.77376 0.559237
0.7793 0.559718
0.782683 0.564854
0.787858 0.567756
0.790795 0.57259
0.794379 0.567372
0.796472 0.561884
0.7909 0.56198
0.788111 0.558951
0.78428 0.556314
0.781577 0.551889
0.776187 0.551845
0.771181 0.553676
0.76515 0.554435
0.767231 0.561232
0.761566 0.561238
0.75942 0.566334
0.75448 0.562747
0.748724 0.563231
0.748998 0.557559
0.753089 0.553696
0.758615 0.556418
0.758886 0.550551
0.755561 0.544689
0.749919 0.547418
0.745067 0.543656
0.742885 0.538809
0.738645 0.533356
0.735471 0.538322
0.736283 0.545539
0.73108 0.551989
0.737597 0.555585
0.741491 0.549646
0.744969 0.553675
0.742188 0.561704
0.736643 0.564016
0.73176 0.559436
0.724803 0.557956
0.726189 0.563754
0.718603 0.563955
0.712578 0.570727
0.708272 0.576366
0.704251 0.583712
0.705401 0.590924
0.706025 0.597035
0.712969 0.596425
0.710612 0.602338
0.709842 0.607719
0.703922 0.60407
0.699403 0.59934
0.697821 0.592417
0.691389 0.598661
0.694875 0.604572
0.699401 0.608854
0.704246 0.612983
0.710871 0.613406
0.711399 0.619624
0.713217 0.625016
0.706952 0.625014
0.707746 0.630015
0.704623 0.633817
0.699839 0.636075
0.695204 0.636079
0.690258 0.638612
0.687449 0.644401
0.681642 0.642874
0.675648 0.644858
0.674347 0.638789
0.671698 0.632424
0.675386 0.625872
0.680611 0.629721
0.679824 0.63579
0.685582 0.635312
0.690586 0.631542
0.686867 0.626551
0.685558 0.620481
0.689992 0.618504
0.69393 0.623984
0.696799 0.630125
0.700452 0.625903
0.704345 0.619913
0.698598 0.618218
0.694792 0.614077
0.690467 0.60987
0.686011 0.604319
0.684785 0.61207
0.679191 0.613007
0.67976 0.621039
0.672485 0.618806
0.667725 0.624555
0.664392 0.631142
0.658673 0.63562
0.665321 0.638711
0.663629 0.644932
0.670152 0.647047
0.67016 0.65307
0.676417 0.653091
0.681362 0.654865
0.681915 0.649396
0.687911 0.651954
0.688346 0.65875
0.692338 0.663563
0.691817 0.669796
0.698083 0.668099
0.700778 0.662891
0.697301 0.659595
0.694175 0.654215
0.693485 0.647665
0.695743 0.642295
0.702789 0.64088
0.707734 0.640604
0.712957 0.640592
0.711422 0.634665
0.715046 0.630899
0.718864 0.63418
0.721653 0.637942
0.718524 0.641348
0.719225 0.646269
0.720259 0.651959
0.715056 0.651947
0.712694 0.647124
0.706696 0.647411
0.700456 0.647419
0.70044 0.653556
0.706696 0.653068
0.704877 0.658464
0.710188 0.659514
0.712617 0.656108
0.717384 0.659031
0.723384 0.658087
0.720462 0.663721
0.72507 0.664636
0.727922 0.661397
0.731331 0.657822
0.73312 0.663213
0.729 0.668665
0.724438 0.668951
0.723057 0.674226
0.719218 0.669436
0.714782 0.665248
0.709209 0.664178
0.704611 0.666185
0.709382 0.670079
0.713781 0.67189
0.717144 0.675281
0.718466 0.680601
0.712845 0.685135
0.713325 0.679919
0.709047 0.67716
0.704384 0.673125
0.699649 0.675482
0.694166 0.674616
0.692427 0.678391
0.691661 0.682311
0.686411 0.67915
0.682533 0.683046
0.677718 0.681696
0.674769 0.677864
0.670307 0.676242
0.667727 0.681664
0.669122 0.68823
0.672452 0.685505
0.677157 0.687572
0.67885 0.692379
0.684266 0.690486
0.687307 0.685963
0.691737 0.690115
0.694517 0.686335
0.698349 0.6837
0.70252 0.680768
0.705638 0.683679
0.708481 0.686767
0.708094 0.691906
0.703714 0.691104
0.698934 0.690494
0.695211 0.695035
0.700411 0.696559
0.697154 0.701199
0.692616 0.703949
0.691389 0.699186
0.689585 0.69411
0.685565 0.697588
0.680248 0.69692
0.677467 0.700693
0.682471 0.704563
0.686237 0.702729
0.688726 0.707414
0.685143 0.710867
0.679906 0.710519
0.67746 0.706352
0.672948 0.704471
0.667709 0.704476
0.661964 0.70605
0.659927 0.710457
0.656864 0.715146
0.652418 0.718342
0.652718 0.723859
0.657627 0.722237
0.662256 0.724162
0.662433 0.71905
0.663265 0.71543
0.665522 0.710903
0.671195 0.710261
0.675732 0.71355
0.681165 0.715765
0.675998 0.719582
0.672016 0.717254
0.668265 0.7159
0.668066 0.721101
0.671517 0.723978
0.66666 0.726346
0.662789 0.731125
0.658082 0.72904
0.651717 0.728655
0.652755 0.733208
0.656523 0.735758
0.649961 0.73721
0.650258 0.741661
0.644096 0.741504
0.64383 0.74593
0.637796 0.74429
0.639465 0.749704
0.634235 0.74947
0.631864 0.753834
0.627629 0.756544
0.623148 0.759989
0.619004 0.762962
0.61691 0.759083
0.612757 0.760351
0.615089 0.765595
0.611561 0.76925
0.606489 0.771353
0.60702 0.766999
0.605432 0.764177
0.609177 0.761804
0.603786 0.758519
0.605219 0.753976
0.609606 0.753996
0.613783 0.753992
0.617954 0.75398
0.62259 0.753981
0.626303 0.750574
0.629433 0.747173
0.631946 0.743546
0.631527 0.739242
0.630937 0.733897
0.636049 0.733186
0.637807 0.738757
0.641137 0.735401
0.644892 0.736314
0.64657 0.732208
0.646147 0.727893
0.646144 0.723361
0.646436 0.718347
0.644486 0.714075
0.640923 0.717714
0.637186 0.715137
0.635407 0.710249
0.637796 0.704745
0.642234 0.708917
0.647643 0.708638
0.65068 0.712779
0.655098 0.708653
0.656595 0.702963
0.650597 0.703826
0.644317 0.702112
0.639885 0.698438
0.63676 0.692315
0.63496 0.68575
0.641971 0.68484
0.648503 0.685678
0.645636 0.690497
0.644071 0.695038
0.650325 0.696859
0.656323 0.697012
0.661456 0.698584
0.665979 0.699577
0.6712 0.698908
0.673563 0.693909
0.66635 0.693017
0.662394 0.686966
0.659506 0.690945
0.654087 0.69049
0.654238 0.683984
0.659319 0.680765
0.662877 0.676911
0.665212 0.672092
0.671207 0.670102
0.677725 0.669229
0.679809 0.6735
0.68372 0.675079
0.68653 0.67161
0.686085 0.665827
0.681887 0.661289
0.67706 0.662631
0.671496 0.66392
0.67094 0.658458
0.664943 0.658742
0.664943 0.665542
0.65826 0.665564
0.658674 0.671706
0.652672 0.670372
0.653818 0.676383
0.648232 0.678718
0.644772 0.672109
0.648004 0.666309
0.641978 0.665107
0.646845 0.658196
0.652975 0.661244
0.658011 0.657267
0.66287 0.651958
0.656588 0.649673
0.655492 0.64254
0.647472 0.644732
0.649843 0.651087
0.641605 0.651548
0.638517 0.657638
0.631112 0.658071
0.634667 0.664439
0.626427 0.664126
0.630739 0.671514
0.637555 0.671621
0.64198 0.676897
0.638157 0.679169
0.633362 0.679443
0.627617 0.679434
0.623723 0.676037
0.622998 0.669661
0.616731 0.669488
0.610923 0.672635
0.616124 0.676322
0.617813 0.680764
0.621519 0.684839
0.627102 0.685673
0.629217 0.690751
0.630925 0.696977
0.634661 0.699562
0.631536 0.704104
0.628408 0.709087
0.628407 0.713921
0.631521 0.717708
0.634662 0.721947
0.639881 0.724505
0.640304 0.729939
0.633963 0.728653
0.629786 0.726384
0.627006 0.722611
0.624914 0.718089
0.620507 0.720315
0.6153 0.720252
0.610237 0.72133
0.608036 0.716595
0.602574 0.715171
0.595767 0.715164
0.598466 0.719591
0.602296 0.722821
0.606477 0.725146
0.612034 0.726013
0.615419 0.729036
0.620042 0.731306
0.621098 0.725629
0.625003 0.73017
0.626516 0.735391
0.622833 0.737735
0.619007 0.741516
0.625861 0.742649
0.622592 0.747181
0.616317 0.74847
0.614402 0.744906
0.612478 0.740096
0.616569 0.735457
0.610907 0.73385
0.606243 0.731559
0.601254 0.731303
0.59753 0.726778
0.593048 0.722558
0.590362 0.718034
0.585359 0.716964
0.58954 0.710656
0.593605 0.708633
0.597425 0.707505
0.602304 0.708633
0.608098 0.707129
0.611171 0.712039
0.61572 0.712536
0.621092 0.713174
0.620499 0.707654
0.621089 0.702483
0.626157 0.702494
0.624579 0.696292
0.621082 0.692762
0.616604 0.690174
0.61423 0.685965
0.608851 0.687965
0.609419 0.680065
0.602877 0.683322
0.596036 0.682604
0.588647 0.681801
0.580519 0.681926
0.577972 0.68713
0.570972 0.687501
0.572851 0.693015
0.578489 0.695504
0.58203 0.69958
0.586654 0.697036
0.585081 0.68978
0.592288 0.688237
0.592132 0.694757
0.596933 0.694409
0.601551 0.690308
0.608291 0.69342
0.613779 0.695037
0.617254 0.69807
0.615083 0.704373
0.611347 0.700716
0.607079 0.699578
0.602035 0.697025
0.602304 0.702966
0.595763 0.701576
0.59037 0.701849
0.585598 0.705249
0.582474 0.710899
0.579091 0.704401
0.575683 0.709203
0.572651 0.703441
0.570697 0.697953
0.566292 0.700444
0.560806 0.699853
0.556151 0.703886
0.55086 0.699358
0.550527 0.692755
0.557832 0.694347
0.564302 0.692542
0.564277 0.686204
0.558675 0.68304
0.555216 0.687729
0.549312 0.684582
0.543424 0.690512
0.540591 0.685208
0.533928 0.686936
0.526495 0.683533
0.527927 0.68993
0.525316 0.694736
0.531307 0.696849
0.537199 0.694412
0.543841 0.69776
0.538635 0.702624
0.533388 0.705832
0.537351 0.71066
0.534894 0.715447
0.531315 0.720621
0.531569 0.727075
0.537311 0.726501
0.538106 0.720824
0.542019 0.717426
0.547598 0.722243
0.55382 0.723766
0.560334 0.725798
0.564718 0.723857
0.566795 0.729049
0.57218 0.729708
0.571244 0.722524
0.56611 0.718211
0.56107 0.716022
0.556121 0.717997
0.549339 0.715656
0.544078 0.711164
0.545724 0.705707
0.551499 0.70766
0.557078 0.711164
0.562372 0.706095
0.565863 0.709924
0.569784 0.711573
0.573337 0.715728
0.579083 0.715733
0.577841 0.720936
0.577244 0.725634
0.582314 0.725172
0.587264 0.725662
0.592115 0.729327
0.596451 0.732653
0.596043 0.736965
0.602034 0.737825
0.606464 0.741142
0.608826 0.746895
0.603787 0.749449
0.600201 0.744914
0.596871 0.742185
0.591861 0.741025
0.58595 0.738484
0.589511 0.734699
0.583514 0.732429
0.577251 0.7313
0.579332 0.737455
0.574817 0.738109
0.572472 0.742642
0.575157 0.747177
0.57934 0.744915
0.583162 0.742262
0.58769 0.744906
0.591853 0.747182
0.595436 0.750424
0.598814 0.752469
0.597864 0.758233
0.600568 0.763426
0.596024 0.765965
0.591865 0.762399
0.591861 0.757377
0.588996 0.753409
0.585001 0.74945
0.579332 0.750576
0.578288 0.754728
0.583507 0.757394
0.586844 0.761238
0.583089 0.764408
0.578739 0.760789
0.574113 0.758522
0.57063 0.761538
0.564467 0.761077
0.568296 0.756252
0.572025 0.751715
0.568543 0.747556
0.564129 0.749775
0.561859 0.754546
0.556015 0.756628
0.559055 0.760789
0.555118 0.763514
0.551353 0.76578
0.549683 0.761687
0.550104 0.757374
0.544529 0.759275
0.541156 0.756252
0.539363 0.751068
0.544884 0.75172
0.549691 0.75307
0.553934 0.751332
0.558455 0.748795
0.553927 0.745291
0.557411 0.740378
0.560958 0.743996
0.566386 0.743542
0.56784 0.739239
0.568894 0.734218
0.56286 0.736597
0.558978 0.733289
0.556021 0.72942
0.550799 0.730195
0.546708 0.730764
0.543499 0.726401
0.54071 0.731321
0.536533 0.733592
0.532356 0.733591
0.527735 0.73359
0.524453 0.729044
0.526786 0.724124
0.520886 0.722242
0.524008 0.717989
0.52852 0.714943
0.527379 0.709148
0.52922 0.703462
0.523665 0.700583
0.520885 0.705634
0.519834 0.712044
0.516239 0.71697
0.510427 0.717715
0.508348 0.723859
0.5133 0.72538
0.518102 0.725265
0.518786 0.730166
0.518367 0.734477
0.518376 0.739465
0.522613 0.736219
0.525648 0.74038
0.530271 0.740383
0.534442 0.740383
0.538417 0.740833
0.540922 0.737658
0.545674 0.736985
0.552449 0.73613
0.550104 0.741502
0.548612 0.747182
0.543841 0.743783
0.539253 0.746268
0.534442 0.747185
0.530483 0.746729
0.525648 0.747182
0.521708 0.74446
0.516967 0.744632
0.513916 0.749955
0.520455 0.750349
0.523306 0.753603
0.528389 0.752169
0.533129 0.753701
0.53583 0.758141
0.537918 0.762678
0.542349 0.765321
0.546768 0.76578
0.546974 0.772123
0.542798 0.77212
0.538172 0.769856
0.535075 0.773474
0.529643 0.773017
0.531315 0.777778
0.531736 0.782094
0.536876 0.782706
0.536534 0.777778
0.540188 0.776652
0.543004 0.779375
0.546974 0.77892
0.551148 0.777778
0.556367 0.777782
0.556783 0.773474
0.551595 0.772124
0.555326 0.768714
0.560277 0.767307
0.565064 0.768345
0.569485 0.767265
0.574813 0.765692
0.579684 0.767959
0.575162 0.770981
0.575149 0.775516
0.580825 0.774381
0.583511 0.778464
0.58828 0.774391
0.58455 0.769844
0.589178 0.767589
0.593951 0.770984
0.600218 0.769846
0.603047 0.774677
0.599108 0.776452
0.593954 0.775512
0.594293 0.77974
0.590487 0.782002
0.586648 0.780056
0.585559 0.784878
0.581005 0.788828
0.576138 0.79132
0.575161 0.786377
0.579764 0.784373
0.578913 0.780273
0.573408 0.780811
0.569726 0.778465
0.569933 0.773247
0.565764 0.773249
0.56144 0.775034
0.565319 0.778919
0.564021 0.783832
0.569318 0.784806
0.565752 0.790269
0.570309 0.789886
0.571875 0.794032
0.567699 0.796277
0.563201 0.797
0.559916 0.800581
0.557863 0.794807
0.553241 0.795924
0.55391 0.800211
0.555851 0.803743
0.550936 0.804343
0.545915 0.80351
0.547209 0.807801
0.541766 0.81047
0.538971 0.807638
0.539251 0.802956
0.542792 0.800455
0.539069 0.797059
0.543841 0.794785
0.548007 0.798183
0.548429 0.793425
0.551359 0.789805
0.555113 0.789805
0.561147 0.790259
0.558463 0.786281
0.55846 0.782317
0.553759 0.782885
0.55094 0.783906
0.545919 0.784585
0.54634 0.788891
0.541751 0.790259
0.53966 0.785726
0.537162 0.791614
0.532807 0.787996
0.527736 0.785724
0.52338 0.788893
0.527482 0.792151
0.530891 0.79434
0.533395 0.797066
0.534648 0.802053
0.530271 0.802721
0.52714 0.801142
0.524702 0.797438
0.521921 0.793655
0.518786 0.792072
0.517535 0.787532
0.513574 0.786848
0.509603 0.786173
0.507098 0.783
0.50382 0.781193
0.503751 0.787077
0.49999 0.791391
0.505217 0.792536
0.509395 0.791391
0.513572 0.791389
0.51148 0.797065
0.515658 0.797057
0.519833 0.79819
0.521296 0.802498
0.524215 0.806565
0.527735 0.808712
0.533405 0.807247
0.533403 0.811247
0.535892 0.814205
0.530269 0.8148
0.525748 0.814106
0.521508 0.811932
0.518387 0.809248
0.518786 0.805562
0.5146 0.802733
0.514085 0.808164
0.510502 0.805922
0.507259 0.803069
0.506549 0.797712
0.501583 0.801401
0.500328 0.797095
0.496528 0.795861
0.492475 0.796375
0.487898 0.793337
0.491639 0.790252
0.486218 0.788467
0.482213 0.790154
0.480834 0.786141
0.475373 0.785948
0.470914 0.783181
0.473897 0.780061
0.474948 0.776082
0.479541 0.778011
0.478701 0.782088
0.484959 0.782089
0.488719 0.783909
0.492904 0.785276
0.497602 0.787343
0.497902 0.782318
0.493133 0.778921
0.488515 0.776663
0.484545 0.777116
0.482255 0.773251
0.478077 0.773249
0.475778 0.769399
0.480795 0.768938
0.485375 0.765959
0.48705 0.770753
0.492252 0.772116
0.496655 0.773929
0.499575 0.778009
0.501042 0.774376
0.505427 0.774835
0.510175 0.77637
0.516443 0.776938
0.512876 0.781565
0.517743 0.782319
0.522268 0.783829
0.524002 0.780047
0.526096 0.77551
0.521474 0.774381
0.518197 0.769844
0.513116 0.770171
0.508349 0.769206
0.503337 0.770304
0.501377 0.766833
0.496417 0.767588
0.491304 0.765689
0.488962 0.760778
0.484342 0.759641
0.48061 0.763046
0.476199 0.762592
0.472857 0.765313
0.468672 0.761907
0.469521 0.756703
0.465549 0.756252
0.461377 0.756255
0.457405 0.756704
0.453238 0.758059
0.45532 0.763494
0.459632 0.763793
0.462835 0.761677
0.465557 0.76644
0.468676 0.768039
0.471816 0.772114
0.466595 0.773239
0.469101 0.777572
0.466292 0.780195
0.462151 0.777384
0.457543 0.774578
0.461364 0.773265
0.462004 0.768941
0.456578 0.768492
0.453721 0.771568
0.448424 0.768817
0.450561 0.764928
0.449471 0.76078
0.446553 0.758062
0.442577 0.75965
0.443678 0.764507
0.438703 0.761098
0.434943 0.758057
0.438415 0.753999
0.443024 0.753988
0.441533 0.748306
0.444325 0.744533
0.441955 0.739006
0.438856 0.742644
0.433177 0.741995
0.435269 0.736968
0.435274 0.732428
0.440494 0.73358
0.444463 0.733132
0.447449 0.736221
0.45232 0.737733
0.44822 0.741275
0.448846 0.746038
0.447803 0.750574
0.449892 0.754539
0.454484 0.752613
0.458251 0.749452
0.453023 0.748308
0.454069 0.74329
0.458237 0.739732
0.462414 0.735191
0.456418 0.733285
0.450306 0.732202
0.449891 0.727421
0.44205 0.727619
0.445371 0.724126
0.443319 0.719332
0.448849 0.719977
0.453801 0.72196
0.459911 0.72359
0.456159 0.727423
0.461372 0.729044
0.465348 0.729493
0.468674 0.726773
0.466236 0.722625
0.462758 0.719593
0.458237 0.716572
0.453466 0.715115
0.448852 0.713165
0.443883 0.713452
0.440467 0.709797
0.437075 0.706109
0.431437 0.708268
0.428997 0.704568
0.425172 0.703728
0.420062 0.706375
0.422384 0.710917
0.426921 0.712034
0.42332 0.716715
0.423339 0.722246
0.428662 0.721861
0.431106 0.717697
0.433529 0.712788
0.437352 0.71608
0.437618 0.721957
0.436116 0.727228
0.432289 0.726151
0.426918 0.727417
0.429001 0.732429
0.429004 0.737462
0.425673 0.740837
0.428998 0.744335
0.429412 0.748066
0.435271 0.74782
0.433602 0.752614
0.430243 0.755524
0.426724 0.751904
0.422792 0.748674
0.422338 0.743991
0.417707 0.746384
0.412916 0.743396
0.416827 0.740739
0.42108 0.739008
0.422329 0.734926
0.423263 0.731859
0.421502 0.72723
0.41806 0.72848
0.415444 0.730168
0.417526 0.734698
0.413138 0.73767
0.411891 0.733572
0.408513 0.738411
0.404061 0.734962
0.407789 0.730924
0.41023 0.727225
0.413354 0.725635
0.417531 0.723366
0.418151 0.719049
0.417169 0.713929
0.4138 0.710906
0.415225 0.706371
0.4137 0.702208
0.414753 0.697673
0.410564 0.694651
0.414397 0.689846
0.41856 0.694383
0.420653 0.700216
0.424838 0.697299
0.428661 0.694655
0.431083 0.69913
0.43422 0.700738
0.439183 0.699853
0.444546 0.702618
0.448059 0.706672
0.454475 0.708653
0.461113 0.711494
0.461806 0.705391
0.460058 0.700709
0.454317 0.702121
0.450576 0.698314
0.448848 0.692764
0.453798 0.690213
0.457594 0.694371
0.464275 0.695802
0.467741 0.701108
0.472852 0.702982
0.469725 0.708353
0.465807 0.71178
0.467844 0.717245
0.472653 0.717265
0.472507 0.723758
0.477025 0.72451
0.48299 0.723861
0.479115 0.729686
0.477028 0.735193
0.47285 0.730658
0.469033 0.733947
0.466946 0.738486
0.464507 0.742646
0.460683 0.745288
0.464761 0.749736
0.469725 0.750575
0.473272 0.753067
0.474243 0.758139
0.478077 0.755108
0.481202 0.756707
0.485386 0.753986
0.489565 0.753534
0.493728 0.756903
0.495814 0.761913
0.499407 0.756254
0.502339 0.761077
0.507094 0.760337
0.508764 0.764407
0.513571 0.763059
0.517745 0.763056
0.522546 0.762139
0.523228 0.767301
0.528184 0.767585
0.532977 0.768485
0.533048 0.763809
0.529219 0.760238
0.525396 0.758143
0.519627 0.756705
0.515214 0.75593
0.510739 0.75723
0.50599 0.753704
0.508056 0.747828
0.509399 0.743769
0.511225 0.739808
0.513413 0.734882
0.51043 0.730661
0.506609 0.733949
0.504178 0.738101
0.501387 0.742269
0.503342 0.746728
0.50105 0.750598
0.496168 0.75134
0.491987 0.749073
0.488302 0.746731
0.491646 0.742642
0.496417 0.744928
0.495814 0.738749
0.491649 0.73519
0.487464 0.738754
0.484962 0.743543
0.483304 0.747555
0.479116 0.750103
0.474588 0.747565
0.470497 0.744641
0.47285 0.738756
0.478074 0.742644
0.481556 0.738486
0.484678 0.733323
0.48538 0.727901
0.490604 0.729045
0.495825 0.730164
0.498606 0.735074
0.501049 0.730192
0.504525 0.728293
0.502084 0.723363
0.495825 0.724518
0.489549 0.723367
0.491896 0.717994
0.49791 0.717278
0.504175 0.71771
0.503638 0.711756
0.500006 0.70799
0.500012 0.702962
0.494427 0.700874
0.489279 0.6993
0.490246 0.706624
0.494879 0.710401
0.48896 0.713171
0.483982 0.713547
0.48538 0.718832
0.479112 0.717711
0.475467 0.711746
0.477633 0.706369
0.482094 0.709287
0.483985 0.703852
0.483032 0.697584
0.47745 0.698455
0.472149 0.69478
0.475139 0.688277
0.481203 0.690494
0.480163 0.683245
0.486706 0.685362
0.487466 0.692768
0.493726 0.692765
0.499992 0.697324
0.506252 0.699579
0.507282 0.705921
0.511122 0.711161
0.514881 0.706097
0.512948 0.699792
0.517943 0.696407
0.520173 0.690256
0.517648 0.684067
0.510438 0.683705
0.512328 0.691356
0.506259 0.691666
0.499991 0.690505
0.502737 0.683539
0.494842 0.686239
0.49221 0.682396
0.492551 0.677646
0.485908 0.674848
0.480162 0.677336
0.477403 0.671574
0.470765 0.671275
0.464674 0.669307
0.458859 0.666949
0.452379 0.670088
0.452984 0.663313
0.446744 0.660284
0.440471 0.65763
0.435777 0.649895
0.432346 0.65559
0.435025 0.662556
0.439014 0.666844
0.445916 0.668682
0.441529 0.673503
0.445905 0.678366
0.451969 0.676898
0.458045 0.675474
0.464114 0.677523
0.472216 0.678693
0.469077 0.683698
0.468412 0.690219
0.462702 0.688876
0.460496 0.684134
0.453292 0.683496
0.447118 0.685963
0.442591 0.688511
0.443628 0.695022
0.438408 0.692767
0.433783 0.692757
0.430833 0.687943
0.425868 0.68369
0.424554 0.690211
0.420047 0.687919
0.418296 0.682588
0.412543 0.682965
0.415428 0.676441
0.416199 0.670946
0.414749 0.665927
0.409962 0.668098
0.408722 0.674629
0.40653 0.67973
0.403344 0.685652
0.408121 0.686608
0.407071 0.691237
0.403354 0.695032
0.407429 0.699188
0.408384 0.704392
0.408127 0.709759
0.409623 0.715433
0.413356 0.719971
0.408125 0.721095
0.402704 0.721789
0.405622 0.725408
0.402709 0.729496
0.398105 0.730719
0.398946 0.724972
0.392763 0.726655
0.393931 0.723136
0.397354 0.719593
0.397097 0.713159
0.400833 0.716559
0.405006 0.715438
0.401868 0.710246
0.401853 0.705224
0.401858 0.700689
0.397267 0.698199
0.397685 0.693885
0.398276 0.68951
0.397687 0.684816
0.39977 0.680285
0.401597 0.674915
0.404371 0.670982
0.403695 0.665845
0.398289 0.665564
0.396483 0.670405
0.395598 0.675747
0.393513 0.680783
0.390823 0.674306
0.386216 0.674625
0.382244 0.675084
0.380152 0.670552
0.37645 0.668203
0.372037 0.665558
0.374111 0.661324
0.375407 0.656854
0.380676 0.658105
0.381238 0.663581
0.384334 0.668278
0.388924 0.669169
0.391844 0.666447
0.393508 0.662142
0.387254 0.662642
0.387511 0.656759
0.393507 0.657602
0.393509 0.651962
0.393252 0.64543
0.388453 0.648079
0.384563 0.651949
0.379158 0.65166
0.373685 0.651937
0.36889 0.650571
0.364288 0.653561
0.369062 0.656471
0.366122 0.661303
0.361373 0.662828
0.366069 0.667176
0.366973 0.672352
0.371387 0.671901
0.375072 0.674238
0.378389 0.676888
0.375766 0.681429
0.371602 0.678007
0.36812 0.679144
0.36464 0.681787
0.360454 0.684056
0.365549 0.687764
0.36952 0.685952
0.373484 0.686406
0.379507 0.686929
0.377168 0.690863
0.38099 0.695675
0.385515 0.69427
0.38558 0.689578
0.384122 0.685962
0.382482 0.681431
0.387671 0.680052
0.388915 0.684592
0.391685 0.688516
0.391697 0.694739
0.388303 0.698423
0.385698 0.701826
0.382045 0.701827
0.377166 0.699931
0.37473 0.695021
0.370556 0.692107
0.367434 0.696147
0.370974 0.698649
0.370976 0.702718
0.376111 0.704473
0.37995 0.707489
0.383921 0.708179
0.387784 0.706357
0.39074 0.702983
0.395308 0.702479
0.395601 0.707487
0.389753 0.709985
0.391714 0.713819
0.391832 0.718597
0.388615 0.72252
0.385615 0.719464
0.38552 0.713546
0.381703 0.716667
0.379442 0.712968
0.37582 0.710786
0.371792 0.708027
0.367647 0.705485
0.364485 0.702255
0.364261 0.698983
0.360224 0.697132
0.363934 0.693145
0.360941 0.690049
0.35702 0.692699
0.35266 0.690211
0.356369 0.686853
0.353441 0.682761
0.349118 0.686157
0.347248 0.681783
0.342122 0.680475
0.346028 0.676893
0.348846 0.67281
0.353858 0.672347
0.351415 0.677269
0.355419 0.67915
0.358554 0.679154
0.3622 0.676235
0.359806 0.671707
0.359694 0.666897
0.355115 0.667363
0.350028 0.665922
0.35236 0.661014
0.356988 0.661015
0.360458 0.656851
0.357659 0.653106
0.354545 0.652355
0.349673 0.652595
0.348616 0.657223
0.346341 0.661456
0.342897 0.660998
0.340905 0.657376
0.337152 0.654204
0.340807 0.651947
0.344886 0.651642
0.344297 0.645777
0.347241 0.642483
0.349362 0.638013
0.354104 0.640888
0.35176 0.64676
0.358018 0.645151
0.362193 0.648528
0.364292 0.644753
0.367409 0.640597
0.3708 0.645439
0.376789 0.645154
0.382814 0.645427
0.386196 0.640877
0.382538 0.635216
0.379242 0.639091
0.374706 0.637228
0.37025 0.634792
0.365841 0.630979
0.36339 0.635415
0.36011 0.638986
0.355929 0.634932
0.355934 0.629918
0.361024 0.62752
0.365321 0.622186
0.36949 0.625022
0.373235 0.629275
0.377716 0.62864
0.383067 0.629268
0.388859 0.632296
0.391153 0.638054
0.395949 0.640228
0.399773 0.642884
0.404187 0.640866
0.40943 0.642053
0.414397 0.64472
0.415849 0.651489
0.414917 0.656469
0.408383 0.654496
0.406876 0.648547
0.399464 0.64904
0.401613 0.653961
0.399515 0.659034
0.406313 0.660744
0.411705 0.66103
0.418793 0.661799
0.422979 0.665319
0.423896 0.671596
0.422522 0.677659
0.428741 0.676617
0.432134 0.68143
0.437087 0.685678
0.439018 0.679838
0.435031 0.673871
0.430404 0.669584
0.42926 0.663578
0.426286 0.658084
0.42232 0.653099
0.427948 0.649228
0.429003 0.642875
0.42106 0.645157
0.419436 0.638164
0.415769 0.631152
0.411155 0.635651
0.402887 0.63425
0.395847 0.63305
0.400024 0.628146
0.406406 0.628236
0.409535 0.623977
0.402898 0.619075
0.397434 0.62276
0.392823 0.62601
0.387507 0.624444
0.380984 0.622463
0.374722 0.621338
0.378191 0.615905
0.380018 0.609706
0.385543 0.614104
0.388008 0.618798
0.393285 0.616424
0.398257 0.613213
0.392107 0.608317
0.386183 0.605102
0.385678 0.59779
0.380218 0.600806
0.374713 0.604318
0.373029 0.597525
0.379984 0.592147
0.377416 0.585494
0.373228 0.590711
0.367539 0.593645
0.363564 0.590738
0.358016 0.588458
0.352018 0.58647
0.3465 0.584614
0.348509 0.592165
0.341536 0.590468
0.336873 0.588174
0.330884 0.586832
0.330538 0.592237
0.334754 0.594609
0.336251 0.599776
0.340715 0.597204
0.345723 0.599035
0.351755 0.599357
0.355676 0.594115
0.360527 0.59867
0.366781 0.600003
0.367379 0.606142
0.372384 0.610881
0.370318 0.616427
0.365071 0.613967
0.361142 0.617931
0.356973 0.622168
0.352812 0.62473
0.347583 0.622452
0.344898 0.627001
0.350278 0.630238
0.346984 0.633808
0.342523 0.634456
0.340412 0.640925
0.338198 0.636074
0.33297 0.634929
0.327762 0.636076
0.323582 0.63607
0.319408 0.63607
0.314794 0.636067
0.312943 0.641057
0.317323 0.642869
0.321288 0.643316
0.325035 0.641498
0.33006 0.641056
0.333811 0.640159
0.335468 0.644228
0.338878 0.647797
0.334026 0.649681
0.329855 0.647405
0.325882 0.646944
0.322537 0.648524
0.323581 0.653072
0.328383 0.652846
0.331936 0.655334
0.333386 0.658748
0.337449 0.661979
0.340977 0.66591
0.345856 0.668188
0.343004 0.671438
0.341332 0.675747
0.335508 0.674051
0.337983 0.670537
0.333046 0.668911
0.33338 0.664632
0.327204 0.665038
0.329206 0.661906
0.327763 0.657604
0.323641 0.658649
0.319177 0.655614
0.3187 0.650438
0.314648 0.648443
0.310792 0.646006
0.309004 0.641691
0.30458 0.637543
0.308967 0.637196
0.310013 0.632175
0.30479 0.631527
0.300932 0.631878
0.297714 0.628403
0.299985 0.623813
0.303744 0.625179
0.307928 0.62699
0.313764 0.627897
0.3146 0.623818
0.319405 0.62473
0.317306 0.630771
0.323129 0.62927
0.328797 0.630391
0.33423 0.629727
0.338967 0.628992
0.338814 0.62381
0.341581 0.619904
0.34105 0.613117
0.345499 0.614922
0.349657 0.612252
0.350017 0.6183
0.354199 0.616034
0.356981 0.612248
0.361258 0.608359
0.357246 0.603772
0.351752 0.606588
0.346546 0.60659
0.342583 0.603868
0.340628 0.607339
0.3348 0.604605
0.329995 0.602716
0.326364 0.605071
0.326703 0.609988
0.331587 0.612274
0.335665 0.610803
0.334445 0.616951
0.334154 0.621482
0.331729 0.625178
0.327966 0.625185
0.324204 0.623361
0.326704 0.619051
0.327124 0.614746
0.322112 0.614295
0.320141 0.618559
0.315442 0.618378
0.310002 0.616784
0.310847 0.622008
0.306884 0.621317
0.303323 0.618828
0.304793 0.613397
0.30897 0.612249
0.313357 0.612934
0.317324 0.611122
0.321702 0.609317
0.318767 0.605681
0.315841 0.602964
0.312935 0.607038
0.308611 0.607352
0.305843 0.604318
0.30041 0.603867
0.30271 0.607718
0.29666 0.609306
0.299927 0.611881
0.299579 0.616217
0.297142 0.619805
0.293428 0.622429
0.289358 0.617104
0.294147 0.615209
0.290792 0.61203
0.285702 0.611073
0.281706 0.606867
0.286006 0.605453
0.283709 0.601612
0.278857 0.601951
0.275748 0.598507
0.279953 0.597067
0.28455 0.596595
0.287392 0.593355
0.29181 0.597512
0.288716 0.601135
0.289653 0.606045
0.292262 0.60771
0.294981 0.604308
0.297067 0.600686
0.296447 0.595259
0.300624 0.595252
0.30323 0.599781
0.307922 0.599778
0.312098 0.598658
0.315441 0.597066
0.32044 0.597532
0.322881 0.601678
0.327214 0.59695
0.324618 0.590721
0.318708 0.592608
0.315477 0.589019
0.31026 0.58647
0.309736 0.5927
0.304794 0.592987
0.30459 0.586632
0.306258 0.582546
0.303433 0.578738
0.310004 0.578734
0.315094 0.580154
0.319141 0.584476
0.324619 0.584559
0.328785 0.580515
0.334805 0.581932
0.33965 0.580068
0.345216 0.57911
0.351333 0.576
0.355912 0.580632
0.361408 0.579978
0.364736 0.583687
0.370278 0.5859
0.37128 0.579595
0.36899 0.57228
0.364295 0.573728
0.357189 0.571704
0.362179 0.56533
0.356536 0.563066
0.351747 0.559425
0.346983 0.563485
0.349836 0.568273
0.345228 0.572851
0.339224 0.572581
0.340247 0.566897
0.341316 0.561883
0.345057 0.556711
0.343395 0.549914
0.34941 0.547344
0.351504 0.552432
0.358797 0.555642
0.357356 0.547099
0.351603 0.539639
0.344194 0.54225
0.342339 0.534224
0.335315 0.533754
0.334849 0.528058
0.326218 0.524464
0.32601 0.53153
0.324377 0.537463
0.320101 0.539344
0.320709 0.545092
0.326424 0.546021
0.32879 0.541495
0.330895 0.535748
0.336347 0.54106
0.33712 0.547642
0.332079 0.548286
0.328191 0.552161
0.331126 0.556997
0.337911 0.553855
0.336623 0.559553
0.332707 0.563785
0.326705 0.56188
0.324022 0.556699
0.321468 0.55103
0.319409 0.556697
0.314768 0.558966
0.310603 0.563495
0.315205 0.566338
0.320185 0.563215
0.322795 0.568332
0.328197 0.568034
0.333567 0.570301
0.332672 0.57548
0.326711 0.574194
0.322877 0.579004
0.320432 0.574857
0.315997 0.572296
0.311057 0.572572
0.305573 0.572849
0.307923 0.568039
0.303741 0.56511
0.301348 0.560594
0.296654 0.560777
0.292271 0.556713
0.297478 0.555566
0.299983 0.551264
0.294796 0.549917
0.299272 0.54602
0.300165 0.540841
0.305046 0.541428
0.309384 0.546058
0.305837 0.549904
0.303393 0.554818
0.307321 0.558974
0.310356 0.554806
0.314433 0.551878
0.315919 0.54613
0.313122 0.541582
0.313456 0.536824
0.318354 0.533398
0.319124 0.527448
0.317987 0.520634
0.313135 0.514764
0.307893 0.517636
0.309955 0.523533
0.311659 0.529529
0.307695 0.534826
0.301905 0.534333
0.299044 0.528957
0.303993 0.526946
0.301387 0.520712
0.303732 0.514766
0.306771 0.508684
0.301002 0.503902
0.298418 0.510542
0.292225 0.506844
0.286239 0.505423
0.281691 0.509616
0.285546 0.51363
0.291617 0.513634
0.296046 0.518191
0.295382 0.524312
0.293308 0.529491
0.29564 0.5366
0.290702 0.534613
0.285171 0.534801
0.278678 0.534043
0.273026 0.536297
0.271603 0.54264
0.267903 0.54575
0.268946 0.550279
0.265752 0.553515
0.262001 0.554883
0.259496 0.558053
0.261172 0.563046
0.264919 0.560787
0.268605 0.55821
0.272434 0.561234
0.268249 0.56463
0.264927 0.568481
0.269927 0.568938
0.274867 0.565396
0.278342 0.568417
0.281188 0.571664
0.283555 0.575222
0.279742 0.579375
0.276191 0.582996
0.277027 0.587074
0.282865 0.58504
0.284542 0.580276
0.288095 0.582768
0.292474 0.582103
0.289726 0.577121
0.288437 0.572191
0.2853 0.567662
0.282853 0.563516
0.280076 0.560495
0.276308 0.557686
0.272428 0.554995
0.274103 0.551252
0.274945 0.547626
0.279048 0.545741
0.276599 0.540839
0.281609 0.540396
0.284116 0.543571
0.288091 0.540843
0.293568 0.542821
0.289118 0.546503
0.289125 0.551525
0.284131 0.54945
0.279532 0.551719
0.282518 0.55481
0.286695 0.557082
0.288786 0.561613
0.293657 0.563867
0.290875 0.567654
0.294504 0.571934
0.299296 0.568316
0.299557 0.574191
0.29643 0.578228
0.297058 0.582548
0.299987 0.585269
0.300621 0.589575
0.295746 0.588433
0.292266 0.590716
0.28878 0.587698
0.28392 0.589579
0.280445 0.591462
0.275341 0.593676
0.272604 0.590519
0.270068 0.587002
0.267097 0.583175
0.271194 0.582103
0.274521 0.578235
0.275913 0.573316
0.271921 0.572562
0.268265 0.57483
0.265183 0.578918
0.262571 0.5748
0.260859 0.570907
0.258358 0.567585
0.256188 0.563053
0.25349 0.559705
0.251349 0.555743
0.255385 0.554055
0.258174 0.550275
0.262412 0.548531
0.261993 0.54479
0.257469 0.542709
0.253993 0.545731
0.252082 0.549913
0.248516 0.550935
0.248076 0.545629
0.244152 0.54333
0.241743 0.537599
0.246333 0.538569
0.251259 0.539859
0.255721 0.537423
0.255433 0.532407
0.258121 0.528845
0.264078 0.531116
0.260955 0.535154
0.260955 0.539689
0.264923 0.541278
0.268251 0.539119
0.266581 0.535383
0.269998 0.531385
0.274175 0.529121
0.278341 0.526482
0.282862 0.528376
0.28807 0.526674
0.28912 0.520437
0.283107 0.519182
0.278426 0.520712
0.272726 0.519775
0.271722 0.52459
0.267213 0.524975
0.26304 0.524967
0.258073 0.522981
0.255377 0.518539
0.253036 0.513619
0.253925 0.508427
0.258342 0.505976
0.264334 0.506529
0.263375 0.511729
0.259389 0.5145
0.264646 0.519444
0.266859 0.515509
0.27201 0.514968
0.276839 0.512884
0.271346 0.509106
0.269634 0.504181
0.273022 0.500028
0.277639 0.503678
0.283044 0.499613
0.289826 0.500026
0.296329 0.499224
0.28965 0.494075
0.284002 0.489427
0.280281 0.494005
0.274979 0.493994
0.273027 0.487803
0.279396 0.48441
0.275204 0.479429
0.274262 0.472571
0.27004 0.468016
0.264061 0.468275
0.264052 0.461457
0.269913 0.460779
0.264778 0.454478
0.264504 0.447643
0.261573 0.440037
0.259296 0.445586
0.257793 0.452399
0.258101 0.458544
0.25593 0.462702
0.251765 0.467504
0.258057 0.468553
0.255444 0.474797
0.249438 0.477355
0.248754 0.472424
0.244254 0.475078
0.239621 0.475071
0.234837 0.473186
0.233186 0.469163
0.239286 0.467978
0.245015 0.46799
0.246568 0.462305
0.248979 0.457927
0.251104 0.453058
0.253619 0.447201
0.253317 0.441691
0.25464 0.436508
0.258548 0.431177
0.254643 0.422151
0.251675 0.4288
0.245271 0.427452
0.246907 0.420881
0.240872 0.419123
0.235531 0.41648
0.233938 0.421621
0.237943 0.425631
0.234371 0.431227
End
