1240 269
0.0340211 0.420551
0.0370579 0.412954
0.0405985 0.41215
0.0473566 0.408922
0.0511425 0.406753
0.0439092 0.403541
0.0349209 0.397737
0.0394347 0.397402
0.0425307 0.388476
0.0374657 0.384424
0.0456541 0.380215
0.0492173 0.376449
0.0404834 0.37342
0.0354436 0.371643
0.0382565 0.363416
0.0439516 0.367541
0.0471041 0.360595
0.0418011 0.355019
0.0358776 0.351606
0.0387157 0.349464
0.0444185 0.34641
0.0496864 0.350268
0.0531682 0.346167
0.0476019 0.337605
0.0406874 0.335723
0.0369205 0.333838
0.044461 0.330366
0.0377228 0.317396
0.0411927 0.318235
0.0446237 0.316605
0.0487097 0.319888
0.0527074 0.312887
0.0486804 0.303988
0.0452799 0.302974
0.0403463 0.302318
0.0374341 0.300119
0.0427419 0.294842
0.0392322 0.286163
0.0456149 0.286942
0.0495565 0.288476
0.0545507 0.284387
0.0512571 0.27564
0.0471774 0.274473
0.04304 0.275174
0.0382733 0.272713
0.0404881 0.264487
0.0390424 0.252167
0.043222 0.253939
0.0465726 0.259665
0.0504032 0.261669
0.0543548 0.265613
0.0570788 0.253614
0.0535017 0.249364
0.0493448 0.248141
0.0456121 0.24284
0.0404359 0.239815
0.0431426 0.229128
0.0396556 0.224953
0.0403558 0.210656
0.0434786 0.210484
0.0465517 0.216024
0.0498208 0.218505
0.0560908 0.216689
0.0532258 0.211896
0.0512673 0.203664
0.0553226 0.199256
0.048648 0.197573
0.0457454 0.199301
0.0414686 0.196718
0.0410149 0.182956
0.0447237 0.183004
0.0486113 0.181737
0.0538305 0.176348
0.0417701 0.166341
0.045166 0.16593
0.0483871 0.16595
0.0517894 0.165651
0.0565312 0.165154
0.0609274 0.163267
0.0666068 0.164909
0.0635617 0.175056
0.0666943 0.183655
0.060042 0.179581
0.0564071 0.183804
0.0518888 0.188319
0.0587998 0.195605
0.0625733 0.194829
0.0660727 0.199386
0.0600403 0.209851
0.0636602 0.212127
0.0661938 0.218135
0.0623727 0.226472
0.0587524 0.224907
0.0529499 0.228038
0.0472199 0.230972
0.0509073 0.237454
0.056202 0.236591
0.0602342 0.240131
0.0652541 0.236788
0.0635183 0.25038
0.0599533 0.258364
0.0647489 0.264607
0.0617884 0.269954
0.0575 0.273978
0.0639882 0.283189
0.0605107 0.283147
0.0585958 0.292799
0.063188 0.297812
0.0527801 0.297496
0.05653 0.303159
0.0616471 0.308142
0.0583555 0.31683
0.0626132 0.322091
0.0548387 0.324349
0.0511713 0.331829
0.056362 0.336844
0.0596076 0.333149
0.0622054 0.340593
0.0581142 0.3513
0.0618267 0.357932
0.054775 0.360301
0.051337 0.365584
0.0592744 0.368133
0.0565698 0.373824
0.0535282 0.378717
0.0615234 0.379354
0.0583394 0.387896
0.0510399 0.389845
0.047379 0.393123
0.0548387 0.392606
0.0605644 0.399796
0.0556085 0.406218
0.0587009 0.412068
0.0675135 0.415482
0.0705228 0.411582
0.0748832 0.41435
0.0785285 0.409078
0.082851 0.403127
0.0719067 0.399911
0.0752907 0.395747
0.0807636 0.392848
0.0855242 0.391642
0.0915795 0.394159
0.0885589 0.390563
0.0782698 0.387094
0.0832178 0.381344
0.0884618 0.3777
0.0932385 0.382081
0.0966431 0.386639
0.0995434 0.39102
0.101854 0.395843
0.104833 0.397055
0.0969227 0.405694
0.0936444 0.406001
0.0892473 0.406444
0.0860407 0.411312
0.0820789 0.41677
0.090556 0.41939
0.093871 0.425836
0.0971774 0.420539
0.100293 0.415681
0.103721 0.411876
0.107777 0.407508
0.11026 0.420953
0.106099 0.422164
0.102738 0.428977
0.106855 0.435054
0.112874 0.434536
0.109583 0.441371
0.104476 0.446654
0.112645 0.450645
0.107955 0.455729
0.100504 0.455158
0.097267 0.450021
0.0915771 0.454977
0.0947177 0.462454
0.0985057 0.466543
0.103502 0.462238
0.105847 0.472119
0.108961 0.471082
0.112179 0.470451
0.115044 0.461273
0.140512 0.46888
0.144405 0.468873
0.150554 0.470957
0.154282 0.468844
0.163206 0.469332
0.15793 0.474907
0.147939 0.47811
0.138271 0.486217
0.141936 0.483272
0.144909 0.484433
0.15247 0.483271
0.161818 0.48454
0.165117 0.488757
0.167132 0.477082
0.170204 0.472684
0.172757 0.466996
0.167595 0.459784
0.160282 0.459418
0.156218 0.455977
0.150531 0.457934
0.146641 0.459534
0.143048 0.452674
0.147531 0.446561
0.153289 0.447363
0.161573 0.443309
0.157625 0.442041
0.150317 0.438869
0.146161 0.434876
0.153708 0.43044
0.149821 0.422716
0.156048 0.420179
0.15875 0.426027
0.16264 0.427913
0.166392 0.429368
0.173589 0.429182
0.170235 0.423961
0.177016 0.418216
0.181195 0.420243
0.185374 0.418723
0.188799 0.419868
0.19301 0.416158
0.190071 0.408225
0.186962 0.399628
0.183698 0.402107
0.180242 0.403877
0.176806 0.398982
0.172177 0.39777
0.168236 0.396941
0.173748 0.410976
0.169806 0.409906
0.165726 0.411424
0.161379 0.411592
0.152907 0.411688
0.15652 0.404844
0.159493 0.397091
0.163428 0.395261
0.1663 0.385352
0.170596 0.383956
0.174445 0.383966
0.177843 0.380689
0.181043 0.384956
0.184407 0.383112
0.188278 0.383899
0.193412 0.387333
0.190536 0.393941
0.197672 0.396555
0.194162 0.401983
0.202236 0.405079
0.196874 0.413588
0.200134 0.412864
0.205762 0.417085
0.209029 0.428522
0.203502 0.426238
0.199644 0.426525
0.19547 0.427837
0.191935 0.432259
0.188858 0.435825
0.183871 0.432259
0.179138 0.433086
0.175808 0.439571
0.169127 0.442137
0.164953 0.44904
0.172177 0.448487
0.177716 0.451422
0.180478 0.44927
0.183469 0.446081
0.186648 0.444652
0.191756 0.451053
0.194853 0.442707
0.198185 0.438894
0.201761 0.440716
0.206744 0.438565
0.21099 0.443401
0.204435 0.449814
0.21 0.457249
0.213781 0.459005
0.206613 0.460967
0.202016 0.459314
0.198548 0.454833
0.195027 0.457869
0.189292 0.458695
0.186266 0.461517
0.182716 0.460264
0.175502 0.461823
0.179159 0.468147
0.183734 0.472356
0.187859 0.475783
0.192523 0.470086
0.197177 0.471676
0.201257 0.471791
0.205121 0.475651
0.2088 0.474415
0.212293 0.473803
0.215662 0.48003
0.217067 0.499345
0.213307 0.494261
0.209812 0.488848
0.204775 0.490022
0.200958 0.483968
0.197262 0.486695
0.193691 0.485106
0.1902 0.487202
0.1925 0.50171
0.196333 0.501416
0.200651 0.500143
0.206989 0.500826
0.204138 0.508413
0.209751 0.507604
0.21411 0.511147
0.217406 0.519463
0.210645 0.521561
0.205 0.523048
0.200282 0.516914
0.196711 0.518196
0.193427 0.517921
0.194185 0.534749
0.197903 0.533829
0.201837 0.529946
0.207437 0.528914
0.213614 0.529921
0.2187 0.535331
0.216173 0.542139
0.212545 0.545642
0.209185 0.539447
0.202899 0.543371
0.198911 0.547584
0.193968 0.552122
0.196774 0.558086
0.205497 0.549892
0.209022 0.553206
0.215403 0.557249
0.21866 0.557621
0.21269 0.563416
0.209577 0.565056
0.205327 0.565349
0.20165 0.562014
0.198695 0.569539
0.194758 0.572491
0.190841 0.569574
0.187498 0.567056
0.184274 0.570444
0.178575 0.572863
0.181203 0.566595
0.176544 0.566277
0.172984 0.567416
0.168911 0.566726
0.163539 0.568361
0.16011 0.566146
0.156936 0.561477
0.153924 0.556352
0.150887 0.553532
0.147581 0.550186
0.157071 0.546454
0.158993 0.534595
0.154232 0.53699
0.150615 0.538544
0.146371 0.532156
0.149149 0.52375
0.152782 0.521933
0.156667 0.52451
0.15971 0.516063
0.155661 0.508396
0.162384 0.503721
0.159796 0.496939
0.157303 0.491119
0.154256 0.492978
0.150045 0.493185
0.146724 0.494888
0.141964 0.498265
0.138457 0.500686
0.135975 0.507947
0.144005 0.506444
0.15121 0.507435
0.147298 0.510595
0.140004 0.51487
0.143862 0.520653
0.134482 0.523943
0.137814 0.526848
0.141571 0.53151
0.134083 0.53877
0.138105 0.542286
0.144336 0.547796
0.141263 0.548327
0.135989 0.552965
0.132797 0.555063
0.13879 0.559727
0.141381 0.566682
0.144436 0.565799
0.150021 0.566523
0.146895 0.573792
0.152893 0.576451
0.156452 0.577241
0.160081 0.579306
0.165547 0.576621
0.168347 0.580623
0.171753 0.584132
0.175045 0.582197
0.17932 0.585767
0.182381 0.586633
0.187203 0.582763
0.191993 0.584794
0.198163 0.583643
0.201677 0.582176
0.205376 0.579306
0.208669 0.578067
0.212215 0.579816
0.218759 0.578264
0.215821 0.572163
0.238298 0.558446
0.241846 0.561338
0.245345 0.561338
0.250739 0.561338
0.254435 0.565056
0.258994 0.561907
0.263981 0.556006
0.261219 0.548983
0.257993 0.547015
0.254435 0.550186
0.247753 0.549389
0.242721 0.545392
0.239118 0.543282
0.24528 0.537175
0.250672 0.540361
0.254399 0.534471
0.258353 0.530979
0.263506 0.538851
0.264804 0.525226
0.261312 0.523283
0.255645 0.518216
0.251466 0.521798
0.247648 0.526177
0.242876 0.525491
0.239313 0.528139
0.239797 0.512092
0.243951 0.509972
0.247446 0.50917
0.25005 0.505809
0.253226 0.505576
0.256685 0.50313
0.25985 0.509559
0.264701 0.510296
0.262427 0.497128
0.266158 0.494001
0.258024 0.489591
0.252863 0.491078
0.249172 0.48963
0.245706 0.496062
0.240413 0.496522
0.243359 0.487095
0.240459 0.477449
0.24391 0.470625
0.247507 0.477019
0.252064 0.474852
0.255199 0.479065
0.261041 0.480882
0.264801 0.479651
0.266896 0.467972
0.264616 0.459571
0.26154 0.46371
0.257863 0.469331
0.250717 0.461999
0.247715 0.459727
0.240893 0.459813
0.244716 0.454805
0.254435 0.458461
0.258328 0.451673
0.266484 0.448219
0.2625 0.445608
0.254266 0.442477
0.250806 0.444238
0.247715 0.44114
0.241854 0.443594
0.24508 0.43656
0.242295 0.427293
0.246909 0.424204
0.25143 0.427002
0.256331 0.432156
0.260044 0.434268
0.267367 0.434975
0.264031 0.429189
0.268015 0.418503
0.265202 0.412295
0.262076 0.415085
0.258583 0.417508
0.254525 0.418009
0.249552 0.413672
0.242411 0.413509
0.245866 0.410782
0.243495 0.400256
0.248266 0.398327
0.252661 0.405019
0.256807 0.40422
0.260484 0.399257
0.26892 0.399437
0.266281 0.398694
0.263172 0.393019
0.257092 0.389569
0.254493 0.389007
0.251694 0.390706
0.242835 0.386071
0.246013 0.38538
0.249496 0.381273
0.259113 0.380111
0.265904 0.38289
0.269154 0.380699
0.262385 0.374314
0.26586 0.367831
0.269334 0.361261
0.263747 0.355571
0.25961 0.36106
0.256158 0.367185
0.252695 0.374193
0.247608 0.370384
0.243789 0.369539
0.250071 0.36136
0.253487 0.35808
0.246088 0.358516
0.244578 0.346398
0.248387 0.345725
0.251478 0.343866
0.25491 0.345178
0.25746 0.342007
0.261089 0.344052
0.267581 0.348141
0.264758 0.33829
0.270474 0.337142
0.267721 0.328018
0.262615 0.323332
0.259084 0.33009
0.253079 0.328827
0.248752 0.329704
0.244837 0.328595
0.247557 0.315001
0.245481 0.305936
0.251094 0.313418
0.255452 0.317521
0.259409 0.316605
0.265441 0.317188
0.270807 0.317639
0.267893 0.307388
0.271187 0.301271
0.265394 0.298819
0.26233 0.30317
0.258629 0.304213
0.255581 0.298865
0.252585 0.298819
0.249281 0.294408
0.245862 0.289348
0.259274 0.289963
0.262948 0.285832
0.268898 0.291574
0.271936 0.284971
0.266627 0.2822
0.270231 0.274114
0.26379 0.271747
0.259123 0.276255
0.255645 0.280669
0.252285 0.2812
0.247231 0.275284
0.25016 0.267473
0.24689 0.256746
0.253247 0.261885
0.25643 0.262864
0.261089 0.265567
0.266835 0.267426
0.272581 0.262417
0.269005 0.259356
0.26424 0.255234
0.258871 0.255344
0.270464 0.247677
0.273128 0.242449
0.267339 0.24494
0.262186 0.24494
0.258468 0.241734
0.254509 0.243832
0.250954 0.248579
0.248655 0.239972
0.246997 0.232029
0.252017 0.228624
0.256202 0.22827
0.261169 0.230112
0.265636 0.234407
0.269961 0.229555
0.273271 0.224644
0.264567 0.220957
0.267608 0.217472
0.262276 0.213135
0.258669 0.216543
0.254478 0.213559
0.248529 0.219402
0.251471 0.208479
0.248235 0.203
0.250807 0.191242
0.254355 0.194981
0.257696 0.200178
0.261481 0.198298
0.265216 0.20182
0.270816 0.20984
0.273949 0.205933
0.268714 0.199978
0.273686 0.189896
0.268518 0.185012
0.264186 0.184349
0.260119 0.183302
0.256573 0.180289
0.248749 0.181313
0.252697 0.177171
0.250013 0.164726
0.254926 0.164607
0.259347 0.16564
0.263042 0.166001
0.266532 0.168173
0.27018 0.16434
0.274918 0.16743
0.272086 0.176798
0.297726 0.174455
0.299544 0.164381
0.303466 0.166907
0.306948 0.163767
0.310484 0.165951
0.31371 0.166982
0.316935 0.16595
0.320217 0.167425
0.323555 0.165742
0.32328 0.184928
0.319721 0.187224
0.316112 0.182878
0.311518 0.183687
0.307124 0.179825
0.302184 0.182155
0.297814 0.18951
0.300605 0.199814
0.304225 0.197107
0.308647 0.194961
0.314766 0.198354
0.322178 0.20488
0.318105 0.203532
0.311354 0.203189
0.30664 0.206072
0.297026 0.206672
0.300488 0.215907
0.296573 0.223467
0.304167 0.218003
0.308136 0.217472
0.313731 0.21532
0.318782 0.217863
0.310511 0.222429
0.315771 0.225733
0.322017 0.226037
0.319033 0.235877
0.31269 0.233873
0.309095 0.236266
0.305169 0.23437
0.301447 0.231905
0.298639 0.233039
0.295751 0.240873
0.298387 0.249071
0.302273 0.247719
0.307322 0.247995
0.31231 0.247868
0.316047 0.242008
0.321589 0.248521
0.318654 0.255629
0.315297 0.255888
0.310792 0.25902
0.306631 0.261049
0.303315 0.262908
0.299644 0.261207
0.295498 0.257066
0.29573 0.270804
0.299512 0.274799
0.295255 0.284311
0.302396 0.281981
0.3056 0.277158
0.309073 0.271608
0.314382 0.267534
0.320981 0.269707
0.317741 0.272401
0.312026 0.277389
0.315457 0.282655
0.320203 0.287161
0.317146 0.295536
0.312967 0.292995
0.309018 0.287935
0.304435 0.291822
0.299366 0.29129
0.294437 0.297714
0.297942 0.304346
0.302542 0.305075
0.306778 0.302266
0.310154 0.307536
0.314023 0.306485
0.319535 0.306396
0.316411 0.316732
0.319209 0.325606
0.312927 0.322655
0.309494 0.325448
0.306048 0.319614
0.301411 0.319517
0.294473 0.31288
0.298098 0.321562
0.293745 0.327363
0.303629 0.331121
0.296693 0.33618
0.293748 0.34157
0.299087 0.341714
0.301334 0.346154
0.304256 0.346138
0.307695 0.342162
0.311354 0.342888
0.314368 0.335844
0.317692 0.339265
0.314113 0.352695
0.319084 0.353068
0.316855 0.358987
0.310574 0.359149
0.307194 0.362062
0.304032 0.362454
0.300318 0.360888
0.296582 0.358097
0.292628 0.353006
0.293432 0.366389
0.292043 0.377862
0.296652 0.376763
0.300166 0.374699
0.302867 0.38228
0.305887 0.380483
0.309588 0.374226
0.314018 0.367702
0.318121 0.374358
0.315394 0.382132
0.311978 0.381916
0.308226 0.391264
0.316724 0.396256
0.312679 0.396324
0.302568 0.398846
0.299443 0.39237
0.296314 0.392733
0.293762 0.391973
0.29108 0.396716
0.291779 0.411159
0.295098 0.410389
0.298992 0.410161
0.304817 0.406281
0.30851 0.405107
0.312056 0.410037
0.316602 0.413608
0.314595 0.424721
0.311129 0.425837
0.30694 0.419194
0.302823 0.421088
0.297177 0.425259
0.290504 0.426016
0.29375 0.429554
0.300358 0.430194
0.308136 0.431773
0.315979 0.437638
0.31227 0.444415
0.308383 0.445803
0.30496 0.438848
0.301978 0.445477
0.298387 0.446097
0.295081 0.444052
0.290405 0.444
0.292608 0.454399
0.289523 0.463465
0.293145 0.468401
0.296333 0.462117
0.301796 0.460966
0.305865 0.459446
0.309991 0.458901
0.315415 0.453494
0.315236 0.468472
0.312245 0.468693
0.308813 0.475926
0.305645 0.477695
0.302285 0.477518
0.29856 0.472916
0.292097 0.481784
0.288779 0.482936
0.29614 0.486192
0.299597 0.490217
0.310925 0.489194
0.314421 0.484785
0.314127 0.504073
0.310165 0.503514
0.306609 0.496606
0.303042 0.496452
0.293593 0.496696
0.290299 0.498253
0.288224 0.505919
0.299558 0.506727
0.295862 0.507435
0.292339 0.513631
0.288234 0.521479
0.292424 0.527587
0.295692 0.528761
0.288743 0.536427
0.292473 0.542958
0.298126 0.541548
0.303756 0.543436
0.309552 0.538629
0.31316 0.534229
0.307139 0.528865
0.304032 0.527881
0.300896 0.532425
0.298427 0.521561
0.303348 0.513738
0.30799 0.514699
0.312395 0.519768
0.333007 0.522697
0.335737 0.518815
0.33893 0.519432
0.342608 0.519826
0.345233 0.513776
0.348427 0.51171
0.353181 0.513424
0.356814 0.51429
0.360179 0.519868
0.362015 0.507343
0.364775 0.499427
0.358968 0.498033
0.355574 0.499127
0.351115 0.50328
0.341108 0.506259
0.334906 0.503395
0.338024 0.49796
0.344758 0.497345
0.347823 0.492007
0.341406 0.489445
0.337197 0.48284
0.344028 0.478757
0.339921 0.471958
0.346591 0.469077
0.352177 0.474721
0.357851 0.468948
0.354059 0.465304
0.350531 0.461847
0.342635 0.456936
0.33994 0.457163
0.345375 0.451456
0.348432 0.452084
0.353739 0.446604
0.350887 0.439034
0.344069 0.436991
0.347672 0.435166
0.357339 0.436245
0.361646 0.434835
0.369758 0.433086
0.373611 0.431227
0.365766 0.42974
0.360534 0.424257
0.355527 0.424995
0.352356 0.425064
0.347892 0.42098
0.351291 0.410863
0.354582 0.405983
0.357954 0.413738
0.361734 0.409849
0.364843 0.414144
0.368527 0.415868
0.372218 0.4171
0.375605 0.416357
0.377992 0.425455
0.381471 0.422464
0.384927 0.421402
0.388212 0.428275
0.393145 0.431146
0.39688 0.429368
0.390963 0.420402
0.395986 0.414037
0.392479 0.407713
0.387903 0.409767
0.383911 0.403717
0.380887 0.404089
0.37795 0.407063
0.374172 0.399628
0.370645 0.401673
0.366622 0.399835
0.357597 0.397451
0.360665 0.394256
0.363666 0.389839
0.367528 0.385091
0.37101 0.384299
0.37431 0.380893
0.379639 0.377332
0.376836 0.388058
0.380063 0.390331
0.383839 0.383856
0.388626 0.383476
0.393093 0.390754
0.386788 0.39438
0.39035 0.396406
0.396386 0.397062
0.399874 0.404115
0.403476 0.412831
0.40033 0.421593
0.40633 0.424491
0.409281 0.434816
0.402976 0.434502
0.399421 0.441329
0.406647 0.444441
0.410708 0.447894
0.403756 0.451673
0.395345 0.447786
0.391993 0.450257
0.388526 0.442041
0.384311 0.438662
0.379839 0.438662
0.376063 0.444238
0.372475 0.446977
0.367124 0.444238
0.363591 0.444238
0.358921 0.449117
0.356502 0.455855
0.361409 0.456046
0.365726 0.457796
0.369506 0.453067
0.379889 0.453299
0.383128 0.452847
0.388816 0.457347
0.385463 0.461847
0.395134 0.46456
0.398521 0.457456
0.401344 0.461793
0.407588 0.462487
0.412313 0.459469
0.41443 0.472903
0.410374 0.476343
0.406138 0.481
0.400403 0.479288
0.404113 0.470818
0.397077 0.473281
0.392454 0.470968
0.388575 0.471252
0.382417 0.472682
0.378347 0.463755
0.374737 0.462825
0.371264 0.465056
0.368145 0.470262
0.363249 0.467074
0.365091 0.476362
0.360504 0.475933
0.356378 0.482089
0.349642 0.482032
0.352957 0.48988
0.362259 0.488289
0.366421 0.488559
0.369256 0.487996
0.37177 0.480397
0.375394 0.480467
0.379315 0.481225
0.386552 0.480535
0.391071 0.484422
0.383887 0.488711
0.388126 0.496395
0.393616 0.496437
0.396976 0.487918
0.402525 0.491
0.408289 0.490706
0.412695 0.489789
0.416214 0.490277
0.417052 0.508208
0.413612 0.50745
0.409857 0.502272
0.405115 0.500391
0.400902 0.505134
0.39746 0.504647
0.389839 0.508972
0.393994 0.513948
0.391333 0.523532
0.397869 0.520535
0.402639 0.519601
0.406228 0.513837
0.410081 0.516109
0.416809 0.524437
0.412853 0.525608
0.407079 0.527468
0.410208 0.535414
0.418509 0.539263
0.415042 0.54091
0.412258 0.548885
0.407851 0.545484
0.404749 0.53986
0.401634 0.534044
0.398163 0.535729
0.394757 0.533065
0.391835 0.542101
0.394842 0.55048
0.39879 0.550186
0.402554 0.552576
0.40638 0.557949
0.41017 0.561132
0.417502 0.555418
0.414075 0.56443
0.418066 0.571283
0.414029 0.57962
0.410463 0.577284
0.406855 0.571871
0.402823 0.568773
0.39879 0.565056
0.395161 0.565056
0.39207 0.565572
0.395603 0.580545
0.392248 0.584168
0.399122 0.580691
0.401826 0.58572
0.404902 0.584915
0.408895 0.589219
0.417411 0.587449
0.413731 0.595688
0.417133 0.602088
0.411089 0.600604
0.406191 0.598404
0.403519 0.606962
0.408847 0.609119
0.413198 0.614734
0.416679 0.619019
0.472636 0.624887
0.475627 0.618336
0.479478 0.620133
0.485282 0.615428
0.494315 0.61627
0.492053 0.610434
0.488441 0.610905
0.481982 0.61035
0.478266 0.603718
0.472059 0.606618
0.47495 0.601534
0.481807 0.59578
0.48559 0.597633
0.490996 0.596447
0.494493 0.593241
0.488407 0.591078
0.483253 0.58451
0.478427 0.586431
0.475 0.587361
0.471819 0.583991
0.475224 0.573523
0.480833 0.574597
0.484005 0.572367
0.487379 0.577695
0.491803 0.578536
0.494169 0.566995
0.489498 0.562153
0.485413 0.560573
0.479056 0.56604
0.47336 0.562701
0.471205 0.558602
0.476371 0.558984
0.478898 0.550805
0.482588 0.553566
0.487177 0.547212
0.491278 0.546954
0.494311 0.548327
0.506366 0.560636
0.508791 0.558012
0.51129 0.560177
0.51441 0.552045
0.51806 0.552632
0.521909 0.554768
0.527963 0.556837
0.525045 0.5638
0.521584 0.567157
0.517291 0.565384
0.513889 0.570219
0.505995 0.576683
0.510084 0.576113
0.516437 0.579816
0.520967 0.577005
0.525794 0.57815
0.534247 0.584773
0.53983 0.590252
0.536645 0.593812
0.543857 0.596654
0.54123 0.605019
0.538407 0.607807
0.534317 0.606319
0.522746 0.606708
0.519557 0.605205
0.525151 0.596439
0.522602 0.589663
0.519141 0.587251
0.5125 0.586871
0.508021 0.589837
0.504666 0.593159
0.516169 0.597026
0.512974 0.601684
0.509409 0.601404
0.503657 0.608278
0.506989 0.612763
0.510508 0.616554
0.513754 0.6171
0.516914 0.615242
0.52281 0.621629
0.519204 0.626206
0.521471 0.639645
0.517922 0.64188
0.51492 0.633296
0.510968 0.632156
0.507364 0.631285
0.504666 0.624535
0.501711 0.62577
0.489652 0.62551
0.493952 0.633504
0.490647 0.64145
0.486655 0.637192
0.483916 0.629492
0.480669 0.634266
0.47747 0.633366
0.472519 0.639242
0.475554 0.641951
0.482661 0.646351
0.478927 0.651439
0.472752 0.65556
0.476361 0.659151
0.482208 0.661245
0.485143 0.656992
0.487661 0.651425
0.493843 0.650933
0.500599 0.645278
0.50417 0.641077
0.508847 0.645856
0.512276 0.648079
0.515821 0.652419
0.519904 0.656834
0.513971 0.662913
0.509784 0.661808
0.506317 0.656134
0.503041 0.658874
0.49961 0.664177
0.493963 0.667009
0.490224 0.66074
0.486361 0.669254
0.489821 0.675822
0.483183 0.676689
0.479436 0.669765
0.475114 0.669673
0.47238 0.675405
0.47621 0.682153
0.479587 0.683318
0.473739 0.690586
0.478228 0.696656
0.482958 0.691548
0.486566 0.685287
0.492608 0.683601
0.496509 0.680892
0.499655 0.681624
0.502071 0.680433
0.504577 0.673409
0.507187 0.676471
0.509812 0.679058
0.512595 0.677127
0.516363 0.673154
0.519206 0.674199
0.535422 0.678818
0.538773 0.6802
0.542675 0.684015
0.53611 0.694614
0.539819 0.698265
0.543369 0.704667
0.546102 0.700124
0.549257 0.700939
0.553745 0.699153
0.55762 0.695234
0.560383 0.697952
0.564292 0.697232
0.568273 0.700156
0.571774 0.702602
0.575319 0.702311
0.579607 0.695395
0.575253 0.688896
0.571371 0.68783
0.577783 0.680304
0.581402 0.679371
0.57388 0.675341
0.568629 0.679678
0.566295 0.684343
0.562414 0.684896
0.555038 0.684389
0.55 0.686211
0.546151 0.681987
0.552669 0.673128
0.557673 0.675109
0.560976 0.672145
0.564718 0.668216
0.569995 0.668817
0.57379 0.663569
0.579578 0.667068
0.582891 0.658785
0.577132 0.657196
0.580532 0.648374
0.573696 0.650886
0.570242 0.654647
0.567124 0.658609
0.561652 0.655547
0.555538 0.660534
0.549597 0.667286
0.546668 0.662395
0.543461 0.661468
0.540471 0.667091
0.536197 0.663919
0.539075 0.651531
0.535082 0.648607
0.536895 0.637779
0.541935 0.641822
0.545449 0.644981
0.549682 0.650264
0.55295 0.650068
0.555697 0.640911
0.564875 0.647868
0.568909 0.642298
0.562474 0.637053
0.566533 0.63246
0.572557 0.637109
0.57614 0.637223
0.584838 0.63433
0.582451 0.634431
0.579266 0.630893
0.570437 0.625807
0.57401 0.61879
0.577611 0.61759
0.582017 0.616356
0.585456 0.613662
0.586868 0.59443
0.584005 0.594797
0.58137 0.602597
0.578468 0.603346
0.575655 0.600604
0.572652 0.600809
0.569616 0.593156
0.566712 0.597065
0.564022 0.604848
0.570212 0.61013
0.567096 0.6158
0.56348 0.621463
0.555316 0.624168
0.552258 0.630297
0.549454 0.63536
0.546991 0.630969
0.544866 0.626394
0.539516 0.630111
0.534523 0.627497
0.537198 0.619424
0.541817 0.621802
0.549087 0.617198
0.544758 0.611524
0.552163 0.609328
0.555497 0.608435
0.548154 0.602915
0.553884 0.593273
0.549979 0.589611
0.546331 0.586803
0.542531 0.580014
0.538307 0.574201
0.533537 0.569525
0.535383 0.561813
0.543315 0.56574
0.547361 0.57097
0.550783 0.574787
0.554534 0.577772
0.564989 0.582835
0.568188 0.577467
0.571774 0.580958
0.574692 0.58572
0.57829 0.585893
0.581317 0.585502
0.587797 0.57763
0.584658 0.575412
0.575925 0.572163
0.579181 0.566328
0.582045 0.566696
0.588421 0.562518
0.5848 0.554792
0.576865 0.556459
0.573323 0.562806
0.570296 0.563197
0.566467 0.561921
0.552231 0.562949
0.554718 0.557902
0.550276 0.553023
0.545894 0.554917
0.540649 0.556647
0.537627 0.552827
0.533402 0.548287
0.526567 0.544204
0.523487 0.543914
0.519758 0.541986
0.508539 0.542887
0.512076 0.540892
0.515457 0.532373
0.519426 0.529958
0.524215 0.529741
0.52897 0.533606
0.532798 0.527726
0.537188 0.528089
0.535461 0.538484
0.540099 0.539034
0.543315 0.541088
0.548477 0.542958
0.553265 0.539955
0.545946 0.532283
0.549213 0.52673
0.553406 0.522759
0.540726 0.522836
0.543952 0.518587
0.546753 0.509783
0.550276 0.511751
0.553003 0.50288
0.548494 0.495095
0.543824 0.499609
0.540963 0.505248
0.537769 0.511152
0.534569 0.512148
0.530371 0.515065
0.526855 0.519145
0.522088 0.518381
0.518011 0.517555
0.512231 0.523544
0.509001 0.526332
0.494051 0.529733
0.489958 0.532343
0.485645 0.534201
0.481452 0.539034
0.477061 0.538827
0.473944 0.544079
0.47154 0.535023
0.472906 0.520181
0.476331 0.523606
0.480108 0.525403
0.48351 0.521718
0.487627 0.519174
0.490938 0.515455
0.494484 0.512282
0.485038 0.507239
0.481234 0.509723
0.478136 0.509913
0.471511 0.506622
0.47509 0.502685
0.481804 0.497444
0.488306 0.501239
0.492244 0.501529
0.494727 0.490809
0.492342 0.484866
0.48992 0.485133
0.487558 0.485661
0.484758 0.490335
0.47812 0.493348
0.473174 0.489066
0.470663 0.487478
0.475627 0.480793
0.481228 0.483271
0.484986 0.476164
0.494324 0.472116
0.49113 0.468403
0.48788 0.467417
0.481631 0.467162
0.478579 0.473513
0.471971 0.470256
0.475838 0.465971
0.47089 0.45487
0.474502 0.454734
0.478405 0.45601
0.484274 0.460502
0.494391 0.455786
0.490574 0.454693
0.487373 0.450695
0.480824 0.447955
0.484194 0.444052
0.49207 0.443988
0.494556 0.435141
0.490776 0.431693
0.48769 0.434835
0.481452 0.43197
0.476949 0.438662
0.473269 0.441395
0.470755 0.435445
0.470794 0.420021
0.474328 0.423349
0.47884 0.421771
0.485208 0.425651
0.493534 0.418832
0.489202 0.41842
0.483423 0.414085
0.486736 0.407259
0.480327 0.407063
0.475824 0.408841
0.471143 0.405166
0.471125 0.391499
0.475403 0.393311
0.479313 0.392671
0.483468 0.394528
0.487956 0.39249
0.492903 0.391288
0.491169 0.404468
0.495127 0.402384
0.518585 0.397284
0.522097 0.392189
0.526287 0.393006
0.529938 0.394423
0.533648 0.391955
0.536671 0.397467
0.540829 0.392058
0.545687 0.392671
0.549034 0.392765
0.551686 0.396365
0.544274 0.405204
0.548145 0.410924
0.551946 0.416609
0.542177 0.414498
0.538901 0.408433
0.53254 0.407063
0.52742 0.409294
0.52379 0.406673
0.520562 0.409385
0.517272 0.418149
0.520649 0.424672
0.52417 0.424339
0.52742 0.424824
0.530927 0.419888
0.535291 0.420317
0.538934 0.423792
0.530479 0.434616
0.534147 0.435433
0.537823 0.439591
0.541659 0.434259
0.544933 0.427913
0.54861 0.42751
0.552009 0.437172
0.548133 0.443359
0.544892 0.446923
0.540726 0.449814
0.536694 0.45539
0.533065 0.449814
0.529284 0.446097
0.525579 0.440682
0.521452 0.438848
0.516231 0.43551
0.518772 0.447336
0.514661 0.452242
0.516937 0.460969
0.521755 0.457338
0.524866 0.457456
0.52768 0.459983
0.530582 0.464391
0.533548 0.4671
0.537057 0.473606
0.540847 0.47658
0.534005 0.483685
0.530444 0.484573
0.527271 0.475152
0.523204 0.475836
0.519534 0.470673
0.513395 0.471703
0.51658 0.477265
0.512022 0.490818
0.515377 0.490254
0.520065 0.487785
0.526252 0.489043
0.523085 0.495121
0.517623 0.5
0.51085 0.507743
0.514745 0.509714
0.520672 0.5057
0.525045 0.506609
0.528757 0.500588
0.532534 0.499413
0.536425 0.493185
0.539637 0.491636
0.544451 0.485307
0.552571 0.485381
0.548825 0.478034
0.545027 0.471293
0.540092 0.463356
0.543548 0.459573
0.551664 0.45376
0.547942 0.461894
0.552601 0.467759
0.57138 0.471486
0.575045 0.470673
0.57992 0.469331
0.585829 0.466012
0.582969 0.46017
0.577611 0.458912
0.572573 0.455196
0.57602 0.447299
0.58078 0.446561
0.572971 0.436906
0.577195 0.433912
0.579799 0.426952
0.574812 0.421933
0.574091 0.408217
0.575745 0.393347
0.579499 0.394324
0.583511 0.392299
0.587808 0.391989
0.592899 0.392812
0.596972 0.39161
0.599726 0.397124
0.595352 0.406085
0.590235 0.404639
0.585845 0.406281
0.582057 0.405669
0.578116 0.410781
0.582841 0.419661
0.586653 0.421004
0.590403 0.419703
0.593502 0.41863
0.598217 0.417114
0.596073 0.430015
0.588962 0.431924
0.583216 0.43448
0.585534 0.440288
0.592522 0.437815
0.59643 0.444146
0.588844 0.445229
0.58664 0.454399
0.590927 0.455576
0.594988 0.457974
0.592247 0.470057
0.588828 0.471572
0.594373 0.478475
0.590242 0.486431
0.585887 0.479554
0.582213 0.481
0.577538 0.481413
0.570799 0.487333
0.574376 0.489013
0.57972 0.492565
0.584938 0.493658
0.593469 0.495484
0.590599 0.504099
0.587584 0.499403
0.58256 0.500465
0.577206 0.501531
0.569683 0.50115
0.573831 0.506505
0.571371 0.515745
0.568262 0.521398
0.577111 0.516401
0.580766 0.512082
0.585191 0.5147
0.591908 0.517158
0.58838 0.522483
0.590723 0.534665
0.585677 0.536204
0.582515 0.528726
0.57886 0.52974
0.574487 0.527712
0.570878 0.532218
0.567232 0.541469
0.569803 0.547708
0.573387 0.545436
0.576931 0.543044
0.581145 0.547138
0.588928 0.547331
0.606132 0.551042
0.612078 0.549743
0.609232 0.541085
0.614062 0.536013
0.616711 0.534903
0.611609 0.527688
0.607449 0.528263
0.608846 0.509828
0.612231 0.511355
0.615572 0.517348
0.618911 0.515427
0.622035 0.510496
0.625276 0.503913
0.628719 0.507641
0.632884 0.504744
0.636548 0.507466
0.634782 0.521258
0.631522 0.519022
0.627568 0.521718
0.624274 0.520818
0.620927 0.529182
0.629615 0.533664
0.632916 0.537299
0.625191 0.535414
0.618901 0.542286
0.622699 0.54461
0.627903 0.548141
0.631417 0.554203
0.624882 0.555762
0.620111 0.554368
0.615853 0.555175
0.609311 0.562014
0.605927 0.569709
0.613629 0.566357
0.618683 0.56518
0.622805 0.567121
0.627218 0.567099
0.630551 0.573142
0.623992 0.58197
0.620296 0.577076
0.617036 0.57737
0.612007 0.57786
0.608977 0.582763
0.605178 0.585039
0.615054 0.586948
0.620055 0.59098
0.627095 0.585491
0.62999 0.593154
0.623154 0.599785
0.626127 0.604466
0.629492 0.611378
0.619758 0.606568
0.61649 0.600568
0.611855 0.596097
0.608199 0.600195
0.604427 0.601275
0.613354 0.609119
0.609946 0.614622
0.606646 0.618366
0.603416 0.620277
0.613508 0.624768
0.616263 0.61772
0.619435 0.620446
0.622644 0.61935
0.62603 0.620818
0.629231 0.631537
0.625614 0.636744
0.621371 0.635688
0.617339 0.63259
0.610121 0.630483
0.605434 0.632736
0.603354 0.644701
0.607572 0.642914
0.613486 0.639405
0.617291 0.645856
0.621025 0.653125
0.624415 0.652079
0.628734 0.653651
0.618056 0.660058
0.614032 0.655019
0.610447 0.65174
0.606653 0.658929
0.603439 0.664089
0.608424 0.670222
0.612097 0.671004
0.615233 0.672036
0.61922 0.673689
0.622809 0.672458
0.626401 0.667114
0.62923 0.678339
0.625576 0.686356
0.617428 0.685667
0.612203 0.687634
0.608952 0.683643
0.603421 0.681168
0.6061 0.686795
0.603645 0.700019
0.607741 0.700372
0.611694 0.701983
0.615222 0.694935
0.621064 0.690299
0.630081 0.696994
0.624028 0.701181
0.627107 0.704888
0.620968 0.70632
0.617876 0.705081
0.614704 0.710657
0.60914 0.714581
0.604843 0.715328
0.612455 0.720157
0.617434 0.720862
0.620897 0.722611
0.624032 0.718773
0.630414 0.714243
0.63357 0.716102
0.62754 0.723606
0.631134 0.730483
0.6353 0.729431
0.639052 0.730923
0.643012 0.732869
0.647195 0.734432
0.650799 0.7325
0.653835 0.731247
0.657704 0.734576
0.663558 0.734666
0.660842 0.742462
0.666667 0.740397
0.672857 0.740853
0.676255 0.73544
0.680292 0.73745
0.683313 0.733944
0.685489 0.722792
0.679681 0.72224
0.674942 0.724376
0.671909 0.722429
0.669086 0.728418
0.664964 0.721603
0.66063 0.723217
0.655899 0.720633
0.658719 0.707647
0.662405 0.709715
0.667718 0.714957
0.675783 0.713208
0.683763 0.7121
0.679282 0.705346
0.687149 0.701929
0.68236 0.700279
0.675735 0.698994
0.672446 0.704461
0.669503 0.702309
0.665688 0.70112
0.661721 0.694847
0.6629 0.681722
0.667023 0.686035
0.671048 0.684944
0.674104 0.685048
0.677483 0.685482
0.680933 0.685874
0.68519 0.68874
0.688497 0.679358
0.683469 0.673352
0.668496 0.670681
0.664055 0.667136
0.673185 0.668216
0.676549 0.667678
0.679839 0.669145
0.686492 0.664316
0.68971 0.659383
0.682891 0.657196
0.678528 0.651177
0.674677 0.651301
0.670444 0.656506
0.666936 0.653718
0.664332 0.64681
0.671244 0.642633
0.681721 0.642503
0.686002 0.645689
0.69006 0.643324
0.691134 0.628419
0.687903 0.629285
0.684395 0.630483
0.679629 0.629963
0.675403 0.635688
0.66803 0.633298
0.665406 0.626617
0.671456 0.627959
0.675365 0.620198
0.683307 0.616543
0.690883 0.613226
0.686962 0.611701
0.681238 0.606057
0.678299 0.612369
0.671413 0.613089
0.668427 0.609851
0.665557 0.609928
0.673675 0.603027
0.666089 0.594028
0.669796 0.592046
0.675672 0.592406
0.678969 0.592545
0.68207 0.590458
0.684911 0.597437
0.691089 0.59939
0.687948 0.592317
0.692182 0.584784
0.689207 0.578068
0.684498 0.580339
0.679875 0.573842
0.676573 0.574907
0.672292 0.581782
0.667312 0.577947
0.667937 0.563838
0.673215 0.567976
0.682482 0.566501
0.686815 0.56803
0.692608 0.568285
0.690582 0.560364
0.684677 0.556691
0.677493 0.556776
0.673221 0.553138
0.670244 0.552231
0.666645 0.547216
0.67571 0.542839
0.681049 0.549212
0.688496 0.550514
0.69239 0.545458
0.685128 0.543735
0.68871 0.536246
0.683115 0.532528
0.679113 0.535688
0.670491 0.534298
0.66648 0.532169
0.67379 0.52974
0.677057 0.52119
0.680859 0.52143
0.686219 0.52646
0.692117 0.526928
0.689459 0.521508
0.691516 0.508621
0.68742 0.50948
0.683669 0.513569
0.679525 0.507641
0.674328 0.512144
0.671472 0.515102
0.668548 0.517761
0.665067 0.517483
0.662771 0.502572
0.666065 0.500391
0.669575 0.499662
0.674042 0.499303
0.677253 0.498907
0.683563 0.498907
0.687405 0.495189
0.690657 0.491904
0.680869 0.490913
0.684606 0.484034
0.687279 0.477718
0.689602 0.472429
0.682735 0.472927
0.678866 0.480319
0.675688 0.482943
0.672715 0.488104
0.670081 0.4829
0.666571 0.483714
0.662721 0.484967
0.659357 0.490665
0.654654 0.48382
0.657525 0.478319
0.65108 0.480621
0.647512 0.481102
0.644339 0.486511
0.641079 0.489418
0.63872 0.498492
0.634758 0.49145
0.630242 0.492565
0.62621 0.489435
0.622626 0.490913
0.619848 0.496076
0.61684 0.498407
0.613587 0.495168
0.610594 0.490962
0.615686 0.47966
0.619873 0.478227
0.612664 0.473464
0.617723 0.466983
0.62401 0.473809
0.627868 0.477282
0.630825 0.472739
0.633563 0.479226
0.638266 0.480482
0.642415 0.472734
0.636089 0.468866
0.639208 0.463919
0.634037 0.460201
0.630847 0.457249
0.62709 0.459446
0.622446 0.46017
0.61504 0.45694
0.619144 0.454744
0.624217 0.446206
0.617677 0.440805
0.62137 0.441134
0.62706 0.44052
0.630192 0.4454
0.634274 0.444769
0.638519 0.449912
0.642299 0.449628
0.64739 0.449325
0.651492 0.452602
0.656228 0.459521
0.644052 0.459572
0.64664 0.466336
0.650134 0.46551
0.653943 0.468401
0.660081 0.468963
0.663226 0.465427
0.66621 0.468773
0.669355 0.467369
0.672638 0.467959
0.675925 0.468511
0.679355 0.463011
0.686814 0.459493
0.682621 0.456322
0.676305 0.453204
0.670992 0.451017
0.667057 0.452602
0.663268 0.449372
0.659153 0.452045
0.65505 0.444592
0.660175 0.438334
0.664148 0.432924
0.65746 0.428996
0.653589 0.42974
0.650573 0.437781
0.645991 0.436803
0.642434 0.43571
0.637321 0.437009
0.630588 0.431492
0.625913 0.427608
0.620964 0.427256
0.62366 0.41781
0.631502 0.418684
0.635 0.425465
0.639597 0.426952
0.643999 0.422808
0.647863 0.424164
0.650403 0.418216
0.655 0.415242
0.644461 0.410194
0.639575 0.413434
0.634588 0.411609
0.62901 0.41209
0.626506 0.408917
0.631122 0.398969
0.63458 0.395923
0.637737 0.38718
0.641064 0.386024
0.644243 0.382998
0.648227 0.380417
0.65355 0.378746
0.658372 0.38314
0.663911 0.385933
0.668693 0.391652
0.672985 0.398767
0.666574 0.400414
0.661201 0.392809
0.655095 0.394052
0.651252 0.389643
0.646147 0.395291
0.638172 0.400861
0.642249 0.399422
0.648578 0.402759
0.652061 0.406237
0.657572 0.405204
0.660403 0.405576
0.663619 0.4081
0.670369 0.40885
0.677705 0.410677
0.674558 0.41417
0.665868 0.417344
0.660712 0.421448
0.667843 0.425183
0.670992 0.423901
0.680358 0.423666
0.676838 0.430841
0.673163 0.432466
0.668629 0.439405
0.673925 0.446716
0.679436 0.444239
0.685292 0.44524
0.682806 0.434582
0.714743 0.428235
0.719575 0.425482
0.723639 0.421236
0.728336 0.421933
0.734401 0.422525
0.737438 0.42947
0.743467 0.428303
0.747988 0.434204
0.744708 0.439784
0.740502 0.444828
0.73681 0.447421
0.734051 0.4399
0.7313 0.432388
0.727823 0.437194
0.723387 0.433912
0.718299 0.439989
0.713788 0.446999
0.716436 0.454449
0.721452 0.448141
0.725546 0.44555
0.730384 0.448611
0.733289 0.456836
0.728548 0.461152
0.724686 0.458901
0.719135 0.462318
0.714563 0.468184
0.72239 0.468695
0.726671 0.474686
0.731653 0.470446
0.735798 0.468608
0.74121 0.466791
0.744426 0.4637
0.738531 0.461586
0.742932 0.451442
0.747016 0.452062
0.75 0.45539
0.753105 0.459851
0.756603 0.461199
0.759576 0.460734
0.763114 0.464046
0.765726 0.471425
0.759675 0.475839
0.755194 0.473103
0.749342 0.469673
0.74627 0.474442
0.751747 0.480882
0.763687 0.486161
0.759189 0.48963
0.755618 0.486121
0.747474 0.487869
0.743065 0.481599
0.739382 0.481413
0.73629 0.483271
0.733145 0.483643
0.729666 0.486546
0.725106 0.488848
0.722008 0.483369
0.71804 0.480281
0.713049 0.481912
0.714884 0.494022
0.719355 0.496902
0.723291 0.503895
0.712823 0.508026
0.716132 0.512268
0.718817 0.516109
0.721685 0.516935
0.727167 0.511849
0.730645 0.508261
0.727538 0.498907
0.733428 0.49777
0.737033 0.499609
0.740841 0.496991
0.744797 0.498053
0.750121 0.496468
0.754274 0.496035
0.764503 0.502876
0.761356 0.503665
0.757961 0.504255
0.754505 0.507638
0.751066 0.51012
0.747701 0.512626
0.745006 0.51684
0.742069 0.515496
0.73935 0.51312
0.733737 0.51425
0.736439 0.519566
0.73029 0.523179
0.725587 0.523319
0.713386 0.527411
0.71761 0.532995
0.722305 0.53287
0.725717 0.539653
0.72878 0.536478
0.733226 0.5329
0.738459 0.533597
0.741933 0.530636
0.735596 0.541699
0.730836 0.547153
0.737664 0.55191
0.733569 0.553439
0.727742 0.555948
0.723829 0.552753
0.720065 0.545495
0.712281 0.54429
0.715652 0.550189
0.712005 0.56193
0.717944 0.561338
0.720817 0.5625
0.715949 0.571654
0.713363 0.577003
0.710701 0.578939
0.71972 0.578952
0.723316 0.570413
0.725958 0.571794
0.72873 0.574349
0.73125 0.565288
0.734811 0.567126
0.737315 0.574163
0.731586 0.581784
0.734721 0.585089
0.736448 0.598998
0.732567 0.598841
0.729335 0.593169
0.72599 0.58905
0.722602 0.589219
0.717473 0.591904
0.714381 0.589436
0.710489 0.596366
0.713262 0.604502
0.710209 0.613841
0.716609 0.6094
0.720363 0.601301
0.724429 0.607032
0.728495 0.606568
0.733367 0.610827
0.735801 0.619824
0.731473 0.621698
0.727823 0.620198
0.723536 0.62209
0.719893 0.619424
0.713816 0.620916
0.71716 0.630318
0.709894 0.63046
0.713816 0.636177
0.722037 0.637708
0.725807 0.634655
0.729212 0.634862
0.734075 0.634672
0.730376 0.64746
0.734349 0.649903
0.726246 0.651402
0.722177 0.653656
0.718448 0.645756
0.714315 0.650372
0.709751 0.646916
0.709242 0.661744
0.713185 0.663941
0.716999 0.66396
0.720225 0.665721
0.724767 0.665721
0.729935 0.661445
0.734314 0.666729
0.732258 0.676987
0.728853 0.675754
0.725446 0.679221
0.72129 0.679182
0.716497 0.683611
0.713733 0.679969
0.710887 0.678439
0.708135 0.676436
0.708267 0.691611
0.712033 0.695265
0.719141 0.69134
0.723099 0.694017
0.726703 0.694135
0.729838 0.691443
0.733587 0.691112
0.732549 0.708344
0.729246 0.70797
0.726462 0.711664
0.723105 0.711338
0.720161 0.705523
0.716392 0.704461
0.712876 0.706939
0.707612 0.706556
0.709842 0.71474
0.719379 0.719331
0.716048 0.720818
0.712785 0.721299
0.706763 0.723879
0.710162 0.734018
0.706785 0.740116
0.713441 0.737092
0.717424 0.734201
0.721456 0.731853
0.724692 0.725235
0.728627 0.727406
0.732329 0.724501
0.731999 0.741359
0.728587 0.74457
0.724677 0.74052
0.72004 0.746654
0.715726 0.747212
0.710589 0.751807
0.706667 0.754377
0.713496 0.758255
0.717102 0.76066
0.720161 0.762082
0.723323 0.756897
0.726361 0.755808
0.731483 0.759272
0.728392 0.765471
0.776476 0.764561
0.779799 0.772856
0.78293 0.775093
0.787097 0.776332
0.791485 0.775968
0.795363 0.772677
0.801894 0.767277
0.798137 0.766596
0.79207 0.761669
0.788811 0.763011
0.785457 0.763445
0.782567 0.758255
0.779571 0.752604
0.776867 0.746869
0.782863 0.742565
0.786863 0.749071
0.790556 0.746723
0.794631 0.752788
0.799641 0.752788
0.802504 0.74828
0.796703 0.743385
0.802721 0.73253
0.799194 0.734202
0.792944 0.734387
0.786039 0.735363
0.780468 0.731517
0.777286 0.730878
0.784123 0.724907
0.789071 0.730679
0.795872 0.725704
0.800361 0.719128
0.803419 0.715268
0.797104 0.709361
0.793188 0.714048
0.789962 0.716983
0.786057 0.713657
0.781572 0.716484
0.77794 0.711739
0.781641 0.702504
0.785176 0.699213
0.789113 0.700743
0.793387 0.699442
0.800806 0.701678
0.803925 0.695212
0.797945 0.691007
0.801886 0.682538
0.794588 0.685287
0.79125 0.683829
0.788609 0.680065
0.78624 0.685641
0.782661 0.687113
0.778557 0.692896
0.778802 0.674821
0.782702 0.672491
0.785982 0.66838
0.780313 0.65926
0.785484 0.656599
0.789883 0.663907
0.793629 0.663941
0.796057 0.671417
0.799123 0.674284
0.804674 0.671996
0.801131 0.662687
0.804858 0.652281
0.80121 0.648699
0.79747 0.65343
0.791872 0.649482
0.794853 0.643013
0.789292 0.641677
0.786593 0.644981
0.782591 0.644173
0.779161 0.643916
0.785366 0.63208
0.780677 0.626499
0.784227 0.619834
0.788629 0.622082
0.792607 0.629647
0.797292 0.63259
0.801058 0.637779
0.8053 0.634347
0.801008 0.624721
0.804961 0.61739
0.796539 0.616326
0.792608 0.61297
0.801094 0.609754
0.80681 0.602006
0.804138 0.595676
0.800887 0.594424
0.797742 0.6
0.794073 0.598699
0.789919 0.605948
0.786991 0.602915
0.784006 0.604089
0.780833 0.609851
0.780836 0.594793
0.782836 0.58437
0.786348 0.58444
0.79002 0.5886
0.793568 0.583378
0.797849 0.583024
0.801008 0.579926
0.807081 0.581819
0.804032 0.576208
0.807171 0.564878
0.801167 0.564371
0.797267 0.56361
0.795262 0.572026
0.792042 0.565936
0.788856 0.568604
0.785153 0.566578
0.781402 0.568486
0.783188 0.551177
0.7874 0.549415
0.79121 0.548141
0.794643 0.550806
0.79879 0.552045
0.803936 0.553815
0.807602 0.550707
0.801167 0.542262
0.805797 0.536941
0.80869 0.53565
0.803468 0.531475
0.797984 0.534873
0.794047 0.535644
0.788979 0.534902
0.783325 0.536051
0.783389 0.51963
0.787076 0.52425
0.791532 0.522305
0.795475 0.522511
0.800927 0.52026
0.806855 0.517887
0.809309 0.518302
0.804032 0.516729
0.797941 0.513696
0.793831 0.507435
0.78904 0.507097
0.785737 0.508134
0.783446 0.499464
0.785025 0.486834
0.788485 0.49112
0.792218 0.49461
0.79664 0.495752
0.80033 0.500169
0.804483 0.502843
0.809058 0.500666
0.803468 0.489219
0.807301 0.48825
0.809958 0.480019
0.805127 0.475217
0.799798 0.4829
0.795526 0.479997
0.791895 0.478253
0.788266 0.474348
0.784432 0.471793
0.78605 0.45733
0.790484 0.462082
0.795202 0.465242
0.800368 0.469614
0.809865 0.465227
0.804763 0.461131
0.808122 0.455129
0.810881 0.446618
0.806855 0.443203
0.80295 0.446977
0.799673 0.455744
0.79632 0.45237
0.7925 0.449814
0.789148 0.442783
0.785405 0.441589
0.76591 0.449038
0.761409 0.449703
0.756704 0.447258
0.751257 0.443363
0.753931 0.438894
0.75872 0.437268
0.762392 0.43829
0.766795 0.429166
0.763646 0.427216
0.759581 0.421756
0.755726 0.427323
0.751125 0.426433
0.746663 0.418039
0.737115 0.410268
0.731965 0.412301
0.728819 0.40422
0.725444 0.409851
0.721371 0.409411
0.717266 0.412641
0.714242 0.408092
0.715423 0.392517
0.719121 0.395054
0.722581 0.393311
0.726132 0.393006
0.730433 0.391506
0.733741 0.396583
0.737071 0.393121
0.749232 0.405701
0.752016 0.413272
0.75585 0.411709
0.761978 0.411655
0.766026 0.411805
0.76735 0.398011
0.762884 0.397327
0.758669 0.402416
0.753104 0.397562
0.756303 0.389471
0.760073 0.385341
0.764291 0.382437
0.767821 0.381745
0.787033 0.376131
0.789758 0.371375
0.792016 0.365923
0.794928 0.362258
0.78778 0.355895
0.790524 0.351301
0.79303 0.346256
0.795917 0.345957
0.788347 0.33617
0.792138 0.333175
0.795437 0.329583
0.7903 0.322424
0.78881 0.310906
0.79363 0.312492
0.800403 0.30855
0.80676 0.302974
0.803582 0.301225
0.796337 0.300031
0.791013 0.298758
0.800106 0.293582
0.793316 0.284864
0.789763 0.282298
0.796965 0.281647
0.800322 0.277138
0.803571 0.272172
0.806558 0.269517
0.798268 0.262957
0.795564 0.265799
0.792893 0.265794
0.790507 0.259131
0.79534 0.249484
0.799445 0.243959
0.790805 0.240466
0.793477 0.23759
0.797097 0.234387
0.803468 0.24052
0.809147 0.235081
0.806176 0.231168
0.801371 0.229368
0.791732 0.223654
0.794879 0.21803
0.797644 0.216298
0.808043 0.215516
0.804474 0.216764
0.800927 0.213011
0.791839 0.20877
0.793333 0.198139
0.798827 0.199899
0.80405 0.199693
0.807205 0.193389
0.801862 0.186136
0.796217 0.189326
0.792882 0.180453
0.798713 0.178696
0.794472 0.165848
0.79879 0.164059
0.802823 0.164741
0.808996 0.163135
0.814293 0.16355
0.818457 0.165669
0.805021 0.17422
0.808136 0.178977
0.811311 0.175993
0.815005 0.178144
0.818573 0.183432
0.812138 0.191449
0.815514 0.195167
0.818108 0.201924
0.810123 0.20495
0.81344 0.209418
0.816795 0.218324
0.812165 0.223726
0.816657 0.233696
0.813388 0.239591
0.816446 0.249281
0.810383 0.247677
0.805709 0.250342
0.800576 0.25385
0.802772 0.259758
0.808568 0.258597
0.812664 0.258172
0.816173 0.265308
0.813358 0.273999
0.810361 0.275497
0.815383 0.283095
0.80754 0.287175
0.803808 0.286245
0.81085 0.295201
0.814835 0.297294
0.811739 0.310408
0.814704 0.314409
0.808425 0.3153
0.804589 0.318021
0.797856 0.318431
0.801434 0.324866
0.811057 0.328214
0.814103 0.333073
0.808065 0.332714
0.804788 0.334108
0.799136 0.336785
0.802822 0.344453
0.806855 0.349
0.810541 0.349
0.813743 0.350754
0.801512 0.35618
0.798451 0.35541
0.804181 0.365584
0.807322 0.364606
0.812629 0.366756
0.809113 0.373978
0.800941 0.372367
0.797652 0.373169
0.794259 0.379802
0.78997 0.38592
0.799597 0.387732
0.803783 0.383519
0.812847 0.384081
0.809946 0.389095
0.80643 0.390628
0.812282 0.402062
0.808276 0.404408
0.802456 0.400135
0.797604 0.39766
0.794758 0.395036
0.791817 0.396567
0.787128 0.396534
0.79078 0.408054
0.786016 0.412776
0.789006 0.416976
0.794315 0.414126
0.797747 0.411437
0.800582 0.41615
0.804666 0.413082
0.811375 0.416395
0.807771 0.423111
0.802534 0.426447
0.79776 0.427096
0.791532 0.425651
0.786781 0.428347
0.793638 0.433705
0.796421 0.439823
0.800213 0.438334
0.805027 0.432838
0.811017 0.431403
0.83868 0.438323
0.841272 0.43098
0.844801 0.434022
0.848411 0.434398
0.854308 0.436607
0.857738 0.430961
0.861804 0.431396
0.865803 0.4322
0.869041 0.42689
0.87836 0.426394
0.887346 0.42634
0.884002 0.431849
0.880811 0.432211
0.876479 0.438042
0.873049 0.437547
0.868952 0.442379
0.864323 0.447794
0.859625 0.445693
0.855645 0.451673
0.85138 0.444825
0.84817 0.449385
0.845367 0.448662
0.840525 0.45111
0.836922 0.453846
0.843246 0.456784
0.848925 0.461586
0.852603 0.462994
0.85661 0.467674
0.86424 0.466347
0.860782 0.461047
0.867492 0.459285
0.870849 0.454297
0.874698 0.456629
0.878744 0.449195
0.882662 0.446716
0.886538 0.444787
0.889665 0.43622
0.893028 0.437342
0.896526 0.441049
0.899929 0.443801
0.902912 0.44052
0.906143 0.436366
0.910466 0.431792
0.913882 0.435387
0.918057 0.432292
0.915278 0.421109
0.918309 0.414174
0.911803 0.412132
0.90851 0.417629
0.902339 0.420446
0.905349 0.424164
0.899502 0.428275
0.896014 0.422308
0.892289 0.421306
0.887049 0.413168
0.883158 0.416618
0.878473 0.411502
0.875173 0.418039
0.871626 0.419194
0.864113 0.416357
0.86017 0.415531
0.855497 0.419188
0.851634 0.426042
0.847176 0.420087
0.843195 0.418288
0.850253 0.413352
0.853629 0.407476
0.846208 0.406968
0.849444 0.398737
0.852705 0.393118
0.855822 0.389173
0.860937 0.389646
0.858961 0.383209
0.863799 0.380529
0.867371 0.383537
0.870811 0.380125
0.874239 0.385436
0.879009 0.388866
0.876545 0.396501
0.870323 0.395353
0.865524 0.398699
0.862007 0.40128
0.857699 0.404239
0.868035 0.410274
0.872984 0.404089
0.880898 0.401467
0.883851 0.401518
0.892855 0.403585
0.89601 0.402788
0.898745 0.411607
0.905161 0.407249
0.901494 0.403346
0.908352 0.399628
0.914878 0.403721
0.918863 0.398404
0.912097 0.392193
0.915685 0.387761
0.919143 0.380661
0.909132 0.385196
0.904099 0.390489
0.899556 0.391264
0.8962 0.385336
0.893323 0.383557
0.895124 0.36756
0.899413 0.374958
0.903629 0.375465
0.907194 0.374584
0.911847 0.373783
0.915604 0.371001
0.919673 0.36311
0.916683 0.356877
0.912653 0.357143
0.908736 0.361421
0.904128 0.359444
0.900322 0.360781
0.894852 0.351505
0.898548 0.349814
0.907079 0.349236
0.902896 0.342683
0.906653 0.336664
0.910887 0.342514
0.916249 0.344966
0.920596 0.345464
0.913985 0.335257
0.919156 0.332918
0.917238 0.323655
0.921426 0.321275
0.914445 0.318281
0.91129 0.31929
0.908989 0.327247
0.904973 0.324246
0.901478 0.327551
0.898611 0.334986
0.895007 0.332416
0.897907 0.318906
0.895644 0.310434
0.901792 0.312474
0.906303 0.310996
0.909543 0.306072
0.913191 0.302266
0.916999 0.3063
0.920326 0.306872
0.921923 0.294156
0.918548 0.288104
0.915386 0.287713
0.912056 0.284758
0.905242 0.286539
0.908544 0.292176
0.904056 0.299257
0.900488 0.299843
0.89643 0.296016
0.898969 0.287484
0.896565 0.273614
0.900151 0.275325
0.90312 0.27656
0.909022 0.275325
0.922013 0.278692
0.918369 0.271995
0.914718 0.269331
0.911391 0.266729
0.906492 0.267286
0.903315 0.259603
0.899558 0.260134
0.897309 0.249818
0.90121 0.243493
0.904815 0.245025
0.9075 0.249442
0.909749 0.253772
0.913172 0.251136
0.916331 0.255809
0.922786 0.264029
0.919677 0.257249
0.923292 0.247614
0.920806 0.239592
0.916532 0.241147
0.912231 0.237505
0.918397 0.228392
0.923958 0.225976
0.920923 0.22057
0.915047 0.225494
0.910318 0.227094
0.90746 0.2329
0.903278 0.228953
0.898412 0.231516
0.898498 0.213915
0.901479 0.213755
0.90503 0.213168
0.908128 0.214342
0.912373 0.214342
0.917087 0.210734
0.924221 0.206468
0.919758 0.20632
0.914303 0.203914
0.90966 0.200986
0.903226 0.199256
0.899099 0.194315
0.906122 0.189591
0.901433 0.183501
0.909402 0.184794
0.91375 0.188662
0.917036 0.192844
0.921572 0.195398
0.924277 0.189012
0.918988 0.182996
0.912231 0.177565
0.904082 0.174109
0.900133 0.167002
0.905052 0.162791
0.908547 0.167728
0.912407 0.163767
0.915726 0.168974
0.918812 0.164415
0.925115 0.163637
0.921683 0.170308
0.925263 0.177434
0.944837 0.184122
0.948723 0.183715
0.952823 0.182151
0.957068 0.180879
0.962288 0.180879
0.966818 0.180074
0.972127 0.180292
0.976591 0.182722
0.973834 0.193321
0.969982 0.190417
0.967016 0.192937
0.964255 0.196479
0.961048 0.192689
0.958306 0.192689
0.954973 0.196613
0.951495 0.196917
0.947844 0.202599
0.944361 0.202617
0.951495 0.211787
0.954839 0.211896
0.958001 0.209646
0.961397 0.209059
0.96754 0.207714
0.971291 0.206134
0.976313 0.202577
0.974272 0.21421
0.964877 0.214929
0.969153 0.219563
0.963004 0.225372
0.959194 0.225279
0.955645 0.227798
0.9525 0.226394
0.948612 0.219747
0.944722 0.219427
0.944554 0.23424
0.94861 0.233789
0.951498 0.240042
0.944307 0.248743
0.948739 0.248371
0.954032 0.244191
0.957619 0.243299
0.960887 0.237918
0.964919 0.236524
0.967718 0.232779
0.971486 0.229864
0.974986 0.228738
0.974074 0.246654
0.971058 0.246386
0.967429 0.249277
0.963476 0.250734
0.960548 0.255429
0.955595 0.256041
0.95125 0.259294
0.947319 0.259896
0.943955 0.264283
0.947751 0.274328
0.943875 0.279379
0.95121 0.277881
0.957756 0.278482
0.96162 0.273572
0.954396 0.269888
0.958199 0.264808
0.965496 0.264029
0.969663 0.260551
0.97308 0.267032
0.969709 0.274396
0.965726 0.278713
0.97203 0.28766
0.968448 0.287643
0.963217 0.289137
0.959529 0.291235
0.954678 0.287546
0.94833 0.287045
0.942826 0.296133
0.945752 0.29576
0.949167 0.298513
0.952379 0.298699
0.957237 0.301604
0.962245 0.303561
0.966608 0.299617
0.97083 0.303273
0.970082 0.318104
0.965299 0.312377
0.959778 0.313429
0.954903 0.310996
0.949244 0.311803
0.946032 0.313735
0.942725 0.316134
0.95194 0.320853
0.944797 0.330767
0.94872 0.330289
0.955194 0.328559
0.958266 0.325465
0.962539 0.324394
0.966616 0.325278
0.969803 0.33551
0.96513 0.339987
0.96093 0.339562
0.957617 0.343453
0.952944 0.338848
0.942579 0.343457
0.946445 0.347246
0.950276 0.348171
0.954928 0.352334
0.9588 0.357861
0.962161 0.35541
0.96881 0.351429
0.965484 0.357435
0.968597 0.368522
0.966278 0.377911
0.962999 0.373429
0.959741 0.373997
0.956346 0.370867
0.950941 0.370632
0.953162 0.363432
0.948432 0.36266
0.942477 0.360309
0.945464 0.365009
0.942957 0.373469
0.948364 0.380166
0.942306 0.38401
0.946159 0.387302
0.952126 0.385265
0.956004 0.385171
0.959543 0.392016
0.963013 0.392193
0.967554 0.390919
0.965092 0.402018
0.95466 0.397976
0.949597 0.399628
0.942269 0.395661
0.945565 0.403346
0.941968 0.408323
0.942975 0.419782
0.9476 0.418216
0.950857 0.412639
0.954113 0.410781
0.957812 0.405901
0.960675 0.411958
0.966948 0.412199
0.963507 0.414488
0.956813 0.421346
0.952996 0.423261
0.951156 0.431598
0.945615 0.430297
0.941525 0.433629
0.948578 0.438564
0.955115 0.436216
0.959905 0.429852
0.96489 0.428068
0.96482 0.441522
0.960851 0.446659
0.957329 0.446425
0.951804 0.446977
0.944607 0.443076
0.941104 0.451401
0.943844 0.458117
0.946954 0.454771
0.949894 0.460673
0.954557 0.457063
0.964137 0.456337
0.958199 0.462825
0.96122 0.466111
0.963991 0.473788
0.959621 0.481058
0.955927 0.475093
0.952301 0.47026
0.946909 0.472532
0.940915 0.470051
0.9437 0.473745
0.941343 0.486244
0.945565 0.486989
0.949724 0.481217
0.953347 0.486617
0.96273 0.490291
0.957732 0.495151
0.961571 0.504328
0.954308 0.50137
0.950878 0.501093
0.948079 0.496283
0.944176 0.501033
0.940773 0.498881
0.940955 0.514455
0.946811 0.511659
0.95117 0.5171
0.955363 0.515242
0.958737 0.51487
0.961844 0.521459
0.959426 0.532755
0.956553 0.530672
0.953414 0.529492
0.948069 0.526022
0.944029 0.525314
0.940745 0.532808
0.946988 0.53958
0.951172 0.538591
0.955793 0.545628
0.961103 0.542217
0.959245 0.555927
0.953322 0.555762
0.948611 0.551425
0.943878 0.545455
0.940227 0.54935
0.940149 0.565093
0.943549 0.563197
0.946608 0.563634
0.950446 0.564567
0.956567 0.566902
0.959398 0.57563
0.953182 0.573317
0.948105 0.578067
0.943867 0.579632
0.940073 0.579988
0.940465 0.595576
0.944978 0.593106
0.949516 0.591822
0.952918 0.586595
0.956501 0.585086
0.958424 0.59677
0.954768 0.600805
0.951801 0.60285
0.946506 0.605122
0.93946 0.611963
0.942831 0.61329
0.946181 0.620933
0.949639 0.612698
0.957259 0.612573
0.953673 0.618179
0.956717 0.629801
0.952655 0.631553
0.948936 0.630357
0.944087 0.631901
0.939741 0.63034
0.911859 0.642375
0.908737 0.648699
0.905605 0.649071
0.899973 0.650434
0.891633 0.650093
0.88619 0.64284
0.889292 0.642689
0.8938 0.640567
0.89664 0.641264
0.902867 0.638579
0.899724 0.633438
0.906523 0.631205
0.909505 0.631978
0.912483 0.625756
0.903802 0.625066
0.895385 0.624948
0.89198 0.62722
0.886831 0.627054
0.889515 0.621284
0.898363 0.61874
0.901747 0.614711
0.905998 0.612454
0.908934 0.61564
0.912204 0.611901
0.912707 0.598459
0.908635 0.59802
0.90453 0.601028
0.900403 0.596654
0.897517 0.604481
0.894067 0.609046
0.890502 0.606365
0.887086 0.607361
0.888318 0.591118
0.892375 0.591923
0.896266 0.588573
0.903199 0.588724
0.906727 0.584915
0.910509 0.584194
0.913795 0.582719
0.91202 0.569158
0.914388 0.562121
0.908548 0.569515
0.90448 0.573317
0.90044 0.578405
0.896522 0.573652
0.892223 0.575589
0.888285 0.577366
0.88891 0.564772
0.894597 0.563941
0.899384 0.563588
0.903514 0.55948
0.907277 0.555054
0.911145 0.551526
0.914702 0.54429
0.907661 0.539034
0.904096 0.541284
0.900361 0.54911
0.896461 0.551838
0.892381 0.55498
0.889071 0.549986
0.893108 0.538189
0.889219 0.533095
0.897218 0.536803
0.901254 0.53387
0.911513 0.535316
0.914865 0.526541
0.910982 0.520337
0.907709 0.525148
0.903859 0.521597
0.899597 0.522305
0.895142 0.522659
0.891602 0.518751
0.887288 0.513639
0.883956 0.501101
0.889834 0.502146
0.892921 0.498761
0.895403 0.504957
0.897984 0.511152
0.901889 0.507239
0.906804 0.512082
0.916148 0.511362
0.91269 0.50984
0.90914 0.502685
0.905114 0.499413
0.915284 0.498244
0.911646 0.49344
0.91639 0.484624
0.913082 0.481206
0.907968 0.486369
0.903079 0.485975
0.900166 0.494096
0.897661 0.492069
0.895507 0.484599
0.892576 0.484037
0.888349 0.487869
0.885585 0.491868
0.881525 0.486248
0.878197 0.48484
0.874682 0.479791
0.884275 0.474651
0.888055 0.471887
0.890877 0.473281
0.894249 0.468108
0.900688 0.468292
0.898432 0.476456
0.904478 0.472608
0.907977 0.469129
0.91154 0.469375
0.916781 0.467706
0.914198 0.457347
0.911041 0.45185
0.91693 0.447853
0.908154 0.446923
0.905432 0.455609
0.902369 0.456784
0.897617 0.458601
0.893772 0.453532
0.890282 0.454833
0.886646 0.459983
0.882368 0.461473
0.878381 0.466972
0.871838 0.468108
0.867477 0.476036
0.870575 0.4819
0.865809 0.488767
0.862949 0.48076
0.859677 0.479522
0.856394 0.483892
0.852101 0.479847
0.848494 0.475543
0.844928 0.468499
0.840725 0.469584
0.835087 0.467156
0.837999 0.47858
0.833836 0.48299
0.841308 0.488641
0.844605 0.484599
0.848079 0.490378
0.851478 0.493804
0.854839 0.494424
0.861424 0.49749
0.858131 0.502834
0.85358 0.506556
0.849512 0.50587
0.845904 0.504109
0.842661 0.503532
0.838123 0.496621
0.831437 0.497182
0.834905 0.501778
0.831336 0.512857
0.839799 0.513197
0.836584 0.518925
0.842994 0.521608
0.845802 0.521211
0.849682 0.520153
0.85354 0.520161
0.857476 0.517651
0.855377 0.534271
0.851208 0.536533
0.847446 0.533664
0.840605 0.531784
0.83317 0.527001
0.829597 0.527016
0.828559 0.541985
0.831614 0.54666
0.83493 0.537872
0.83769 0.537393
0.843188 0.540697
0.846276 0.546796
0.85394 0.550303
0.849634 0.554072
0.852615 0.564896
0.846533 0.562082
0.842234 0.556409
0.838417 0.553059
0.834454 0.554316
0.828156 0.557951
0.830807 0.567094
0.834234 0.569703
0.838422 0.569393
0.841891 0.573317
0.844973 0.573854
0.849059 0.577912
0.852684 0.580657
0.84566 0.587032
0.841129 0.586989
0.836089 0.580855
0.827193 0.575086
0.831268 0.583648
0.82708 0.5916
0.830527 0.598618
0.833871 0.596654
0.837411 0.59273
0.83997 0.601534
0.84399 0.60108
0.847946 0.598071
0.851872 0.596803
0.848885 0.610868
0.851757 0.615486
0.844618 0.618474
0.84086 0.614003
0.836312 0.608785
0.82636 0.606504
0.829578 0.612618
0.832831 0.615437
0.826116 0.621315
0.836963 0.62247
0.840877 0.626626
0.848029 0.625568
0.851155 0.633168
0.845666 0.637546
0.841398 0.638786
0.837712 0.638916
0.834105 0.631481
0.830169 0.629435
0.825692 0.6373
0.829266 0.64322
0.834415 0.648376
0.825308 0.653638
0.830466 0.654275
0.838806 0.654541
0.842921 0.650764
0.849718 0.646097
0.846654 0.656134
0.850853 0.660264
0.843186 0.665242
0.839113 0.669145
0.835686 0.668959
0.832877 0.662825
0.827896 0.667117
0.824807 0.671242
0.831381 0.674284
0.825361 0.687437
0.829619 0.68638
0.834274 0.685874
0.838637 0.684353
0.843606 0.678262
0.848219 0.672553
0.851795 0.680293
0.845989 0.688026
0.849828 0.692246
0.841801 0.694238
0.837354 0.699899
0.831093 0.699711
0.827058 0.700548
0.833589 0.706691
0.825127 0.711428
0.829704 0.716078
0.836015 0.7162
0.83954 0.720206
0.841105 0.710146
0.844284 0.709272
0.846988 0.702493
0.852747 0.703827
0.848599 0.713666
0.855592 0.717546
0.851754 0.72357
0.847949 0.730645
0.843837 0.724996
0.837349 0.730948
0.833314 0.728359
0.826309 0.727532
0.830088 0.734024
0.82706 0.744649
0.831612 0.750854
0.835557 0.743325
0.840726 0.737741
0.844489 0.741105
0.851335 0.73968
0.855735 0.7334
0.859768 0.728452
0.865474 0.732343
0.870389 0.732952
0.874506 0.728239
0.87784 0.722278
0.880811 0.718091
0.884991 0.71458
0.882163 0.704528
0.888449 0.705336
0.891734 0.709805
0.895649 0.707591
0.89875 0.714684
0.90306 0.712989
0.9063 0.714916
0.910146 0.707824
0.907282 0.699431
0.903629 0.698885
0.899597 0.698209
0.894435 0.693494
0.891011 0.695058
0.886102 0.698265
0.884347 0.689492
0.88826 0.683602
0.891397 0.67947
0.885712 0.67352
0.892608 0.666543
0.889197 0.663769
0.885934 0.657749
0.894643 0.658524
0.897429 0.657993
0.902285 0.65758
0.911505 0.659572
0.908171 0.666504
0.904637 0.667472
0.899707 0.671004
0.895475 0.675134
0.897687 0.685678
0.902218 0.683086
0.906188 0.683126
0.910699 0.67681
0.910222 0.690926
0.932599 0.699615
0.935973 0.70309
0.938659 0.698183
0.941935 0.698881
0.945528 0.699722
0.949838 0.697762
0.95469 0.698377
0.959331 0.700285
0.950403 0.709571
0.956212 0.713177
0.959342 0.718795
0.953297 0.716051
0.946793 0.715437
0.942254 0.713465
0.938781 0.715178
0.933645 0.713219
0.931648 0.723122
0.935981 0.723486
0.94118 0.728857
0.944534 0.727179
0.950444 0.725837
0.947823 0.733457
0.953911 0.733651
0.957855 0.732391
0.95793 0.746737
0.95306 0.747977
0.949852 0.745157
0.945867 0.744424
0.942641 0.7421
0.938434 0.735375
0.934357 0.737732
0.931053 0.743485
0.936783 0.750103
0.94035 0.751549
0.933114 0.755665
0.930802 0.767849
0.934914 0.767852
0.93871 0.763734
0.943347 0.757203
0.947485 0.759161
0.95121 0.764447
0.95494 0.75813
0.958095 0.761546
0.957325 0.774072
0.954286 0.774397
0.94867 0.776952
0.944758 0.770136
0.941105 0.773125
0.937097 0.777881
0.933548 0.785688
0.930235 0.78752
0.936936 0.793309
0.940773 0.78712
0.944673 0.784093
0.952247 0.784829
0.956892 0.788365
0.947944 0.793309
0.9438 0.798098
0.939973 0.800377
0.933383 0.802688
0.929525 0.805395
0.937499 0.810394
0.941834 0.811791
0.945743 0.808751
0.949597 0.807767
0.952566 0.799263
0.956967 0.802428
0.955207 0.811779
0.955654 0.824959
0.951862 0.821823
0.948319 0.823274
0.944718 0.823899
0.940593 0.824559
0.936957 0.82551
0.934475 0.817138
0.932176 0.823138
0.929036 0.822927
0.907965 0.824
0.903549 0.823719
0.900436 0.820148
0.898113 0.824004
0.894758 0.824474
0.889624 0.825366
0.885645 0.819351
0.893105 0.813927
0.889276 0.812009
0.887541 0.801509
0.891715 0.797742
0.895027 0.797403
0.897873 0.805516
0.902059 0.806208
0.906047 0.812257
0.908917 0.804588
0.905242 0.797401
0.90103 0.791822
0.908432 0.786585
0.904474 0.78182
0.89754 0.785874
0.890419 0.782876
0.894067 0.778102
0.887263 0.775964
0.883321 0.773909
0.879521 0.77293
0.871889 0.7735
0.866084 0.782115
0.869405 0.781134
0.874454 0.779248
0.877201 0.783104
0.879801 0.788961
0.885848 0.791115
0.876368 0.796849
0.872305 0.793094
0.868296 0.794842
0.863952 0.794238
0.860927 0.788476
0.852823 0.789376
0.848111 0.784485
0.843913 0.79191
0.848791 0.796304
0.854749 0.79967
0.858043 0.797398
0.860484 0.809733
0.863593 0.809614
0.866833 0.807617
0.870423 0.80612
0.874564 0.808381
0.871437 0.818649
0.868088 0.823611
0.86426 0.82157
0.858515 0.822545
0.86126 0.831838
0.864881 0.833156
0.857637 0.836304
0.854319 0.833237
0.850104 0.834899
0.845562 0.830551
0.841363 0.823962
0.848281 0.821463
0.851926 0.821768
0.855645 0.814633
0.851089 0.806877
0.846459 0.806597
0.843952 0.814553
0.838091 0.813269
0.834815 0.804873
0.841162 0.802496
0.837373 0.794267
0.831965 0.79337
0.83396 0.785419
0.839113 0.782965
0.841425 0.776828
0.844637 0.776022
0.851833 0.774755
0.856754 0.780204
0.86026 0.772821
0.86375 0.771004
0.86707 0.76394
0.869909 0.763243
0.875672 0.763409
0.872805 0.755679
0.878831 0.757063
0.882258 0.757332
0.885413 0.759786
0.888734 0.763503
0.892007 0.765034
0.897356 0.769517
0.900847 0.775465
0.909331 0.771041
0.906345 0.764527
0.903439 0.764159
0.900806 0.757203
0.894801 0.756701
0.898236 0.75302
0.909638 0.753121
0.906754 0.748374
0.903091 0.745766
0.899677 0.736803
0.909621 0.736019
0.906425 0.734449
0.903914 0.730046
0.909254 0.722103
0.901156 0.723792
0.896244 0.72794
0.893548 0.722351
0.890323 0.723048
0.887168 0.72436
0.883373 0.728953
0.889382 0.735936
0.892813 0.739449
0.896102 0.742627
0.890726 0.750929
0.887276 0.745766
0.884229 0.741842
0.880434 0.739335
0.877286 0.741646
0.874029 0.743176
0.869402 0.746601
0.866282 0.746299
0.862724 0.740617
0.859756 0.743135
0.853854 0.749496
0.857213 0.750719
0.863844 0.755514
0.86026 0.758777
0.855312 0.765234
0.848057 0.767996
0.839018 0.765471
0.843496 0.760223
0.850807 0.756691
0.847178 0.750487
0.839996 0.751549
0.835484 0.757993
0.828466 0.760427
0.832153 0.769418
0.835845 0.773919
0.829584 0.77766
0.801407 0.784807
0.798891 0.786708
0.796057 0.789137
0.792813 0.789526
0.788901 0.789376
0.785323 0.790149
0.77565 0.782574
0.778771 0.787344
0.782008 0.794211
0.775631 0.798353
0.779032 0.805021
0.774752 0.810654
0.782619 0.81206
0.786107 0.807364
0.790359 0.802982
0.795121 0.803724
0.800037 0.803084
0.793144 0.815044
0.797841 0.81707
0.800582 0.821399
0.795949 0.824783
0.792052 0.8266
0.789013 0.820216
0.785364 0.824897
0.781002 0.824842
0.777782 0.820808
0.774613 0.825205
0.729459 0.823121
0.725095 0.824474
0.719467 0.826384
0.714355 0.824715
0.709795 0.826037
0.704655 0.825149
0.707617 0.815142
0.704481 0.808242
0.711598 0.813791
0.717053 0.815971
0.721964 0.81695
0.727016 0.810945
0.730278 0.806269
0.723835 0.804014
0.719124 0.807219
0.714606 0.804221
0.711599 0.798496
0.708245 0.800093
0.704918 0.790643
0.707947 0.784275
0.711693 0.786245
0.716532 0.794118
0.720422 0.795869
0.726694 0.795167
0.730133 0.79205
0.723269 0.787995
0.726901 0.779518
0.730959 0.777603
0.723493 0.772745
0.719618 0.77881
0.716248 0.780341
0.714328 0.773358
0.711361 0.772469
0.70872 0.767888
0.705593 0.770751
0.677753 0.77307
0.673839 0.770697
0.66805 0.773562
0.663959 0.772261
0.658807 0.770984
0.653289 0.775484
0.656727 0.783115
0.661156 0.78359
0.671369 0.780755
0.675156 0.786193
0.66746 0.788662
0.664113 0.792329
0.671604 0.796322
0.669103 0.806193
0.666046 0.808653
0.663455 0.820304
0.659081 0.826159
0.654685 0.831062
0.650498 0.831982
0.646676 0.834966
0.642621 0.836992
0.638748 0.834172
0.635166 0.833754
0.631994 0.828292
0.627535 0.825942
0.624321 0.819034
0.620536 0.813578
0.62976 0.817235
0.636111 0.820735
0.641656 0.82628
0.645522 0.82205
0.639445 0.816422
0.642649 0.813697
0.649413 0.816323
0.653667 0.815277
0.657544 0.812273
0.661501 0.807824
0.659132 0.796742
0.655095 0.796891
0.648451 0.797007
0.651663 0.802742
0.645564 0.806691
0.641633 0.801348
0.637349 0.80553
0.633807 0.808159
0.630526 0.805492
0.626615 0.804821
0.62344 0.803899
0.616941 0.801199
0.620286 0.797959
0.614268 0.790674
0.611701 0.781345
0.617339 0.782003
0.621147 0.782941
0.624718 0.787918
0.628853 0.792648
0.632782 0.791078
0.636779 0.792115
0.640474 0.79066
0.644843 0.791528
0.651637 0.787776
0.648414 0.781289
0.645219 0.778279
0.649059 0.769104
0.643433 0.770579
0.637802 0.769284
0.640502 0.777984
0.635697 0.778592
0.631774 0.776208
0.628002 0.778604
0.62371 0.771561
0.619556 0.767102
0.613443 0.77096
0.609537 0.768715
0.616089 0.763383
0.612186 0.755278
0.608391 0.754812
0.606466 0.743474
0.611964 0.739965
0.615323 0.747212
0.618878 0.748733
0.625828 0.752005
0.62239 0.755723
0.627151 0.764973
0.630539 0.760027
0.634062 0.762179
0.6375 0.756506
0.641295 0.761316
0.645659 0.760223
0.651478 0.761214
0.655421 0.763734
0.661111 0.75981
0.666622 0.76043
0.67068 0.761108
0.674712 0.756505
0.67898 0.760969
0.681818 0.751611
0.677817 0.747212
0.669677 0.746097
0.664068 0.751962
0.657993 0.752351
0.654749 0.748244
0.651612 0.747209
0.648281 0.75083
0.644425 0.746232
0.640995 0.746792
0.637405 0.743831
0.633469 0.745355
0.629289 0.74417
0.622305 0.739092
0.625493 0.73544
0.618721 0.73367
0.615109 0.732014
0.609699 0.731462
0.605998 0.728852
0.579244 0.710603
0.576084 0.716978
0.572581 0.717472
0.569436 0.718402
0.566129 0.712722
0.562701 0.710269
0.559233 0.714498
0.555607 0.717138
0.552106 0.711689
0.549834 0.720424
0.546339 0.719628
0.541577 0.715613
0.536396 0.711266
0.538689 0.722853
0.536299 0.732865
0.542454 0.730483
0.545849 0.736169
0.549377 0.738087
0.552784 0.731546
0.558548 0.730298
0.563024 0.725093
0.566769 0.729609
0.572661 0.73197
0.578195 0.732148
0.575703 0.735979
0.569839 0.738662
0.565591 0.742668
0.561694 0.738125
0.555466 0.738538
0.558595 0.748484
0.562661 0.751549
0.556183 0.756712
0.552339 0.751673
0.548833 0.75631
0.545887 0.750558
0.542831 0.748245
0.539305 0.743056
0.536732 0.753806
0.540937 0.760028
0.545659 0.76569
0.53802 0.768755
0.542876 0.773645
0.549712 0.771375
0.553629 0.766419
0.561227 0.762766
0.565514 0.760027
0.568875 0.754558
0.573448 0.748086
0.576182 0.757354
0.57213 0.761535
0.574841 0.774234
0.570233 0.772688
0.566276 0.774079
0.561542 0.77579
0.557581 0.771747
0.553136 0.779637
0.546102 0.779802
0.537116 0.78359
0.540626 0.785004
0.548432 0.789343
0.55453 0.789963
0.558928 0.786599
0.56371 0.786617
0.568235 0.787278
0.571875 0.784851
0.573852 0.793671
0.569716 0.801298
0.565656 0.801932
0.572556 0.810274
0.567977 0.818059
0.570973 0.824785
0.564881 0.822826
0.561879 0.819692
0.558878 0.823547
0.555701 0.821404
0.55262 0.822254
0.549922 0.823968
0.546842 0.823274
0.543011 0.825065
0.538007 0.824473
0.540097 0.816795
0.544759 0.810885
0.54871 0.807435
0.553024 0.807068
0.558847 0.806588
0.561936 0.80131
0.55657 0.799153
0.551008 0.794145
0.544721 0.794018
0.541624 0.802976
0.537881 0.801728
0.508143 0.82149
0.503441 0.825527
0.498297 0.825892
0.493802 0.825383
0.489516 0.825268
0.484678 0.824427
0.479362 0.825621
0.473861 0.824057
0.475996 0.817967
0.4819 0.813697
0.479033 0.809236
0.473801 0.805704
0.476876 0.800233
0.484194 0.803168
0.4875 0.810641
0.491372 0.810398
0.49519 0.814243
0.499194 0.81412
0.503831 0.811706
0.507 0.805496
0.51001 0.801515
0.500359 0.800916
0.494002 0.800657
0.497177 0.79634
0.504815 0.79368
0.50224 0.790169
0.507769 0.78798
0.511226 0.783918
0.50643 0.775093
0.501252 0.776854
0.497305 0.78155
0.49324 0.786901
0.489699 0.793849
0.486142 0.79055
0.480792 0.793173
0.473925 0.791651
0.477324 0.783053
0.473199 0.779031
0.475034 0.767994
0.480709 0.774506
0.48379 0.779926
0.488508 0.776022
0.491835 0.775093
0.494948 0.769626
0.498432 0.766212
0.503671 0.766288
0.509652 0.770053
0.512731 0.765832
0.506515 0.757679
0.500545 0.756943
0.495609 0.754853
0.491129 0.760223
0.486504 0.765909
0.483515 0.761098
0.478898 0.762701
0.473872 0.753492
0.477706 0.74748
0.482067 0.749266
0.486895 0.75
0.490323 0.746282
0.49336 0.744114
0.497177 0.742223
0.501895 0.745911
0.506515 0.744179
0.510159 0.7526
0.513924 0.74789
0.51135 0.736686
0.504435 0.734201
0.499283 0.732549
0.49422 0.729598
0.48941 0.734005
0.484765 0.736625
0.480152 0.736266
0.473182 0.737643
0.476491 0.730297
0.473236 0.719795
0.478001 0.715821
0.481331 0.722491
0.484996 0.721483
0.488741 0.722476
0.49133 0.71747
0.495659 0.715175
0.498578 0.717766
0.502117 0.725372
0.508398 0.727574
0.515381 0.728517
0.513099 0.71992
0.505242 0.716983
0.502285 0.710161
0.507993 0.709053
0.511038 0.711196
0.516482 0.708568
0.513105 0.698885
0.518057 0.692194
0.514968 0.688279
0.509359 0.694874
0.505709 0.696048
0.503253 0.693061
0.500302 0.70144
0.498038 0.696283
0.495411 0.696346
0.488933 0.693929
0.49182 0.69809
0.493316 0.707917
0.488117 0.709053
0.48496 0.705019
0.481218 0.705831
0.475506 0.707019
0.472406 0.702515
0.412967 0.696886
0.408226 0.696097
0.403266 0.702045
0.398867 0.701452
0.392944 0.708875
0.396371 0.714831
0.401056 0.715968
0.405073 0.714832
0.408126 0.711489
0.411472 0.712885
0.409837 0.729746
0.406523 0.730051
0.402965 0.729827
0.398094 0.728963
0.394121 0.728136
0.390821 0.736388
0.386437 0.735215
0.381854 0.736158
0.377654 0.736718
0.374245 0.743959
0.369897 0.749082
0.366276 0.745549
0.360556 0.747053
0.356936 0.749442
0.353266 0.744981
0.348387 0.750084
0.344259 0.75562
0.352143 0.759636
0.355466 0.763734
0.358775 0.767835
0.362385 0.770667
0.369718 0.769331
0.372466 0.766596
0.366459 0.763772
0.363145 0.755204
0.37379 0.755849
0.377525 0.755723
0.381164 0.751549
0.385417 0.74969
0.390143 0.748451
0.394718 0.74368
0.400402 0.739226
0.404524 0.74431
0.408222 0.745166
0.397805 0.749897
0.402017 0.754661
0.406093 0.758955
0.399169 0.763284
0.39375 0.759294
0.390014 0.761316
0.387231 0.766419
0.383538 0.76685
0.379625 0.767658
0.376082 0.771962
0.380421 0.781702
0.383237 0.784918
0.386409 0.78056
0.391437 0.774218
0.39614 0.77066
0.403948 0.771078
0.40096 0.77578
0.400097 0.789554
0.396863 0.787082
0.393648 0.784165
0.389792 0.786833
0.386341 0.795074
0.393187 0.799163
0.396387 0.803609
0.389074 0.803891
0.383145 0.79889
0.37932 0.799345
0.374342 0.797985
0.370524 0.807621
0.365139 0.814295
0.360645 0.817844
0.368452 0.822889
0.372367 0.81839
0.37555 0.813112
0.378799 0.817746
0.381976 0.812829
0.385565 0.812803
0.391767 0.814004
0.387708 0.823075
0.382444 0.829537
0.377224 0.832204
0.37263 0.833986
0.367713 0.836557
0.363978 0.83071
0.360539 0.833122
0.356937 0.828419
0.352993 0.824958
0.349977 0.819368
0.355471 0.813917
0.347199 0.812921
0.344117 0.808499
0.34037 0.796487
0.344758 0.796159
0.349061 0.800908
0.352564 0.802623
0.356048 0.798637
0.359234 0.805018
0.362884 0.800761
0.367218 0.800186
0.370607 0.791137
0.376974 0.787811
0.373074 0.781495
0.367339 0.781997
0.364113 0.785502
0.35994 0.786245
0.356202 0.783413
0.353315 0.778398
0.350851 0.786039
0.347474 0.785463
0.341841 0.78578
0.336476 0.778069
0.339209 0.776903
0.344249 0.776854
0.349834 0.768751
0.346909 0.767658
0.341532 0.765791
0.336104 0.761958
0.333642 0.760477
0.338306 0.756068
0.340457 0.747625
0.332411 0.745057
0.335736 0.739854
0.338496 0.733108
0.342258 0.734944
0.345641 0.738803
0.350493 0.736266
0.357788 0.734
0.354434 0.72818
0.36135 0.728328
0.364681 0.732913
0.36944 0.733033
0.373695 0.732392
0.379698 0.72344
0.383688 0.721866
0.388555 0.724764
0.39123 0.719099
0.387453 0.713431
0.384234 0.706454
0.387384 0.697231
0.391148 0.69738
0.395389 0.695571
0.402016 0.689591
0.405412 0.685678
0.411422 0.684426
0.414645 0.676655
0.408423 0.678439
0.401542 0.676252
0.398057 0.682494
0.39226 0.681807
0.388234 0.682187
0.389946 0.668243
0.394797 0.673233
0.405147 0.669473
0.412456 0.666869
0.409402 0.662786
0.415733 0.656072
0.412635 0.649316
0.406138 0.655721
0.401931 0.661417
0.398291 0.663569
0.394885 0.657114
0.389893 0.653502
0.392642 0.649142
0.3976 0.643919
0.401257 0.647824
0.404525 0.643329
0.409476 0.645167
0.416345 0.637839
0.413433 0.633054
0.407409 0.634294
0.400454 0.634526
0.394937 0.635688
0.390612 0.634693
0.393413 0.624662
0.403931 0.62802
0.410208 0.625807
0.406452 0.618959
0.400847 0.619331
0.39748 0.619889
0.391316 0.614924
0.395071 0.608633
0.400202 0.600929
0.396815 0.595911
0.392223 0.598348
0.355619 0.596537
0.35233 0.596035
0.34705 0.594111
0.340556 0.595285
0.343988 0.58753
0.349686 0.586121
0.355859 0.57818
0.352483 0.577676
0.346004 0.572153
0.349215 0.569654
0.356815 0.561687
0.353043 0.559649
0.349637 0.552974
0.345449 0.552576
0.341379 0.547973
0.347699 0.541548
0.352784 0.541954
0.356978 0.546008
0.358659 0.533477
0.354758 0.528254
0.350785 0.527392
0.347462 0.527772
0.343992 0.533829
0.339443 0.534978
0.335283 0.534848
0.332271 0.542101
0.336294 0.548325
0.332156 0.558776
0.337802 0.559247
0.343011 0.564023
0.340081 0.565675
0.335698 0.568659
0.330747 0.574494
0.333986 0.578354
0.340419 0.579306
0.337097 0.586328
0.333565 0.590968
0.330206 0.593376
0.336788 0.601903
0.333314 0.60763
0.329613 0.611474
0.336931 0.617647
0.339835 0.612503
0.345862 0.614263
0.343222 0.60763
0.348611 0.609252
0.351731 0.609556
0.355181 0.614056
0.351129 0.625279
0.354393 0.628833
0.348174 0.63033
0.344718 0.631041
0.341417 0.627102
0.33584 0.629237
0.332339 0.623606
0.329003 0.630645
0.332377 0.639296
0.339292 0.638166
0.33576 0.644394
0.328902 0.646975
0.332258 0.654275
0.338082 0.655721
0.341724 0.649407
0.345603 0.646398
0.349516 0.644795
0.354285 0.643605
0.352016 0.653728
0.354518 0.664524
0.350173 0.665516
0.34671 0.663178
0.343683 0.663569
0.34038 0.66888
0.33517 0.663775
0.328687 0.66357
0.331962 0.669269
0.329097 0.680254
0.333683 0.679926
0.337415 0.676873
0.343496 0.68151
0.347863 0.678996
0.354803 0.680217
0.351576 0.684522
0.355457 0.695233
0.349265 0.696151
0.345849 0.693308
0.342036 0.699349
0.339718 0.689405
0.335887 0.692069
0.332056 0.691682
0.328901 0.696403
0.329701 0.712644
0.332393 0.707557
0.335484 0.70632
0.338799 0.706939
0.344103 0.707481
0.347772 0.709548
0.352247 0.705877
0.355637 0.711006
0.358526 0.716139
0.350997 0.720701
0.347491 0.725527
0.343952 0.72057
0.340188 0.719537
0.335984 0.720428
0.333064 0.726055
0.33052 0.729915
0.30702 0.742737
0.302823 0.741638
0.29694 0.745353
0.299418 0.749897
0.305105 0.755457
0.301379 0.760027
0.306815 0.766629
0.302863 0.773231
0.30552 0.784124
0.30531 0.799388
0.30128 0.792064
0.297581 0.79368
0.294315 0.791264
0.290726 0.79543
0.287097 0.807806
0.291653 0.808913
0.295604 0.808173
0.2993 0.810887
0.302525 0.809328
0.305564 0.818684
0.302315 0.825374
0.297851 0.82456
0.294287 0.823274
0.291042 0.825021
0.28807 0.821432
0.284648 0.825172
0.279662 0.825498
0.282608 0.816976
0.279581 0.809258
0.282568 0.80309
0.285403 0.795913
0.288134 0.790494
0.28323 0.787326
0.280021 0.788687
0.282948 0.77465
0.287823 0.779554
0.292485 0.778134
0.298726 0.777472
0.296236 0.767503
0.291864 0.76241
0.288952 0.768897
0.285672 0.76741
0.280714 0.764699
0.283736 0.755882
0.288351 0.753614
0.294473 0.753007
0.291235 0.745353
0.285413 0.742948
0.281819 0.741947
0.287715 0.736927
0.293739 0.735179
0.289247 0.726353
0.282155 0.723861
0.285349 0.723048
0.292009 0.719838
0.296808 0.725062
0.30022 0.729638
0.304364 0.725142
0.308096 0.72699
0.3073 0.714207
0.300953 0.712572
0.294848 0.710863
0.287567 0.709108
0.283307 0.70681
0.291456 0.70092
0.298167 0.703109
0.304637 0.704647
0.308292 0.70028
0.302419 0.694135
0.309149 0.685559
0.305276 0.683705
0.299904 0.685874
0.294873 0.694017
0.288689 0.693308
0.28368 0.69044
0.286978 0.682593
0.294556 0.680994
0.297415 0.676033
0.291386 0.676749
0.284079 0.672765
0.288387 0.668588
0.294673 0.665134
0.300252 0.667983
0.303278 0.668741
0.308499 0.670971
0.309681 0.655956
0.306195 0.656472
0.298553 0.657227
0.291379 0.655603
0.284204 0.656816
0.287654 0.651885
0.294978 0.64853
0.298683 0.644734
0.302859 0.649037
0.310216 0.640411
0.306701 0.637723
0.301008 0.635455
0.291379 0.638077
0.284569 0.636864
0.288094 0.634416
0.294328 0.631351
0.297581 0.63197
0.303771 0.629237
0.309954 0.624335
0.306653 0.620121
0.300448 0.619785
0.296317 0.620446
0.291711 0.621025
0.286952 0.620316
0.28531 0.608777
0.290727 0.608393
0.294284 0.607369
0.298069 0.607807
0.303587 0.61172
0.311085 0.610244
0.307258 0.605742
0.301694 0.599814
0.311778 0.593054
0.308896 0.591624
0.305539 0.591958
0.299976 0.587907
0.296626 0.594111
0.292339 0.591636
0.288434 0.598832
0.286005 0.58899
0.290047 0.58138
0.294848 0.580752
0.298031 0.575224
0.303589 0.580855
0.308469 0.576892
0.312108 0.574608
0.300986 0.569599
0.304032 0.563197
0.307016 0.565675
0.310082 0.559486
0.312801 0.552544
0.306727 0.549501
0.300806 0.552788
0.295161 0.549024
0.287188 0.550411
0.290949 0.555144
0.297401 0.559893
0.293831 0.566543
0.289581 0.567514
0.286364 0.570357
0.263302 0.573389
0.259045 0.575412
0.254397 0.580368
0.250605 0.581227
0.247507 0.573842
0.238833 0.572764
0.243035 0.578236
0.238066 0.58629
0.237349 0.601236
0.241492 0.593866
0.245242 0.592751
0.248226 0.594796
0.251792 0.597687
0.25504 0.59684
0.258299 0.588432
0.262513 0.589849
0.259351 0.603368
0.262543 0.606764
0.256138 0.611318
0.261665 0.621804
0.257954 0.624545
0.252998 0.617828
0.249516 0.611338
0.245795 0.612586
0.242473 0.608426
0.239606 0.615033
0.236311 0.618861
0.243064 0.625093
0.247523 0.627987
0.250929 0.633021
0.254704 0.636307
0.261213 0.63776
0.25774 0.645159
0.261408 0.656129
0.258914 0.662128
0.25505 0.65755
0.251869 0.654275
0.24879 0.648699
0.245449 0.641972
0.241817 0.637546
0.238486 0.631559
0.235676 0.63996
0.240423 0.648466
0.237702 0.652638
0.246086 0.658977
0.24289 0.659264
0.235159 0.662683
0.239875 0.666875
0.23681 0.675426
0.241918 0.680378
0.245564 0.673482
0.249304 0.669145
0.253629 0.674721
0.257279 0.67428
0.260541 0.679008
0.250706 0.682156
0.246371 0.687113
0.234419 0.68936
0.238541 0.690672
0.243772 0.695787
0.247794 0.701837
0.25379 0.698327
0.250498 0.694402
0.256547 0.689239
0.259931 0.697911
0.257518 0.707303
0.251411 0.71171
0.245464 0.711664
0.241756 0.706113
0.238444 0.705703
0.234233 0.707956
0.237287 0.719147
0.233419 0.726788
0.240534 0.725881
0.243697 0.722853
0.248545 0.721109
0.255202 0.716543
0.259332 0.722031
0.252554 0.729864
0.255751 0.733223
0.25879 0.740603
0.25 0.737918
0.246064 0.735971
0.236566 0.734397
0.233331 0.74354
0.239368 0.743592
0.242925 0.743832
0.247536 0.749897
0.253372 0.748564
0.257153 0.753156
0.25022 0.759547
0.253702 0.76732
0.257824 0.767036
0.257003 0.781777
0.252976 0.784829
0.249512 0.777441
0.245564 0.7829
0.241492 0.788476
0.249839 0.793123
0.256476 0.797709
0.25255 0.805291
0.256536 0.817048
0.253708 0.824179
0.250178 0.821497
0.246842 0.823274
0.243548 0.824758
0.23988 0.823899
0.235605 0.82434
0.231477 0.822753
0.2374 0.811558
0.231218 0.804414
0.234795 0.805496
0.240926 0.808355
0.244474 0.810503
0.247754 0.804487
0.244236 0.796523
0.238153 0.793503
0.23387 0.791822
0.231475 0.779799
0.234868 0.777245
0.237867 0.773403
0.241532 0.773854
0.246798 0.76897
0.244435 0.760781
0.240683 0.75944
0.236553 0.754889
0.232907 0.760565
0.210246 0.760354
0.20601 0.764653
0.197305 0.768832
0.202272 0.770783
0.208333 0.775795
0.205142 0.783304
0.200021 0.780765
0.196411 0.785874
0.190868 0.778592
0.193728 0.77406
0.18727 0.772792
0.183553 0.777245
0.17952 0.780963
0.175 0.778398
0.170649 0.787811
0.165631 0.785371
0.161111 0.793267
0.157863 0.797212
0.16407 0.798767
0.167769 0.795663
0.175 0.791315
0.179133 0.795771
0.182322 0.794072
0.185484 0.791822
0.188665 0.78955
0.192823 0.792689
0.199829 0.795195
0.203152 0.796255
0.195284 0.80023
0.19035 0.80086
0.198924 0.808198
0.1949 0.815194
0.190583 0.81314
0.187032 0.808946
0.18389 0.811736
0.180605 0.812639
0.176846 0.806202
0.173493 0.807963
0.170672 0.802602
0.167149 0.809644
0.16195 0.812099
0.158826 0.816605
0.165618 0.81995
0.171181 0.819047
0.168952 0.826046
0.174382 0.825894
0.177419 0.821355
0.190993 0.825137
0.187187 0.825911
0.184482 0.830649
0.181178 0.830795
0.177218 0.836026
0.172402 0.836762
0.167553 0.836767
0.163972 0.830596
0.160981 0.831918
0.157212 0.829208
0.153583 0.823048
0.150311 0.815289
0.146943 0.811519
0.155915 0.809786
0.152863 0.803328
0.148548 0.797951
0.144184 0.801091
0.14097 0.791215
0.14588 0.785437
0.150851 0.786659
0.154216 0.787259
0.156496 0.777571
0.15985 0.77881
0.16382 0.773234
0.168003 0.772688
0.170707 0.771813
0.172811 0.766861
0.177313 0.766875
0.180645 0.76394
0.184104 0.761593
0.190099 0.762082
0.193485 0.756897
0.197083 0.755412
0.201337 0.757679
0.199543 0.746344
0.204578 0.749727
0.207744 0.746519
0.212098 0.744604
0.202599 0.737505
0.199373 0.731516
0.205709 0.730092
0.209032 0.730298
0.214816 0.726297
0.212179 0.725837
0.202273 0.719833
0.206412 0.712445
0.209976 0.711242
0.214518 0.709564
0.214757 0.695112
0.210081 0.695164
0.206286 0.694398
0.201747 0.69496
0.198297 0.696202
0.195233 0.695714
0.1917 0.696372
0.203723 0.704468
0.199153 0.711146
0.194421 0.709742
0.190021 0.71231
0.19249 0.722361
0.196333 0.723757
0.188269 0.728263
0.185105 0.736018
0.192385 0.736446
0.195685 0.741078
0.189963 0.746143
0.186855 0.751671
0.182794 0.745817
0.17991 0.745265
0.176772 0.749225
0.174113 0.757249
0.166248 0.760223
0.160736 0.764405
0.157152 0.761006
0.153336 0.766644
0.14629 0.76803
0.149554 0.773723
0.141863 0.776099
0.137368 0.77791
0.138022 0.766346
0.14328 0.762288
0.15 0.757181
0.154628 0.749246
0.159559 0.749069
0.163082 0.753201
0.16891 0.750791
0.172188 0.747005
0.165368 0.742901
0.161441 0.735845
0.157622 0.73702
0.151389 0.741842
0.146976 0.747367
0.143315 0.746723
0.140004 0.755136
0.13412 0.757317
0.136554 0.749295
0.133562 0.738184
0.138407 0.738847
0.141058 0.733764
0.144718 0.730855
0.149001 0.730322
0.153984 0.729957
0.157473 0.72162
0.154456 0.713237
0.150586 0.715275
0.146329 0.716396
0.142127 0.718353
0.137537 0.724062
0.131786 0.724739
0.135153 0.713247
0.13098 0.708319
0.139113 0.706724
0.143266 0.703346
0.147216 0.701452
0.150806 0.697852
0.154656 0.698682
0.153269 0.685128
0.148299 0.685065
0.144025 0.686212
0.140484 0.690149
0.136731 0.688175
0.134315 0.698194
0.130051 0.690866
0.132874 0.681183
0.129897 0.672437
0.135439 0.670591
0.13871 0.673895
0.141855 0.670074
0.145381 0.668976
0.154711 0.670704
0.151613 0.671004
0.148548 0.666729
0.139113 0.658457
0.133266 0.658922
0.129663 0.65801
0.136649 0.651177
0.129828 0.641622
0.133289 0.643123
0.140394 0.643888
0.143321 0.651285
0.146884 0.648023
0.150586 0.652078
0.154197 0.653889
0.158115 0.647853
0.162958 0.647749
0.167529 0.649386
0.170579 0.644619
0.173563 0.647119
0.176633 0.645532
0.179819 0.645532
0.182947 0.646714
0.186404 0.648135
0.189948 0.64808
0.193267 0.644548
0.1973 0.648221
0.201135 0.64741
0.205285 0.648593
0.208954 0.646546
0.211863 0.646924
0.21624 0.650187
0.214114 0.639523
0.217353 0.635605
0.217288 0.621352
0.213791 0.624907
0.210394 0.62722
0.207234 0.632517
0.203629 0.635068
0.199405 0.630819
0.195923 0.633416
0.189223 0.632646
0.185394 0.63259
0.182623 0.626571
0.178592 0.627408
0.174633 0.627577
0.171048 0.631103
0.166039 0.637546
0.160323 0.636989
0.154629 0.637398
0.150403 0.635181
0.144624 0.631041
0.14128 0.630576
0.136778 0.635394
0.132959 0.627373
0.130104 0.621813
0.136067 0.620409
0.139471 0.620405
0.144098 0.612707
0.150403 0.61297
0.152957 0.618753
0.147764 0.623859
0.15625 0.622862
0.159843 0.624207
0.164113 0.626188
0.167843 0.624768
0.171013 0.617307
0.17621 0.612268
0.180716 0.61393
0.186962 0.613848
0.190233 0.618753
0.193442 0.62209
0.196371 0.614711
0.20005 0.616171
0.203544 0.621111
0.207187 0.61721
0.211693 0.613384
0.215143 0.608211
0.218578 0.607566
0.218014 0.593966
0.215144 0.588187
0.209375 0.592007
0.204862 0.591843
0.212374 0.597827
0.208289 0.604296
0.20453 0.606057
0.201411 0.601115
0.198111 0.599589
0.194912 0.59453
0.189032 0.596468
0.185318 0.59578
0.192097 0.604833
0.183557 0.607187
0.179435 0.602121
0.176959 0.593468
0.17417 0.600372
0.171561 0.604527
0.167258 0.608922
0.163496 0.613274
0.159005 0.610781
0.1556 0.606155
0.161599 0.603652
0.165771 0.595415
0.169182 0.594796
0.162679 0.589426
0.158427 0.593309
0.154673 0.592499
0.151634 0.596654
0.147939 0.603676
0.140656 0.605544
0.135819 0.6044
0.13174 0.606932
0.131591 0.589918
0.135396 0.585334
0.139203 0.593763
0.145198 0.595302
0.149098 0.585679
0.143105 0.584572
0.139343 0.578952
0.135802 0.569073
0.131902 0.571667
0.11458 0.554486
0.110802 0.550475
0.107177 0.549814
0.100785 0.547153
0.104066 0.541822
0.112797 0.538153
0.108761 0.533121
0.115555 0.529952
0.111445 0.520446
0.105558 0.524406
0.101882 0.521685
0.0951421 0.522659
0.089532 0.519352
0.0995617 0.530871
0.0927227 0.532749
0.0895628 0.539465
0.096371 0.540007
0.0934677 0.552045
0.0980688 0.555958
0.0907275 0.558246
0.0882802 0.56526
0.0956989 0.564643
0.101532 0.563383
0.10504 0.564436
0.110155 0.564612
0.11403 0.573862
0.10756 0.575511
0.110801 0.581966
0.104516 0.585688
0.10121 0.578244
0.0975569 0.57763
0.0939132 0.577182
0.0904735 0.577363
0.0880133 0.585928
0.0930108 0.592007
0.0986895 0.590613
0.107885 0.592524
0.113868 0.593702
0.110696 0.601268
0.105484 0.603903
0.101714 0.599442
0.0970825 0.600372
0.0886289 0.600201
0.0916589 0.607612
0.095185 0.609556
0.0871823 0.615081
0.0899617 0.622486
0.0943023 0.623646
0.0994417 0.616386
0.103666 0.618621
0.107527 0.616068
0.113136 0.614132
0.110319 0.620249
0.112575 0.633478
0.107277 0.632413
0.102707 0.633829
0.0982097 0.632937
0.0868627 0.634162
0.0909799 0.63696
0.0941414 0.639952
0.0889397 0.647373
0.0860601 0.652888
0.0925953 0.656472
0.0964411 0.651608
0.100733 0.647178
0.105535 0.646671
0.11019 0.643743
0.112095 0.65709
0.108549 0.659666
0.104973 0.66233
0.100096 0.661445
0.0891953 0.663395
0.0859477 0.669584
0.0924923 0.67419
0.096151 0.670835
0.103168 0.673836
0.111063 0.67285
0.107591 0.680055
0.0995235 0.678777
0.0891887 0.682498
0.0854239 0.685627
0.0957398 0.688783
0.0923738 0.695248
0.0881857 0.698146
0.0845478 0.703457
0.0867847 0.713957
0.0912155 0.711732
0.0954839 0.707993
0.0987479 0.700939
0.101252 0.694287
0.104563 0.689004
0.110889 0.690217
0.107739 0.700389
0.103587 0.705635
0.110063 0.712379
0.106129 0.717286
0.101911 0.719977
0.0982685 0.717582
0.0945968 0.725093
0.0886828 0.72404
0.0841401 0.72388
0.0915323 0.730046
0.0984604 0.733018
0.106228 0.731929
0.109668 0.730252
0.102621 0.736989
0.109075 0.748791
0.105421 0.747212
0.0995019 0.74754
0.0958871 0.745167
0.0928763 0.745353
0.0895665 0.743262
0.0866935 0.737527
0.0836673 0.742479
0.0867884 0.754975
0.0833496 0.760534
0.0906409 0.758658
0.0947581 0.762082
0.098663 0.762962
0.102126 0.758533
0.105412 0.762962
0.108956 0.76563
0.107768 0.777231
0.104525 0.780677
0.101686 0.779824
0.0979839 0.77881
0.0939516 0.776952
0.0905466 0.772821
0.0867784 0.76981
0.0829058 0.779094
0.0866935 0.784387
0.0906409 0.788398
0.0945788 0.790583
0.107385 0.791719
0.100183 0.797234
0.0969982 0.799264
0.103655 0.802819
0.107403 0.806465
0.0999037 0.813854
0.103928 0.821836
0.107188 0.822772
0.1 0.827136
0.0962844 0.822091
0.0925056 0.823734
0.0893492 0.819882
0.0864961 0.825151
0.0822676 0.824813
0.0818508 0.810664
0.0855078 0.810286
0.0941755 0.808338
0.0910228 0.804254
0.0875407 0.800193
0.0829114 0.79605
0.0488906 0.810985
0.0450795 0.808363
0.0415749 0.816557
0.0478534 0.824601
0.0440441 0.824865
0.0387517 0.822183
0.0355803 0.82371
0.0322581 0.82371
0.0289459 0.82268
0.0257154 0.825058
0.0226744 0.821037
0.026118 0.810733
0.0308471 0.808544
0.0346279 0.809933
0.0400293 0.802305
0.0362673 0.800248
0.0319972 0.794993
0.027653 0.797205
0.0237272 0.800343
0.0242599 0.782879
0.0274642 0.777571
0.0299395 0.784851
0.033871 0.784387
0.0372984 0.786245
0.0407258 0.787485
0.044374 0.792708
0.0485228 0.796555
0.0493571 0.78209
0.0445553 0.777322
0.0404803 0.772184
0.0359295 0.772158
0.0315726 0.770074
0.0245258 0.764365
0.0279762 0.7604
0.0345878 0.758364
0.0390323 0.758178
0.0444275 0.76219
0.0475828 0.765807
0.0506281 0.764019
0.049703 0.749205
0.0457671 0.745917
0.0423387 0.750929
0.0366087 0.747114
0.031399 0.751818
0.0249564 0.744403
0.0279032 0.741078
0.0316176 0.736825
0.0353353 0.73381
0.0401393 0.737918
0.0440789 0.73107
0.0481262 0.732889
0.0511928 0.736635
0.0510655 0.719484
0.0468803 0.719918
0.0419163 0.7188
0.0387097 0.723048
0.0356855 0.718634
0.0324241 0.722611
0.028629 0.726301
0.0255177 0.723297
0.0297326 0.711309
0.0264743 0.707016
0.0333828 0.706026
0.0374051 0.706429
0.0401316 0.698982
0.043414 0.704284
0.0471774 0.705813
0.052156 0.704384
0.04952 0.694017
0.0525197 0.685187
0.0458578 0.687563
0.0423387 0.684015
0.0370755 0.689591
0.0339346 0.689982
0.030121 0.694424
0.0266752 0.690366
0.0310493 0.679672
0.0274206 0.674185
0.0350806 0.67165
0.0391532 0.676952
0.0441935 0.669517
0.0488575 0.675031
0.0529491 0.667242
0.0501344 0.658406
0.0465726 0.658922
0.041225 0.660205
0.0381552 0.660548
0.0312826 0.664466
0.0278103 0.655392
0.0331099 0.651999
0.0360294 0.651104
0.0303649 0.642379
0.0385753 0.642999
0.0414374 0.639296
0.0466276 0.639912
0.0437724 0.647253
0.053373 0.649026
0.0502002 0.641823
0.0542264 0.633245
0.0517046 0.624451
0.0480607 0.62427
0.0444282 0.622846
0.0411078 0.623459
0.0374576 0.629329
0.0337664 0.635397
0.0282332 0.63132
0.0308454 0.620815
0.0340726 0.619888
0.0376728 0.614445
0.0287301 0.609508
0.0320552 0.603154
0.0356183 0.603883
0.0402419 0.607435
0.0447947 0.605103
0.0487479 0.608785
0.0547385 0.613157
0.051718 0.604088
0.0548038 0.592847
End
0.0548038 0.592847
0.0511736 0.585023
0.0438667 0.587654
0.0477918 0.591875
0.0411527 0.59578
0.0366935 0.591078
0.0294324 0.589761
0.0328163 0.585672
0.0399194 0.581041
0.0367884 0.576317
0.0303316 0.570506
0.0340054 0.569186
0.041702 0.568675
0.0487097 0.570818
0.0454696 0.576317
0.0552675 0.574537
0.0521244 0.565221
0.0557075 0.556945
0.0491935 0.553903
0.0452674 0.561241
0.0377016 0.560409
0.0413018 0.553107
0.0348118 0.551514
0.0312079 0.553089
0.0307775 0.537101
0.034159 0.534696
0.0381912 0.540892
0.042466 0.537762
0.0455645 0.545141
0.0529429 0.54499
0.0567025 0.540857
0.0489695 0.53862
0.0522189 0.531133
0.0554509 0.526213
0.0491431 0.523234
0.0457112 0.525346
0.0398245 0.527553
0.0361418 0.5225
0.0316245 0.519276
0.0427867 0.517968
0.0391978 0.512718
0.0346138 0.509
0.0317309 0.499554
0.0352599 0.49525
0.0390745 0.497522
0.0459677 0.496076
0.0508701 0.496674
0.0431876 0.503522
0.0478006 0.508449
0.0518891 0.514869
0.0581454 0.518341
0.0612415 0.508417
0.0542752 0.505577
0.0568548 0.500005
0.0596774 0.495818
0.0638931 0.496055
0.0669428 0.493091
0.070863 0.485321
0.0768776 0.481723
0.0810274 0.479628
0.0863058 0.47893
0.0840093 0.488934
0.0893923 0.489977
0.096371 0.491919
0.0928605 0.494752
0.0875932 0.502418
0.0921463 0.508674
0.0964134 0.51037
0.0995601 0.507435
0.10336 0.508261
0.108189 0.508722
0.115836 0.510256
0.112816 0.502586
0.104749 0.497315
0.100363 0.49145
0.107392 0.488848
0.11026 0.489674
0.116033 0.484983
0.113155 0.485362
0.103584 0.482239
0.100593 0.475727
0.0962198 0.476998
0.0925403 0.478625
0.0898808 0.469024
0.0866129 0.462639
0.0828079 0.464008
0.0790323 0.464684
0.0758064 0.466543
0.0733417 0.474789
0.0698003 0.469677
0.0636887 0.473
0.0666846 0.478551
0.061129 0.483643
0.0566426 0.482782
0.0530598 0.486224
0.048607 0.48344
0.044879 0.480112
0.0418294 0.486891
0.0374194 0.481599
0.0332449 0.48085
0.0404234 0.473978
0.0331444 0.462953
0.0364736 0.464008
0.0404886 0.461732
0.0447984 0.464312
0.0494048 0.467959
0.0533218 0.472207
0.058047 0.46929
0.0613799 0.462206
0.0667076 0.457976
0.0730914 0.457621
0.0702419 0.453903
0.0637092 0.451471
0.0582661 0.453346
0.0534457 0.457587
0.0479839 0.456484
0.0428605 0.451673
0.0371606 0.447572
0.0336662 0.443832
0.0403013 0.443455
0.0451438 0.440359
0.0487455 0.444031
0.051719 0.441107
0.055121 0.443309
0.0589524 0.43903
0.0619381 0.439437
0.065843 0.436797
0.0692912 0.440912
0.0738407 0.444703
0.0771859 0.450695
0.0810484 0.447309
0.085044 0.446942
0.0886385 0.447518
0.0941756 0.443205
0.10102 0.44052
0.0976868 0.434455
0.0908531 0.436216
0.0871928 0.429368
0.0839606 0.430194
0.0805555 0.430194
0.0774719 0.431631
0.0741039 0.430194
0.0707181 0.428483
0.0646231 0.422885
0.0608255 0.423904
0.0568936 0.427144
0.0539113 0.423048
0.0507168 0.424825
0.0475403 0.425465
0.0441052 0.421402
0.040841 0.428483
0.0366568 0.431598
End
