640 400
0.0122187 0.386615
0.0192845 0.388882
0.0261209 0.392228
0.0209099 0.399779
0.0136102 0.396776
0.0118704 0.4066
0.0182892 0.408174
0.0254054 0.407491
0.0307485 0.404637
0.0327916 0.393372
0.0311715 0.383493
0.0342201 0.375043
0.0363879 0.363172
0.0291667 0.364583
0.0222842 0.357798
0.0287224 0.355074
0.034375 0.35125
0.0397858 0.350624
0.0421434 0.337908
0.0361111 0.340833
0.0277344 0.345125
0.0242187 0.335662
0.0305556 0.334028
0.0364062 0.329
0.0435943 0.326626
0.0481083 0.316877
0.0414807 0.315774
0.0340909 0.31875
0.0263765 0.325179
0.0271793 0.314803
0.0264391 0.305724
0.0352344 0.30725
0.0412224 0.304485
0.0455357 0.300714
0.0507496 0.306449
0.0557222 0.297602
0.0495313 0.29425
0.0537224 0.287574
0.0602982 0.286301
0.0537224 0.278015
0.0595312 0.27475
0.0656639 0.276995
0.0709062 0.269439
0.0615349 0.266103
0.065625 0.259722
0.0720486 0.259306
0.0783336 0.260661
0.0795139 0.250833
0.0863114 0.254664
0.0943377 0.250022
0.0866268 0.245662
0.0895313 0.237917
0.0821181 0.237917
0.0767681 0.232303
0.0862216 0.228409
0.0941406 0.227656
0.10026 0.23125
0.0950521 0.23875
0.100698 0.24356
0.1056 0.247107
0.113593 0.24647
0.120076 0.245068
0.126868 0.239076
0.11715 0.235298
0.109498 0.238487
0.105573 0.230917
0.111458 0.226944
0.118403 0.224028
0.124787 0.228977
0.133523 0.230568
0.142076 0.228036
0.150703 0.23
0.156944 0.225
0.159252 0.235855
0.163557 0.228603
0.168164 0.224531
0.173208 0.229779
0.178988 0.225461
0.186797 0.22775
0.182227 0.234531
0.176758 0.239375
0.169531 0.238355
0.164762 0.243618
0.159028 0.249028
0.15375 0.241375
0.146752 0.239013
0.140763 0.238015
0.135567 0.241908
0.131785 0.249145
0.124795 0.251227
0.129208 0.259549
0.13787 0.256382
0.142311 0.250066
0.148177 0.250833
0.153263 0.254485
0.15904 0.260357
0.152969 0.26475
0.147245 0.264145
0.142417 0.265809
0.13533 0.265556
0.129981 0.271679
0.138976 0.274722
0.130114 0.283182
0.138189 0.283309
0.145313 0.28
0.151517 0.285221
0.147949 0.293281
0.141641 0.292375
0.134513 0.291544
0.129274 0.296397
0.129811 0.308618
0.135547 0.303125
0.142417 0.302426
0.148575 0.308015
0.153613 0.313125
0.158758 0.320197
0.166406 0.317917
0.173438 0.319306
0.180547 0.3215
0.188465 0.323456
0.184635 0.330583
0.177969 0.3325
0.171875 0.33
0.166198 0.326917
0.160781 0.33025
0.15459 0.330312
0.150608 0.324028
0.142188 0.325278
0.146406 0.31825
0.141682 0.312132
0.136892 0.3175
0.131076 0.318056
0.129395 0.326875
0.134809 0.331806
0.129861 0.338333
0.131064 0.347679
0.134421 0.357132
0.128698 0.358917
0.132491 0.367279
0.129167 0.375694
0.135238 0.378618
0.143047 0.38275
0.137422 0.388875
0.129366 0.388015
0.133281 0.39575
0.128906 0.40125
0.131808 0.409226
0.136545 0.417361
0.129297 0.41875
0.130729 0.427917
0.13776 0.428631
0.143638 0.421845
0.149586 0.421397
0.154811 0.415987
0.161094 0.416125
0.171773 0.413533
0.174297 0.423625
0.166953 0.42275
0.161111 0.427917
0.15459 0.427812
0.15474 0.436417
0.147159 0.433295
0.140584 0.438092
0.130895 0.4375
0.130469 0.4475
0.137734 0.446875
0.145765 0.446382
0.152262 0.444671
0.159219 0.441917
0.164531 0.437375
0.171016 0.434
0.177266 0.439375
0.184005 0.441908
0.184427 0.451917
0.178299 0.450694
0.17221 0.451071
0.16898 0.444779
0.160603 0.451369
0.151776 0.455114
0.142891 0.4565
0.135937 0.458194
0.129514 0.458194
0.130924 0.468854
0.136124 0.47744
0.129873 0.481369
0.129687 0.4925
0.136068 0.4925
0.141406 0.483375
0.147656 0.485662
0.144531 0.495329
0.151884 0.491985
0.157307 0.490662
0.163199 0.489408
0.167509 0.483015
0.173314 0.484013
0.179688 0.48375
0.186372 0.482222
0.192535 0.486528
0.188281 0.49375
0.183226 0.493603
0.177637 0.496094
0.172656 0.49625
0.167676 0.496719
0.16 0.501125
0.152051 0.501719
0.146484 0.506406
0.140365 0.50225
0.1358 0.506397
0.129564 0.503487
0.131456 0.514013
0.129219 0.522083
0.135248 0.526691
0.129917 0.532574
0.136719 0.53875
0.129531 0.54225
0.129274 0.553897
0.134473 0.549375
0.141016 0.549375
0.145107 0.541118
0.14184 0.530972
0.149566 0.533611
0.155715 0.539145
0.162571 0.536477
0.170028 0.531705
0.176628 0.526354
0.184701 0.531875
0.178567 0.538424
0.171094 0.542434
0.165625 0.548375
0.15904 0.54875
0.150781 0.548036
0.147569 0.556528
0.142031 0.56025
0.135454 0.560893
0.129199 0.565781
0.133961 0.572574
0.129427 0.579167
0.137188 0.5815
0.143047 0.587
0.137952 0.593618
0.130339 0.591042
0.134844 0.602625
0.129167 0.604583
0.130844 0.61615
0.139518 0.611146
0.14794 0.612045
0.154687 0.609861
0.161719 0.60625
0.168438 0.603875
0.175703 0.604
0.183203 0.601375
0.189766 0.596
0.192311 0.605724
0.186563 0.611375
0.180022 0.614464
0.173232 0.615329
0.166958 0.614926
0.160313 0.618625
0.153437 0.621125
0.144318 0.622045
0.136861 0.623523
0.129766 0.6285
0.13471 0.635
0.129427 0.64125
0.13559 0.645556
0.130122 0.6525
0.129766 0.6635
0.136562 0.658625
0.142722 0.66204
0.148972 0.669145
0.142622 0.672778
0.135503 0.67
0.129427 0.67625
0.135503 0.680278
0.142969 0.682083
0.15 0.68125
0.156615 0.683917
0.163542 0.688333
0.157632 0.691635
0.1517 0.694485
0.146582 0.691406
0.140451 0.691806
0.134498 0.690987
0.128183 0.68899
0.130234 0.700625
0.137194 0.704185
0.144531 0.7025
0.152436 0.704338
0.149948 0.712417
0.143704 0.712574
0.140017 0.719306
0.148251 0.723155
0.154785 0.718125
0.160983 0.717868
0.16705 0.718456
0.1733 0.722279
0.184028 0.724583
0.178166 0.728882
0.171094 0.731691
0.164597 0.728882
0.157552 0.727778
0.15217 0.732639
0.144072 0.730515
0.136435 0.727955
0.129453 0.72825
0.121737 0.727721
0.115588 0.727321
0.108984 0.73
0.101302 0.725774
0.106127 0.719934
0.113203 0.7165
0.120139 0.714444
0.125955 0.720139
0.133322 0.714837
0.126563 0.709861
0.12295 0.700745
0.115368 0.706205
0.106215 0.708996
0.0975912 0.710417
0.088125 0.710125
0.0797739 0.710694
0.0778644 0.722798
0.0852344 0.721
0.093051 0.717434
0.0958008 0.726406
0.0902778 0.729444
0.0833008 0.730781
0.0776551 0.737503
0.0839408 0.74028
0.090625 0.74
0.096875 0.73875
0.103776 0.738958
0.111953 0.739876
0.119531 0.739185
0.126439 0.739013
0.132812 0.739306
0.139062 0.739306
0.145312 0.74
0.152344 0.741252
0.159859 0.738869
0.16659 0.740516
0.174383 0.740198
0.181572 0.740515
0.185352 0.734062
0.19159 0.732426
0.190855 0.741398
0.198864 0.739318
0.20408 0.732639
0.207767 0.741251
0.211545 0.734583
0.213359 0.72625
0.217891 0.72
0.224361 0.721364
0.231867 0.719803
0.239384 0.717721
0.244623 0.724191
0.23776 0.728631
0.230469 0.73
0.222724 0.733207
0.218105 0.740163
0.229622 0.740313
0.238494 0.739432
0.245605 0.740782
0.246921 0.732426
0.252578 0.737625
0.258073 0.739167
0.257936 0.726513
0.252015 0.723618
0.257846 0.713098
0.252344 0.70978
0.247187 0.713375
0.240584 0.709145
0.231921 0.709428
0.224706 0.709442
0.219003 0.705054
0.214948 0.71175
0.208594 0.714145
0.200558 0.71506
0.205469 0.722917
0.197812 0.726375
0.192031 0.7215
0.189292 0.71375
0.18291 0.714844
0.177832 0.712969
0.172135 0.71125
0.166059 0.707222
0.158941 0.707778
0.159075 0.69875
0.166406 0.697917
0.17334 0.699375
0.17909 0.703015
0.186328 0.705312
0.196094 0.708355
0.192558 0.700329
0.199716 0.695909
0.204153 0.704145
0.211426 0.704219
0.210467 0.696305
0.206766 0.689347
0.202637 0.683281
0.197363 0.683281
0.192578 0.689375
0.186061 0.686382
0.185156 0.696406
0.17909 0.692279
0.17091 0.689779
0.177031 0.68425
0.170175 0.679632
0.164115 0.67875
0.155566 0.675469
0.157512 0.667596
0.16276 0.671083
0.171875 0.67
0.176719 0.67525
0.182215 0.676838
0.187822 0.675515
0.193262 0.675781
0.199716 0.670795
0.206436 0.674583
0.206352 0.660272
0.200156 0.66025
0.192622 0.665
0.185814 0.664013
0.179609 0.664125
0.174023 0.659531
0.167535 0.663472
0.161719 0.659688
0.153559 0.661111
0.147917 0.655833
0.141562 0.648875
0.149512 0.6475
0.156949 0.651645
0.163528 0.648882
0.169715 0.652574
0.177803 0.651985
0.183941 0.650694
0.189844 0.653487
0.195201 0.655714
0.200965 0.650221
0.206875 0.644875
0.202508 0.638092
0.20651 0.627798
0.198935 0.627955
0.192535 0.634167
0.195937 0.643
0.187984 0.641845
0.177955 0.64212
0.169715 0.642721
0.161075 0.639485
0.154153 0.640855
0.146387 0.639219
0.141067 0.634511
0.149465 0.630197
0.157779 0.630272
0.167001 0.625179
0.166504 0.634219
0.173524 0.633472
0.182701 0.633274
0.176719 0.625125
0.184896 0.623194
0.190579 0.625662
0.193936 0.617321
0.202068 0.618603
0.206572 0.613015
0.199141 0.6085
0.205633 0.602303
0.197928 0.59625
0.205469 0.5925
0.205469 0.5825
0.198561 0.583487
0.192708 0.586111
0.186426 0.581563
0.183767 0.589306
0.177987 0.593456
0.171317 0.593274
0.163281 0.594671
0.155129 0.599185
0.144308 0.601726
0.148611 0.595556
0.150781 0.586645
0.158668 0.587202
0.166406 0.58375
0.173028 0.580774
0.178609 0.579464
0.183296 0.571488
0.191481 0.574226
0.199127 0.573162
0.206572 0.571985
0.20216 0.564779
0.194778 0.564145
0.187612 0.561845
0.180682 0.559545
0.175409 0.566488
0.168253 0.570568
0.161641 0.574875
0.154153 0.578355
0.146267 0.576944
0.141183 0.570417
0.149516 0.567321
0.156858 0.568056
0.155387 0.558224
0.163281 0.560815
0.170668 0.5575
0.176491 0.55
0.184781 0.54785
0.192543 0.553295
0.200484 0.553869
0.206785 0.557171
0.205781 0.5445
0.197433 0.543274
0.190234 0.541125
0.192361 0.530694
0.198116 0.531544
0.204453 0.535125
0.206572 0.525956
0.200597 0.521985
0.19398 0.519779
0.186583 0.520707
0.178702 0.516359
0.169105 0.51875
0.163363 0.525724
0.157031 0.52
0.155285 0.528309
0.147081 0.523882
0.138889 0.519306
0.142969 0.51375
0.150586 0.516094
0.155009 0.509485
0.161719 0.51375
0.166146 0.506667
0.172954 0.508631
0.180551 0.505329
0.186784 0.508646
0.194606 0.509702
0.201562 0.5125
0.207205 0.512361
0.202344 0.502841
0.192558 0.499934
0.198232 0.493224
0.205794 0.493646
0.206572 0.481985
0.199392 0.482361
0.194184 0.475833
0.203079 0.474044
0.206684 0.466389
0.198872 0.466111
0.191314 0.467868
0.185234 0.47225
0.177517 0.473889
0.172327 0.468618
0.167233 0.472868
0.159766 0.477396
0.153338 0.4775
0.146278 0.475221
0.140755 0.467604
0.149077 0.465455
0.156747 0.463295
0.162969 0.4655
0.166719 0.456875
0.174512 0.459531
0.180715 0.463618
0.187326 0.459028
0.194323 0.458917
0.201953 0.457344
0.20724 0.452917
0.201562 0.448036
0.194991 0.450515
0.190662 0.443869
0.197656 0.44
0.205859 0.440625
0.206373 0.428487
0.200597 0.431397
0.192839 0.431042
0.186198 0.43125
0.179601 0.429167
0.183445 0.420298
0.191477 0.419432
0.199219 0.420655
0.20599 0.416369
0.204883 0.405521
0.196804 0.41
0.18787 0.409671
0.180469 0.410417
0.175434 0.403611
0.169038 0.401776
0.163504 0.406726
0.155469 0.405066
0.148314 0.409013
0.1419 0.410197
0.138194 0.4025
0.143594 0.396625
0.150625 0.397625
0.148698 0.386667
0.154646 0.386382
0.158906 0.3955
0.164844 0.392083
0.172013 0.391544
0.178631 0.394926
0.184561 0.39744
0.191484 0.401
0.198475 0.397798
0.20574 0.39375
0.206664 0.381103
0.201042 0.384583
0.194991 0.388456
0.188984 0.3885
0.182552 0.38375
0.176241 0.384485
0.167785 0.382279
0.16059 0.381528
0.156641 0.373625
0.149877 0.374013
0.143663 0.372222
0.13877 0.368281
0.141406 0.358611
0.147656 0.36125
0.154141 0.363375
0.161308 0.362829
0.164583 0.371389
0.170508 0.37375
0.177097 0.374671
0.183743 0.370179
0.188672 0.376875
0.195859 0.376875
0.193815 0.366146
0.201768 0.371382
0.207031 0.367426
0.202344 0.360893
0.205841 0.352917
0.198242 0.355156
0.192142 0.354338
0.18724 0.359861
0.181373 0.359013
0.175 0.365139
0.168544 0.360592
0.175156 0.355583
0.166484 0.350125
0.159809 0.352778
0.152813 0.351625
0.146752 0.348487
0.139752 0.349338
0.139292 0.341397
0.140677 0.332917
0.147188 0.336375
0.15279 0.339643
0.158042 0.342426
0.162969 0.33925
0.167857 0.339107
0.173326 0.339821
0.174311 0.347721
0.18162 0.347566
0.183887 0.339531
0.191406 0.33625
0.189323 0.346111
0.197396 0.345417
0.205633 0.342697
0.199219 0.336528
0.206373 0.331513
0.200597 0.326985
0.194085 0.3275
0.194942 0.317171
0.201562 0.3175
0.207031 0.3175
0.206785 0.302829
0.200781 0.307566
0.192344 0.30775
0.186472 0.313618
0.178693 0.310455
0.170871 0.308274
0.164017 0.308456
0.158134 0.308015
0.15151 0.299917
0.156388 0.295515
0.16224 0.298056
0.168576 0.296806
0.175703 0.299
0.183966 0.302679
0.190451 0.297083
0.196737 0.298456
0.202344 0.295074
0.20724 0.287917
0.201406 0.28525
0.195189 0.286513
0.188857 0.285592
0.183594 0.291375
0.17793 0.28875
0.171328 0.287625
0.163203 0.286875
0.157552 0.283333
0.151562 0.275
0.157656 0.27075
0.162305 0.272031
0.166302 0.27675
0.172061 0.276131
0.178733 0.279167
0.184063 0.275125
0.189844 0.273224
0.196505 0.275592
0.204501 0.276845
0.206765 0.267915
0.200497 0.264205
0.194043 0.264219
0.188802 0.260833
0.183594 0.26125
0.178906 0.267426
0.174219 0.262
0.168215 0.264539
0.164017 0.256691
0.169727 0.252344
0.174414 0.248437
0.179883 0.254063
0.182491 0.245662
0.188628 0.250278
0.195859 0.253375
0.202046 0.249821
0.207697 0.256872
0.213548 0.248504
0.2211 0.246772
0.225469 0.240583
0.230803 0.245685
0.237107 0.246043
0.242939 0.248733
0.248805 0.253165
0.254214 0.254422
0.259022 0.261293
0.265104 0.255556
0.268281 0.26325
0.264099 0.269688
0.271615 0.270139
0.277969 0.26975
0.272235 0.279686
0.277338 0.289647
0.283516 0.295375
0.283379 0.303867
0.287395 0.309974
0.29375 0.30875
0.300781 0.31
0.301094 0.31925
0.295189 0.321513
0.289191 0.320985
0.292505 0.333426
0.298177 0.33375
0.303177 0.327417
0.309375 0.3275
0.315365 0.32875
0.321655 0.33356
0.317274 0.340972
0.322477 0.34752
0.318281 0.354417
0.312934 0.349722
0.310677 0.33875
0.304153 0.338092
0.296249 0.344915
0.299127 0.352878
0.305551 0.348355
0.308073 0.3575
0.299085 0.362668
0.304601 0.366667
0.31084 0.368125
0.315332 0.362812
0.322514 0.362068
0.323222 0.373825
0.316927 0.374107
0.309561 0.378869
0.301501 0.37557
0.303692 0.386373
0.310677 0.390833
0.316704 0.385893
0.323544 0.386994
0.319602 0.397273
0.311892 0.400139
0.304342 0.397949
0.30678 0.407815
0.315945 0.408054
0.32404 0.405437
0.36295 0.397396
0.369829 0.401131
0.375313 0.408875
0.365202 0.410919
0.370898 0.416406
0.367702 0.424186
0.376302 0.42075
0.381538 0.415724
0.388542 0.419861
0.394613 0.416776
0.402187 0.421125
0.408445 0.425179
0.415251 0.429185
0.424963 0.427321
0.432219 0.43065
0.438741 0.430956
0.446094 0.429375
0.451897 0.423869
0.45884 0.419145
0.453609 0.411607
0.446094 0.412679
0.443215 0.421382
0.436198 0.418869
0.429261 0.416477
0.437534 0.408533
0.427548 0.406359
0.420234 0.400375
0.412109 0.403125
0.418516 0.4095
0.421094 0.419293
0.413364 0.417039
0.407278 0.411645
0.399121 0.410937
0.403171 0.40375
0.396973 0.400625
0.391319 0.405
0.38623 0.41
0.383961 0.402132
0.377422 0.3985
0.38457 0.393594
0.392535 0.393472
0.399531 0.3895
0.406337 0.385139
0.40588 0.395329
0.412984 0.391845
0.419285 0.389145
0.42375 0.382
0.430285 0.386691
0.426521 0.394539
0.43373 0.397663
0.441109 0.398988
0.44741 0.402303
0.452895 0.399044
0.460014 0.406023
0.467135 0.406583
0.472013 0.411397
0.465469 0.41675
0.474141 0.42125
0.482031 0.420066
0.478516 0.410625
0.486372 0.411389
0.489926 0.420066
0.496641 0.417375
0.505469 0.419276
0.512016 0.424107
0.519531 0.422917
0.527344 0.427273
0.519375 0.432625
0.512016 0.436131
0.505469 0.43125
0.498984 0.426625
0.491131 0.429338
0.484252 0.430987
0.478281 0.43025
0.470859 0.429875
0.464292 0.427279
0.457639 0.430417
0.462988 0.437187
0.455208 0.439861
0.449132 0.437083
0.442014 0.439583
0.435677 0.44375
0.429766 0.44525
0.425391 0.438125
0.417756 0.438636
0.410007 0.441964
0.405394 0.435774
0.39977 0.433309
0.395358 0.427574
0.389292 0.430221
0.382936 0.428487
0.376004 0.428571
0.370637 0.434865
0.37724 0.436417
0.375201 0.444627
0.382812 0.44125
0.388281 0.44125
0.39401 0.440893
0.39858 0.447841
0.404353 0.45125
0.41199 0.45212
0.420143 0.448641
0.425442 0.455815
0.416406 0.46125
0.408239 0.463523
0.401525 0.462798
0.394857 0.462917
0.391051 0.453523
0.38457 0.451875
0.37786 0.452649
0.381713 0.460998
0.386708 0.465245
0.3896 0.473463
0.394304 0.481372
0.398675 0.474402
0.405469 0.476964
0.412145 0.473636
0.418828 0.474
0.423232 0.46625
0.430529 0.467981
0.438117 0.470197
0.446258 0.472303
0.454353 0.46875
0.46179 0.469432
0.469184 0.470278
0.474323 0.465917
0.477344 0.459191
0.484598 0.459464
0.491242 0.462303
0.483047 0.468125
0.477436 0.474632
0.484983 0.478472
0.479733 0.484632
0.473575 0.484485
0.468848 0.479531
0.46179 0.480568
0.453267 0.479091
0.444159 0.481726
0.4375 0.48125
0.43125 0.48125
0.425213 0.48
0.418963 0.486477
0.412044 0.486562
0.404825 0.488015
0.399831 0.489367
0.408478 0.497354
0.415261 0.500896
0.422727 0.495909
0.429332 0.493409
0.435937 0.49375
0.442969 0.49375
0.45071 0.489432
0.458026 0.490568
0.466667 0.490139
0.472363 0.495781
0.478742 0.495197
0.485938 0.49
0.493608 0.491818
0.498251 0.49875
0.50401 0.50325
0.513281 0.50125
0.520126 0.498631
0.526198 0.500417
0.527641 0.489583
0.519531 0.4875
0.513199 0.489408
0.507196 0.494671
0.502418 0.487202
0.49741 0.480855
0.490625 0.481964
0.491406 0.4725
0.497564 0.469044
0.499531 0.460125
0.506641 0.456875
0.50026 0.450583
0.494727 0.447031
0.491113 0.453281
0.484473 0.450156
0.478125 0.45
0.471484 0.450625
0.467401 0.45875
0.460078 0.4585
0.452344 0.458611
0.445952 0.461818
0.438906 0.461417
0.433594 0.455893
0.44125 0.451375
0.447954 0.448393
0.454844 0.44975
0.461472 0.448092
0.466853 0.442857
0.472031 0.43975
0.478742 0.440197
0.486883 0.441645
0.492522 0.4375
0.498698 0.437778
0.504687 0.443125
0.510732 0.44875
0.517785 0.455074
0.522917 0.449722
0.51684 0.444028
0.524609 0.439375
0.531456 0.436908
0.536632 0.431528
0.542877 0.437132
0.549858 0.441364
0.543924 0.447917
0.537294 0.444276
0.530547 0.4485
0.528125 0.4575
0.53733 0.455707
0.547245 0.456118
0.553906 0.449632
0.559115 0.444167
0.565918 0.446875
0.571771 0.445364
0.578169 0.450669
0.583889 0.457427
0.573698 0.459107
0.567401 0.46
0.560732 0.454934
0.560732 0.465329
0.554119 0.461818
0.548851 0.466985
0.541629 0.464583
0.53404 0.466488
0.530193 0.473456
0.525288 0.465329
0.519531 0.466776
0.513125 0.4625
0.507123 0.467279
0.503447 0.474338
0.508906 0.48025
0.514695 0.475417
0.521505 0.478092
0.528171 0.480956
0.536496 0.482083
0.540579 0.475074
0.546701 0.476806
0.553609 0.476607
0.56034 0.474485
0.567311 0.473487
0.573793 0.471591
0.579725 0.468512
0.586347 0.468274
0.592356 0.465983
0.598253 0.476224
0.590951 0.48
0.584091 0.480341
0.578495 0.485987
0.573483 0.482132
0.569115 0.488583
0.564149 0.483889
0.557936 0.486513
0.551389 0.488194
0.544667 0.487772
0.537012 0.491719
0.532307 0.497426
0.538005 0.503603
0.543056 0.498194
0.548828 0.502187
0.553418 0.498281
0.559277 0.498594
0.564017 0.49625
0.571461 0.49625
0.577187 0.49925
0.583073 0.49375
0.589518 0.494375
0.59566 0.488194
0.600977 0.491562
0.604528 0.485351
0.607932 0.497125
0.612253 0.507506
0.603989 0.506645
0.597869 0.500795
0.591629 0.50625
0.583736 0.506023
0.588108 0.515556
0.580642 0.516944
0.575625 0.510125
0.568403 0.505139
0.556823 0.507417
0.562377 0.512303
0.568153 0.515074
0.573438 0.52125
0.567622 0.525278
0.561285 0.526944
0.556337 0.532083
0.550156 0.53525
0.543359 0.538437
0.539844 0.545461
0.532031 0.541979
0.524566 0.542222
0.524301 0.532566
0.516276 0.533958
0.509233 0.535114
0.504153 0.529145
0.495722 0.529702
0.488438 0.529
0.480469 0.527202
0.473067 0.525855
0.465538 0.520278
0.456882 0.518988
0.447188 0.513
0.453814 0.510368
0.462984 0.511012
0.471181 0.51375
0.477528 0.517279
0.484766 0.517
0.491146 0.519444
0.50017 0.52038
0.509219 0.521125
0.515487 0.522132
0.521553 0.523456
0.527778 0.519028
0.534972 0.522279
0.530551 0.529934
0.537734 0.53275
0.545201 0.529643
0.542877 0.522279
0.550965 0.524485
0.557123 0.518603
0.551028 0.514408
0.545542 0.510662
0.54026 0.513917
0.534473 0.512344
0.52974 0.507917
0.523177 0.51125
0.516761 0.511477
0.508371 0.510655
0.500322 0.510515
0.494323 0.511417
0.490312 0.5055
0.486719 0.49875
0.482552 0.50625
0.476823 0.50625
0.469184 0.503889
0.463194 0.49875
0.457865 0.502917
0.45071 0.500568
0.442746 0.505417
0.4358 0.505368
0.428906 0.505
0.421269 0.508442
0.429085 0.515126
0.436745 0.51651
0.442124 0.522138
0.448935 0.524037
0.454586 0.529148
0.46104 0.529917
0.466702 0.530775
0.471567 0.535563
0.47903 0.537273
0.4861 0.538542
0.49314 0.541148
0.500224 0.540173
0.50568 0.545782
0.513192 0.54603
0.519415 0.548266
0.526955 0.55231
0.534214 0.554823
0.540492 0.556126
0.547309 0.553889
0.55465 0.559226
0.545883 0.562899
0.551916 0.568022
0.55774 0.569654
0.561392 0.578013
0.565129 0.585158
0.571016 0.581125
0.578981 0.577202
0.586861 0.576023
0.594439 0.573162
0.602246 0.575469
0.610156 0.573309
0.608398 0.564062
0.603125 0.5675
0.597031 0.56475
0.589844 0.563393
0.583445 0.565417
0.576367 0.565313
0.572483 0.571389
0.564679 0.570197
0.567344 0.562917
0.562855 0.555455
0.557422 0.550625
0.549766 0.545625
0.556094 0.54225
0.562623 0.540592
0.568133 0.534803
0.575078 0.534
0.579297 0.526563
0.585156 0.52625
0.59026 0.527083
0.59468 0.520179
0.599219 0.51375
0.607102 0.516932
0.614997 0.519291
0.608333 0.527083
0.601079 0.526607
0.595107 0.534276
0.602179 0.537303
0.610064 0.535809
0.617159 0.530758
0.619914 0.541729
0.613925 0.544044
0.607552 0.54625
0.601562 0.5475
0.594878 0.545
0.588802 0.53875
0.582344 0.5375
0.576748 0.545417
0.56892 0.546359
0.571587 0.555855
0.578814 0.556691
0.583594 0.549803
0.589063 0.551806
0.595312 0.555
0.602344 0.557083
0.611198 0.556012
0.618679 0.552727
0.621972 0.561224
0.61625 0.566375
0.62209 0.573802
0.616222 0.578015
0.62191 0.586457
0.61582 0.587656
0.609028 0.583333
0.60293 0.58625
0.597852 0.583594
0.592969 0.583036
0.58916 0.587969
0.583008 0.58625
0.576028 0.589145
0.568891 0.59364
0.574902 0.599688
0.570681 0.605775
0.576563 0.61125
0.572571 0.618627
0.580859 0.618125
0.590727 0.619185
0.586061 0.610987
0.58151 0.604417
0.58125 0.595536
0.588058 0.597917
0.596875 0.595568
0.60588 0.594671
0.612546 0.594926
0.620979 0.597216
0.620127 0.605859
0.6142 0.604632
0.607813 0.605
0.601275 0.604145
0.592734 0.6055
0.59741 0.613355
0.605928 0.614485
0.6125 0.615694
0.61919 0.614816
0.618103 0.62483
0.612552 0.629583
0.608281 0.625083
0.602148 0.621094
0.597574 0.626908
0.592101 0.631111
0.586372 0.630972
0.581934 0.625781
0.574531 0.6285
0.580078 0.636875
0.573085 0.639469
0.5723 0.650274
0.580013 0.650208
0.585156 0.644926
0.590028 0.644926
0.594308 0.640357
0.600087 0.640278
0.603906 0.632868
0.608758 0.639803
0.616381 0.636166
0.613531 0.646318
0.610422 0.655377
0.604893 0.649276
0.597813 0.651125
0.591817 0.65625
0.586328 0.659625
0.579482 0.663882
0.574306 0.659444
0.568921 0.664555
0.564823 0.674737
0.573372 0.674583
0.580391 0.676875
0.585485 0.670329
0.592827 0.6725
0.596641 0.6645
0.602778 0.660278
0.608885 0.664878
0.604086 0.670827
0.600958 0.677851
0.597669 0.685454
0.588939 0.680461
0.590052 0.689917
0.584277 0.688125
0.577951 0.686806
0.571317 0.688036
0.566059 0.682917
0.558455 0.686858
0.562946 0.692143
0.55791 0.697812
0.551408 0.69791
0.554458 0.707426
0.548024 0.711103
0.544366 0.704205
0.539356 0.711676
0.532284 0.712532
0.529948 0.721667
0.524042 0.717612
0.516757 0.718462
0.509531 0.721125
0.513574 0.728281
0.520796 0.728869
0.527273 0.733409
0.521094 0.74
0.513281 0.7375
0.506373 0.737171
0.500488 0.738281
0.495703 0.731125
0.503472 0.727639
0.502068 0.719338
0.494564 0.719414
0.485939 0.716921
0.477066 0.713925
0.468865 0.709335
0.462587 0.711528
0.459025 0.703654
0.452775 0.698761
0.446532 0.69231
0.440569 0.68562
0.434581 0.690724
0.426997 0.686806
0.428824 0.696645
0.421719 0.69475
0.415972 0.690833
0.40988 0.686691
0.4044 0.682303
0.398438 0.680694
0.392857 0.683393
0.388833 0.676691
0.389062 0.668036
0.395625 0.669875
0.401749 0.668036
0.408511 0.673355
0.414219 0.67975
0.420469 0.68
0.426406 0.67775
0.433915 0.67838
0.429032 0.669232
0.423256 0.665766
0.416719 0.671083
0.41401 0.66475
0.406641 0.662344
0.411823 0.65675
0.420074 0.656843
0.415587 0.648648
0.410747 0.641017
0.407433 0.631281
0.401149 0.62875
0.402478 0.619415
0.395126 0.622559
0.388132 0.619345
0.382031 0.624464
0.376172 0.619
0.381785 0.611645
0.386308 0.604803
0.391982 0.610066
0.398507 0.610209
0.394591 0.599541
0.387086 0.594632
0.391532 0.588359
0.386282 0.582788
0.379687 0.583068
0.37334 0.582187
0.368359 0.573125
0.37474 0.571667
0.379844 0.568583
0.385768 0.573063
0.383645 0.561739
0.375608 0.559861
0.371406 0.55325
0.380496 0.551689
0.37622 0.544709
0.367746 0.545417
0.360955 0.544986
0.361864 0.554733
0.367891 0.561875
0.361482 0.565276
0.361021 0.575476
0.364027 0.583081
0.369219 0.588583
0.361427 0.591913
0.361672 0.602794
0.367622 0.598889
0.374465 0.594145
0.380781 0.59675
0.375625 0.60575
0.369609 0.609375
0.361453 0.612503
0.365028 0.61875
0.370399 0.622361
0.361327 0.627731
0.366484 0.63325
0.373984 0.631625
0.380618 0.635536
0.374959 0.64375
0.368828 0.644375
0.362089 0.643084
0.362031 0.657
0.367014 0.659028
0.3725 0.65575
0.379482 0.651776
0.386811 0.650662
0.393118 0.646131
0.384922 0.64175
0.389714 0.631875
0.396317 0.636726
0.402344 0.641607
0.407123 0.650662
0.401719 0.65325
0.397363 0.655937
0.392325 0.659044
0.385714 0.659107
0.383073 0.667083
0.378125 0.662812
0.373281 0.66775
0.367188 0.670694
0.361719 0.67125
0.36394 0.682077
0.372798 0.678523
0.379844 0.676125
0.384933 0.684583
0.377699 0.688523
0.369922 0.69
0.362632 0.693472
0.362346 0.706224
0.368266 0.701369
0.37571 0.699432
0.375781 0.709583
0.382969 0.71225
0.379464 0.719286
0.373145 0.719063
0.368142 0.712639
0.362936 0.719108
0.369184 0.726389
0.363247 0.731583
0.371094 0.73625
0.364222 0.743408
0.373566 0.745043
0.382143 0.74189
0.379167 0.735694
0.377051 0.727969
0.384952 0.725054
0.389949 0.72889
0.395396 0.718473
0.388775 0.712697
0.394427 0.70875
0.402326 0.709502
0.399127 0.701838
0.391039 0.700809
0.383134 0.702721
0.384983 0.694444
0.393229 0.692083
0.40026 0.692083
0.406328 0.697125
0.411821 0.700446
0.417779 0.704982
0.425781 0.705956
0.422527 0.713566
0.430957 0.712188
0.43471 0.704702
0.439993 0.698988
0.446553 0.703162
0.443791 0.71125
0.452097 0.710855
0.457196 0.717697
0.452517 0.725139
0.446641 0.720625
0.438139 0.716818
0.430014 0.720881
0.437812 0.727069
0.444581 0.731069
0.451758 0.73578
0.459404 0.740045
0.466596 0.743415
0.468608 0.733182
0.45973 0.729659
0.464761 0.722566
0.470847 0.720461
0.475632 0.727917
0.481882 0.725298
0.489597 0.727566
0.485449 0.735781
0.479458 0.737426
0.473867 0.743821
0.481722 0.747755
0.490948 0.750658
0.489844 0.741645
0.49637 0.744632
0.501834 0.750314
0.508997 0.748512
0.515603 0.748429
0.521765 0.749077
0.528224 0.746515
0.53351 0.741728
0.539141 0.743737
0.545077 0.739428
0.551175 0.738164
0.558145 0.734013
0.553571 0.729464
0.547564 0.728015
0.540028 0.732574
0.534028 0.729028
0.538976 0.722222
0.545634 0.719779
0.554178 0.71875
0.562145 0.7175
0.562328 0.727576
0.568536 0.726027
0.571803 0.71852
0.578092 0.716951
0.583349 0.708855
0.575617 0.707303
0.56875 0.70875
0.561562 0.707375
0.56658 0.698889
0.574383 0.697697
0.58162 0.697829
0.588792 0.701532
0.594402 0.694269
0.656447 0.7125
0.662109 0.713375
0.666927 0.70925
0.674607 0.709196
0.669696 0.71875
0.676451 0.719286
0.681296 0.714338
0.684789 0.708193
0.691819 0.705988
0.6983 0.708456
0.703906 0.715312
0.709531 0.713083
0.714219 0.716417
0.720312 0.71625
0.725879 0.719688
0.733347 0.721645
0.737914 0.715809
0.741314 0.708309
0.746645 0.702426
0.752865 0.70125
0.758594 0.70325
0.763446 0.710197
0.755547 0.713125
0.747656 0.7125
0.751649 0.721528
0.745436 0.722961
0.740625 0.726944
0.735491 0.732321
0.729297 0.73
0.723067 0.729408
0.71705 0.726544
0.710814 0.726513
0.704811 0.726513
0.69933 0.721786
0.694629 0.717812
0.689551 0.718281
0.685616 0.725368
0.680304 0.727566
0.673437 0.729306
0.66748 0.729219
0.66224 0.725833
0.656447 0.72625
0.657237 0.738753
0.66464 0.739185
0.671875 0.74
0.678906 0.739185
0.686364 0.739318
0.690763 0.730956
0.697197 0.730221
0.693906 0.740252
0.700174 0.739306
0.70599 0.739167
0.711351 0.738309
0.717188 0.73875
0.724219 0.74
0.732031 0.740418
0.740199 0.739318
0.747088 0.738977
0.751562 0.733194
0.756641 0.740876
0.767891 0.740375
0.775781 0.739185
0.783347 0.739934
0.789546 0.737917
0.796318 0.74143
0.802891 0.738375
0.808018 0.737566
0.814062 0.73875
0.820683 0.740066
0.828907 0.740957
0.832812 0.735625
0.823438 0.7325
0.824707 0.724531
0.832386 0.724318
0.827344 0.716103
0.832936 0.710987
0.824844 0.70825
0.820312 0.71625
0.815412 0.710227
0.808787 0.71269
0.816338 0.724946
0.810485 0.726776
0.804531 0.723125
0.798661 0.724464
0.796737 0.732721
0.791059 0.727222
0.784663 0.722829
0.781076 0.73
0.775347 0.725833
0.769184 0.730278
0.762314 0.734464
0.757031 0.7275
0.76224 0.720893
0.769297 0.7195
0.771094 0.709583
0.777669 0.714375
0.784992 0.712303
0.791753 0.7175
0.798483 0.714926
0.801992 0.707651
0.792828 0.706347
0.785857 0.701986
0.77748 0.701141
0.770573 0.699444
0.7642 0.699044
0.758203 0.691875
0.75191 0.688889
0.74591 0.692574
0.740017 0.696528
0.734375 0.69375
0.72875 0.698875
0.734722 0.705833
0.72909 0.711544
0.723667 0.70625
0.716484 0.706
0.720726 0.696691
0.713925 0.694338
0.709663 0.700724
0.70474 0.705083
0.700106 0.698567
0.703782 0.689711
0.708961 0.686103
0.716817 0.685329
0.723611 0.688194
0.730009 0.686985
0.738672 0.684875
0.746094 0.68125
0.753212 0.678333
0.758923 0.677303
0.763281 0.684722
0.767865 0.68925
0.774063 0.688875
0.782635 0.692412
0.779838 0.682976
0.781927 0.673583
0.7767 0.670956
0.77154 0.677679
0.765995 0.672961
0.76125 0.666
0.755551 0.660329
0.751451 0.668155
0.744618 0.670556
0.738281 0.675417
0.730304 0.677697
0.723392 0.677132
0.717535 0.673889
0.711328 0.677344
0.704395 0.676875
0.705633 0.667303
0.712598 0.667188
0.720354 0.66375
0.726562 0.6675
0.732726 0.667361
0.738438 0.663625
0.74592 0.659861
0.741741 0.653214
0.735379 0.653036
0.727567 0.65756
0.718791 0.653224
0.713184 0.658281
0.705304 0.657697
0.704531 0.64725
0.710248 0.649338
0.714509 0.643214
0.719531 0.64125
0.723926 0.646719
0.730121 0.647222
0.730469 0.637917
0.737984 0.640893
0.744792 0.645556
0.751136 0.651705
0.760321 0.652829
0.76658 0.657639
0.771763 0.663988
0.780824 0.661023
0.774368 0.653155
0.781016 0.649125
0.779725 0.639345
0.77152 0.642045
0.76616 0.646908
0.757344 0.643625
0.762578 0.636125
0.754811 0.632039
0.750694 0.639306
0.745313 0.63375
0.739292 0.629926
0.732266 0.6285
0.725234 0.6235
0.723828 0.633625
0.716927 0.630417
0.710851 0.635972
0.704687 0.6375
0.704586 0.625272
0.710938 0.625
0.717812 0.619875
0.710156 0.615417
0.704062 0.609875
0.708296 0.602798
0.715538 0.608472
0.721998 0.610987
0.727987 0.613015
0.733105 0.618125
0.738281 0.61875
0.743457 0.620469
0.748725 0.622039
0.75455 0.622132
0.761172 0.624125
0.767656 0.629125
0.774403 0.632279
0.781572 0.629044
0.774045 0.622639
0.779725 0.618393
0.78088 0.609276
0.772656 0.606771
0.768862 0.615774
0.762656 0.61475
0.756044 0.611908
0.750078 0.608375
0.743133 0.609803
0.735156 0.6075
0.742535 0.600556
0.749383 0.597303
0.75651 0.598869
0.762734 0.605125
0.766146 0.596667
0.77284 0.594485
0.779514 0.600417
0.780729 0.592083
0.780469 0.5825
0.773003 0.585278
0.766335 0.582955
0.758969 0.58805
0.75017 0.587663
0.740767 0.590455
0.734375 0.596705
0.727641 0.601607
0.720796 0.598393
0.714219 0.598417
0.711458 0.590556
0.704314 0.591467
0.708923 0.581118
0.704246 0.573424
0.710795 0.568977
0.720618 0.563967
0.729314 0.569076
0.725391 0.576875
0.718594 0.57325
0.715671 0.58125
0.720052 0.587639
0.726439 0.589013
0.731875 0.585
0.737048 0.580066
0.744124 0.579185
0.751028 0.576776
0.756484 0.574125
0.761892 0.575
0.766406 0.569062
0.772731 0.574583
0.780304 0.572697
0.781543 0.563125
0.775041 0.562829
0.768316 0.561111
0.760677 0.56125
0.754609 0.560875
0.748698 0.566131
0.742311 0.565987
0.736372 0.570278
0.735298 0.559318
0.729531 0.55525
0.723808 0.554145
0.716982 0.553092
0.711797 0.558875
0.704586 0.557772
0.704427 0.543333
0.709663 0.547434
0.715365 0.542083
0.722422 0.543
0.73074 0.54375
0.738145 0.545598
0.742258 0.553295
0.748177 0.55375
0.754153 0.549408
0.762466 0.550924
0.771278 0.552721
0.780156 0.55325
0.781719 0.542917
0.775689 0.545074
0.768229 0.543472
0.762598 0.539531
0.756388 0.540368
0.748633 0.540729
0.743963 0.53375
0.7375 0.53375
0.731388 0.532132
0.725206 0.532829
0.71875 0.531806
0.711151 0.533068
0.704514 0.531806
0.706392 0.521705
0.714515 0.522829
0.722578 0.5215
0.729811 0.521513
0.736861 0.521477
0.744453 0.522
0.750994 0.526705
0.75651 0.529167
0.762362 0.529632
0.768796 0.530074
0.7733 0.535662
0.780387 0.533224
0.782151 0.522981
0.776484 0.523125
0.770312 0.520625
0.763833 0.520074
0.757329 0.516131
0.750656 0.51235
0.742401 0.512045
0.733381 0.509886
0.725965 0.512279
0.717535 0.513056
0.710938 0.511806
0.704394 0.511875
0.705859 0.502375
0.714276 0.500227
0.720354 0.503882
0.726608 0.502426
0.730692 0.495893
0.722175 0.491154
0.731818 0.485682
0.73875 0.492875
0.738438 0.502625
0.74589 0.500706
0.753023 0.496576
0.748011 0.488864
0.740483 0.483409
0.743963 0.47375
0.750123 0.479145
0.757439 0.482228
0.762187 0.473375
0.767253 0.464792
0.759844 0.46175
0.754799 0.470179
0.749574 0.464091
0.742813 0.45975
0.738364 0.465592
0.734245 0.472917
0.728088 0.476964
0.721615 0.478393
0.715662 0.484107
0.711094 0.491375
0.704687 0.4925
0.704199 0.482031
0.709028 0.478333
0.715141 0.471131
0.722731 0.46744
0.727683 0.460163
0.734049 0.456667
0.720796 0.455059
0.715278 0.459444
0.709697 0.465368
0.704274 0.468897
0.705122 0.4575
0.711372 0.451111
0.705043 0.446136
0.7141 0.441369
0.721016 0.445375
0.728776 0.446042
0.736049 0.445179
0.741319 0.442917
0.750781 0.44375
0.745859 0.451625
0.754232 0.452917
0.761535 0.452574
0.767901 0.449402
0.761515 0.441793
0.755729 0.434375
0.747031 0.435375
0.748722 0.425455
0.740811 0.430536
0.734487 0.430298
0.728559 0.435278
0.721258 0.435197
0.71509 0.428882
0.709237 0.434779
0.703795 0.434107
0.706172 0.424625
0.705633 0.415197
0.712952 0.41875
0.714757 0.410278
0.722113 0.412011
0.721366 0.423424
0.728166 0.424276
0.731213 0.415536
0.738281 0.419107
0.743924 0.415139
0.750434 0.415
0.756044 0.42125
0.761801 0.425724
0.766016 0.4325
0.771484 0.4375
0.78112 0.435
0.775521 0.444306
0.78102 0.447721
0.7734 0.456012
0.781373 0.458487
0.775873 0.464632
0.780692 0.471607
0.772359 0.473988
0.767076 0.481726
0.776136 0.483977
0.783594 0.480938
0.792057 0.482604
0.800781 0.482083
0.807278 0.484671
0.812761 0.483333
0.819531 0.48375
0.82703 0.481451
0.831934 0.486875
0.835785 0.480006
0.842273 0.479194
0.848142 0.4781
0.854255 0.473559
0.857378 0.4825
0.862847 0.484444
0.870083 0.485221
0.879458 0.48375
0.88559 0.486667
0.892969 0.488355
0.888359 0.4965
0.880715 0.496118
0.875 0.492083
0.869367 0.495592
0.862638 0.495515
0.857465 0.497083
0.851406 0.49725
0.851228 0.48744
0.842225 0.489702
0.845436 0.499013
0.838542 0.501944
0.835074 0.494803
0.826705 0.494432
0.820312 0.495
0.813505 0.495417
0.808807 0.503068
0.804375 0.4945
0.797433 0.491726
0.790255 0.493618
0.783594 0.489583
0.782422 0.499063
0.775965 0.494779
0.769449 0.491382
0.760724 0.490909
0.763889 0.499583
0.757422 0.504375
0.764679 0.510197
0.770486 0.502778
0.777344 0.505368
0.773208 0.512574
0.782254 0.512083
0.789844 0.5125
0.789141 0.503125
0.798082 0.5025
0.797656 0.5125
0.805114 0.511818
0.813893 0.512337
0.819234 0.505179
0.824219 0.512989
0.828977 0.504545
0.833817 0.512083
0.841598 0.511617
0.848659 0.511656
0.853516 0.505781
0.856842 0.512867
0.862677 0.509229
0.867865 0.504083
0.87154 0.510364
0.877502 0.506383
0.884971 0.506678
0.892609 0.505643
0.896719 0.499875
0.903732 0.501219
0.912393 0.497557
0.920588 0.492705
0.930485 0.487372
0.925521 0.483889
0.919807 0.481544
0.915119 0.476985
0.907775 0.480179
0.913281 0.487917
0.906388 0.491544
0.900535 0.489671
0.896788 0.480694
0.902422 0.4745
0.896172 0.469
0.890391 0.4755
0.883923 0.475329
0.875335 0.475298
0.867877 0.476838
0.861402 0.470652
0.868047 0.466846
0.872616 0.459959
0.87913 0.465774
0.886293 0.463864
0.892656 0.4595
0.90142 0.459318
0.90625 0.465278
0.911811 0.46875
0.917813 0.466
0.924219 0.4625
0.929688 0.455125
0.935503 0.449722
0.942734 0.447
0.949063 0.453625
0.942813 0.4585
0.937016 0.461964
0.931953 0.466875
0.925 0.4725
0.932292 0.478472
0.938032 0.477535
0.943406 0.471832
0.949458 0.465927
0.955165 0.458255
0.960393 0.449673
0.955382 0.445694
0.963953 0.439626
0.968053 0.430522
0.96033 0.429861
0.955222 0.434408
0.949877 0.440724
0.944449 0.436382
0.936435 0.439205
0.928125 0.443068
0.922969 0.45075
0.917188 0.455
0.911016 0.455875
0.906138 0.448988
0.901491 0.440909
0.892357 0.44288
0.897188 0.450875
0.887016 0.451845
0.878765 0.453217
0.883085 0.443061
0.886833 0.433044
0.893438 0.431375
0.899954 0.430956
0.906797 0.430125
0.910074 0.438882
0.915811 0.444464
0.920859 0.437
0.914931 0.430694
0.921094 0.425
0.926641 0.430875
0.933222 0.430417
0.941172 0.427625
0.948828 0.426375
0.953613 0.420781
0.959152 0.420536
0.965885 0.419861
0.971641 0.420397
0.972951 0.410566
0.961535 0.412279
0.954514 0.409583
0.947812 0.413625
0.941653 0.417303
0.936111 0.412639
0.9325 0.420625
0.925206 0.416908
0.91849 0.415278
0.913021 0.420833
0.905469 0.420417
0.89784 0.421691
0.889877 0.420516
0.895215 0.413437
0.902266 0.411
0.909881 0.411691
0.915017 0.405556
0.922266 0.404125
0.928906 0.409028
0.930469 0.399583
0.937212 0.403092
0.943627 0.403487
0.950781 0.402039
0.960703 0.401875
0.967357 0.404402
0.974596 0.400924
0.975941 0.39198
0.968791 0.391908
0.963594 0.387625
0.957726 0.393472
0.950781 0.3925
0.943945 0.392344
0.936903 0.392721
0.930101 0.389779
0.923396 0.393092
0.916488 0.395724
0.909863 0.395781
0.906296 0.401838
0.899665 0.40006
0.8925 0.405904
0.894241 0.394779
0.894021 0.384656
0.900186 0.384345
0.905222 0.38875
0.913281 0.385724
0.90785 0.377798
0.916314 0.375809
0.920313 0.383056
0.926425 0.381544
0.934263 0.380179
0.940469 0.38475
0.941682 0.376838
0.948943 0.374338
0.949479 0.382917
0.956328 0.381625
0.961868 0.375774
0.969735 0.378207
0.976495 0.382618
0.977157 0.371406
0.966817 0.368092
0.95651 0.368393
0.94977 0.365074
0.943802 0.360083
0.94224 0.368083
0.936198 0.36625
0.930836 0.371397
0.92474 0.371111
0.920201 0.366429
0.913594 0.367917
0.907812 0.366806
0.901649 0.370139
0.896012 0.374145
0.895547 0.363125
0.903237 0.358274
0.911406 0.35575
0.917656 0.358917
0.925781 0.36
0.932123 0.358162
0.938557 0.354191
0.944097 0.349028
0.950123 0.354013
0.956094 0.35725
0.961535 0.359338
0.966853 0.3575
0.972492 0.361908
0.978357 0.358775
0.977095 0.347872
0.970226 0.35
0.962855 0.346136
0.956209 0.346776
0.948785 0.341667
0.942676 0.3375
0.937638 0.340515
0.93342 0.347361
0.926074 0.350781
0.917882 0.350139
0.922559 0.343125
0.929464 0.340714
0.925488 0.334219
0.91875 0.334464
0.915052 0.341417
0.909697 0.340515
0.906337 0.347778
0.900293 0.348281
0.895052 0.351667
0.895327 0.339402
0.901953 0.336375
0.906044 0.32875
0.9125 0.329306
0.918153 0.324926
0.926608 0.325956
0.933516 0.3315
0.941571 0.327697
0.948281 0.33025
0.953906 0.336397
0.959498 0.333487
0.965191 0.333194
0.970234 0.339125
0.976752 0.337635
0.975751 0.328033
0.969613 0.325329
0.974237 0.317137
0.970131 0.309898
0.969787 0.299803
0.963068 0.304886
0.957187 0.30075
0.950535 0.305461
0.956037 0.312955
0.964679 0.317303
0.959722 0.322639
0.953038 0.324028
0.947578 0.318125
0.94096 0.3175
0.935243 0.32125
0.929825 0.315956
0.923535 0.318125
0.917785 0.314926
0.910567 0.318355
0.904458 0.31625
0.899368 0.323274
0.893689 0.328687
0.893211 0.315833
0.888998 0.303749
0.895215 0.304375
0.900863 0.308224
0.909141 0.306875
0.915119 0.305662
0.920898 0.303438
0.925781 0.307813
0.936426 0.310469
0.944629 0.30875
0.939844 0.3025
0.932227 0.303594
0.927837 0.296908
0.919072 0.294779
0.912294 0.293092
0.906424 0.297917
0.900322 0.296544
0.892722 0.294145
0.886073 0.290427
0.882449 0.280743
0.891406 0.282083
0.897738 0.286645
0.905171 0.286131
0.911892 0.282361
0.91898 0.284926
0.925414 0.288309
0.933008 0.287813
0.936892 0.293889
0.944202 0.294803
0.950434 0.295
0.950535 0.285066
0.957329 0.289107
0.96517 0.291453
0.962595 0.281305
0.95791 0.274255
0.951302 0.274583
0.944965 0.278333
0.940625 0.284306
0.936443 0.276838
0.928438 0.27925
0.921582 0.275469
0.924479 0.268056
0.932307 0.270368
0.930365 0.26225
0.936965 0.258618
0.940439 0.267202
0.946752 0.265987
0.953383 0.263889
0.945846 0.254941
0.939026 0.248595
0.932966 0.241926
0.926389 0.239879
0.920495 0.234836
0.913979 0.233696
0.908201 0.228814
0.90038 0.226248
0.893988 0.225817
0.888167 0.221823
0.882379 0.223854
0.876556 0.220899
0.870255 0.220989
0.864356 0.221053
0.85926 0.218851
0.85293 0.218362
0.846083 0.217578
0.83837 0.216733
0.831734 0.218631
0.824513 0.216719
0.816114 0.216719
0.809329 0.217426
0.805058 0.221645
0.798872 0.217222
0.79161 0.218315
0.784054 0.216985
0.775558 0.217917
0.767804 0.217303
0.769531 0.226528
0.762784 0.229318
0.755836 0.233897
0.762054 0.239286
0.766866 0.243015
0.769635 0.25025
0.775689 0.246838
0.783594 0.247868
0.79 0.241375
0.784028 0.235833
0.778594 0.239583
0.771441 0.236111
0.776823 0.230083
0.780957 0.224531
0.787914 0.227574
0.79352 0.231397
0.799132 0.227917
0.804403 0.234432
0.810979 0.234276
0.8142 0.226691
0.82045 0.224044
0.827252 0.226691
0.833594 0.231544
0.838741 0.225809
0.846094 0.227083
0.840439 0.23625
0.846563 0.24025
0.851997 0.235972
0.854975 0.227829
0.86038 0.234583
0.866735 0.233092
0.872656 0.235461
0.877619 0.233015
0.883681 0.23625
0.889597 0.23375
0.896391 0.238631
0.903212 0.236528
0.90831 0.243182
0.916484 0.24525
0.922492 0.249145
0.930391 0.2515
0.924554 0.257679
0.918203 0.2605
0.912377 0.253355
0.904883 0.254375
0.900335 0.248988
0.89349 0.251607
0.888692 0.245066
0.880058 0.245066
0.875547 0.252625
0.884062 0.254125
0.888672 0.261875
0.895547 0.263125
0.901439 0.264013
0.908105 0.262031
0.912793 0.267031
0.915855 0.274191
0.906734 0.274107
0.89929 0.275568
0.891242 0.272697
0.884115 0.271389
0.876108 0.272746
0.879975 0.263355
0.87315 0.262829
0.867082 0.261657
0.85895 0.255722
0.865913 0.251645
0.870469 0.244875
0.861259 0.244485
0.8544 0.245855
0.849921 0.252353
0.842315 0.248792
0.836143 0.247942
0.828702 0.248013
0.831927 0.24025
0.825391 0.236125
0.818359 0.236375
0.821165 0.246932
0.813939 0.246513
0.807922 0.246104
0.801938 0.248357
0.797483 0.240556
0.794606 0.250688
0.788487 0.254928
0.784135 0.263996
0.779729 0.256908
0.77389 0.259013
0.766719 0.258083
0.761351 0.253603
0.754811 0.257171
0.747372 0.264205
0.75409 0.267279
0.76139 0.265329
0.768544 0.268224
0.774814 0.271369
0.781521 0.272481
0.781446 0.282365
0.774922 0.28425
0.769367 0.281645
0.763925 0.276544
0.758073 0.27625
0.750863 0.276382
0.742969 0.275
0.735814 0.278487
0.729427 0.278393
0.724442 0.285655
0.717969 0.285
0.71849 0.293583
0.726278 0.298636
0.730744 0.290515
0.735885 0.292583
0.740156 0.286083
0.745424 0.282679
0.749678 0.288015
0.755859 0.28625
0.763516 0.287875
0.758318 0.294926
0.767266 0.29725
0.774144 0.295774
0.781064 0.293631
0.780599 0.306042
0.772061 0.306369
0.762066 0.303333
0.753906 0.302566
0.746019 0.306488
0.748926 0.296719
0.742146 0.296645
0.735752 0.30256
0.730043 0.31
0.737153 0.313056
0.742622 0.315556
0.748208 0.318897
0.754071 0.312303
0.761554 0.312303
0.768043 0.316012
0.775505 0.315515
0.781373 0.319013
0.773561 0.324803
0.78074 0.33125
0.774586 0.337868
0.770365 0.333083
0.764922 0.329
0.761198 0.321917
0.753993 0.322917
0.757324 0.330469
0.758203 0.339875
0.765913 0.341118
0.760239 0.349276
0.767795 0.351389
0.774141 0.348125
0.78102 0.342574
0.781702 0.353882
0.777344 0.359145
0.769792 0.360417
0.762546 0.359632
0.755762 0.357969
0.752755 0.349145
0.747031 0.34925
0.739472 0.347202
0.732986 0.349306
0.726425 0.350662
0.721243 0.358274
0.729253 0.36
0.736583 0.359837
0.744097 0.358056
0.749297 0.364375
0.755816 0.367778
0.763542 0.369583
0.770052 0.37125
0.775977 0.368437
0.781641 0.370875
0.774586 0.379338
0.781641 0.384125
0.776976 0.389485
0.78151 0.399702
0.774712 0.401118
0.770726 0.39375
0.764292 0.396397
0.757187 0.397375
0.76596 0.405298
0.771587 0.411645
0.779297 0.41125
0.781094 0.421125
0.775238 0.426902
0.769531 0.42125
0.76287 0.414671
0.756889 0.408182
0.749375 0.404875
0.740859 0.405625
0.734581 0.405329
0.727716 0.404702
0.722954 0.397321
0.716927 0.400139
0.710243 0.402778
0.704394 0.405625
0.705304 0.394803
0.713203 0.391
0.719673 0.385682
0.726302 0.387361
0.732188 0.393875
0.739062 0.395
0.745175 0.395956
0.750781 0.39225
0.754861 0.385
0.761719 0.3875
0.768837 0.384167
0.762546 0.378162
0.755469 0.37625
0.748224 0.37625
0.743963 0.38375
0.737066 0.385
0.730156 0.380375
0.737031 0.374625
0.741653 0.368355
0.730304 0.369803
0.724045 0.369722
0.719382 0.374821
0.711797 0.380125
0.705197 0.384076
0.704514 0.371806
0.711627 0.370662
0.715067 0.362679
0.706702 0.362303
0.704199 0.353594
0.709809 0.350694
0.716016 0.350625
0.721763 0.343274
0.713621 0.338967
0.705304 0.342303
0.705547 0.33275
0.704564 0.321513
0.711797 0.3265
0.718544 0.330724
0.724586 0.333897
0.730035 0.339583
0.735305 0.33494
0.743437 0.3385
0.750781 0.335909
0.74566 0.328056
0.739236 0.326944
0.733318 0.321397
0.728722 0.326103
0.723828 0.320375
0.717344 0.318125
0.710156 0.316111
0.704948 0.308393
0.713465 0.307721
0.723047 0.309375
0.718698 0.302417
0.711554 0.29875
0.704564 0.296513
0.710156 0.289191
0.704427 0.28375
0.711719 0.28
0.705221 0.273214
0.712326 0.269167
0.717969 0.274276
0.723437 0.27125
0.72846 0.267143
0.734375 0.2675
0.740469 0.26725
0.740671 0.257426
0.734201 0.256806
0.728047 0.2565
0.720871 0.26125
0.71441 0.258889
0.707552 0.26125
0.701591 0.263202
0.699516 0.254345
0.691609 0.251671
0.697656 0.244632
0.705222 0.245592
0.709896 0.250833
0.717383 0.249375
0.723643 0.24875
0.729799 0.243274
0.736472 0.246645
0.744238 0.250781
0.749959 0.251118
0.758008 0.245937
0.752148 0.241406
0.747105 0.237574
0.741406 0.240662
0.735156 0.235
0.740234 0.228625
0.7475 0.227375
0.754601 0.224444
0.760231 0.217917
0.751192 0.216644
0.742969 0.217798
0.735485 0.217434
0.727109 0.21725
0.732205 0.225556
0.726989 0.232159
0.720822 0.237663
0.713437 0.2405
0.708073 0.234028
0.701476 0.235972
0.692578 0.238625
0.685603 0.24125
0.677046 0.241131
0.682795 0.250417
0.674361 0.249485
0.668597 0.246375
0.662533 0.246356
0.656447 0.24625
0.658025 0.235
0.666656 0.23455
0.670083 0.22625
0.675703 0.231375
0.683018 0.231382
0.689766 0.2285
0.697578 0.228125
0.705556 0.225278
0.714844 0.22875
0.721763 0.223274
0.716484 0.217125
0.709697 0.218015
0.702083 0.217083
0.69446 0.218068
0.68713 0.21796
0.680824 0.219886
0.674442 0.217917
0.665565 0.218942
0.657796 0.216094
0.657855 0.225172
0.601995 0.231024
0.593936 0.236012
0.587212 0.239934
0.580561 0.243162
0.577252 0.235662
0.583828 0.230625
0.591059 0.226944
0.598156 0.22215
0.601094 0.212191
0.59322 0.210937
0.585083 0.210927
0.58916 0.218437
0.582028 0.21942
0.57715 0.223923
0.572297 0.230144
0.567736 0.237614
0.572656 0.245066
0.564409 0.246251
0.557302 0.245113
0.551543 0.24037
0.546624 0.234933
0.540625 0.2375
0.54075 0.227558
0.534438 0.226023
0.529292 0.218717
0.524045 0.222639
0.515859 0.22075
0.519875 0.213645
0.510547 0.210456
0.501108 0.20735
0.493474 0.207171
0.487207 0.212344
0.486158 0.204412
0.479366 0.205295
0.470153 0.204072
0.465799 0.210833
0.460213 0.207221
0.452676 0.207214
0.447363 0.211914
0.441951 0.213698
0.436383 0.213885
0.430565 0.216734
0.424729 0.221023
0.418828 0.2232
0.412587 0.227745
0.417188 0.23375
0.408282 0.234083
0.402676 0.237583
0.411953 0.242375
0.419202 0.244408
0.42537 0.249408
0.431969 0.25264
0.439217 0.246334
0.444423 0.240101
0.437674 0.234306
0.433318 0.241985
0.427734 0.239844
0.422852 0.23375
0.428906 0.229926
0.434237 0.225515
0.441761 0.225682
0.449219 0.224185
0.455895 0.216705
0.463356 0.221726
0.456684 0.2275
0.449507 0.235954
0.455468 0.238255
0.462359 0.234488
0.468787 0.233631
0.476333 0.235956
0.473984 0.22625
0.470399 0.218333
0.475535 0.212303
0.480859 0.219375
0.488867 0.22
0.496466 0.218274
0.503171 0.216544
0.508676 0.221118
0.502548 0.229293
0.494531 0.227917
0.487277 0.228036
0.481424 0.230972
0.487021 0.237363
0.49387 0.238128
0.49971 0.239431
0.505998 0.242958
0.513097 0.240221
0.510312 0.231
0.517509 0.231544
0.523214 0.231964
0.529366 0.232868
0.534513 0.238456
0.52908 0.246389
0.524531 0.240583
0.519184 0.244722
0.513386 0.25007
0.521866 0.254142
0.526427 0.260926
0.531543 0.255
0.536426 0.248906
0.542266 0.24825
0.54783 0.25125
0.553125 0.256
0.559201 0.255694
0.566146 0.257361
0.572656 0.254583
0.580469 0.252083
0.588359 0.251375
0.593945 0.247969
0.598698 0.24225
0.603297 0.244329
0.60306 0.257588
0.596912 0.257321
0.592901 0.265489
0.585582 0.261136
0.577711 0.261838
0.570818 0.265074
0.561903 0.265221
0.555333 0.270163
0.549293 0.266964
0.543709 0.261118
0.537914 0.261103
0.532312 0.266146
0.537642 0.273759
0.543848 0.272812
0.543717 0.282975
0.550186 0.281131
0.556209 0.284671
0.550709 0.293956
0.558966 0.295774
0.565671 0.294632
0.571875 0.295
0.578363 0.296576
0.583594 0.302917
0.58727 0.294485
0.595945 0.291845
0.592274 0.284028
0.585074 0.286118
0.578764 0.283636
0.571094 0.284702
0.563117 0.284803
0.561883 0.275197
0.568428 0.274044
0.575206 0.273882
0.581875 0.271125
0.587835 0.27506
0.596406 0.2755
0.602615 0.270924
0.60261 0.282761
0.603626 0.292534
0.604742 0.303237
0.598633 0.301875
0.591406 0.3025
0.595083 0.31125
0.601823 0.311917
0.605465 0.318612
0.598926 0.320781
0.591927 0.320583
0.588005 0.313897
0.582656 0.31225
0.576484 0.312625
0.572135 0.305893
0.565116 0.30625
0.55695 0.305832
0.561972 0.316832
0.568437 0.318625
0.574403 0.323015
0.581112 0.323015
0.586024 0.327361
0.592383 0.330156
0.599035 0.329485
0.605213 0.333074
0.597344 0.33925
0.60629 0.345865
0.601042 0.348333
0.592887 0.347829
0.58657 0.352321
0.58252 0.345313
0.588437 0.338625
0.580642 0.336667
0.575608 0.332361
0.567659 0.329907
0.571864 0.340922
0.576317 0.349958
0.579367 0.360447
0.585781 0.36225
0.59264 0.362039
0.597472 0.35625
0.605739 0.357536
0.599678 0.365515
0.606373 0.368487
0.600684 0.374531
0.58974 0.37025
0.582304 0.37197
0.586711 0.378701
0.593906 0.378
0.599316 0.383281
0.606649 0.381615
0.606739 0.392534
0.599219 0.3925
0.591927 0.391845
0.586655 0.387937
0.564374 0.437343
0.556984 0.434295
0.551224 0.429344
0.545809 0.428375
0.540446 0.423533
0.533161 0.42028
0.525052 0.416112
0.516761 0.413493
0.509907 0.410533
0.502741 0.408793
0.496668 0.406219
0.490623 0.4045
0.48315 0.400851
0.476241 0.39953
0.47026 0.39735
0.463833 0.395776
0.457828 0.393048
0.45029 0.389291
0.443979 0.388246
0.438181 0.385352
0.432515 0.378024
0.425337 0.371366
0.418462 0.372697
0.4141 0.37875
0.40776 0.377083
0.400713 0.37462
0.408594 0.3675
0.418642 0.363048
0.414348 0.356458
0.407858 0.357132
0.401823 0.357639
0.397582 0.364583
0.390662 0.367679
0.388281 0.375972
0.394886 0.381023
0.387031 0.385375
0.379297 0.387031
0.3733 0.389044
0.367101 0.389028
0.361488 0.382408
0.37017 0.37875
0.379141 0.377875
0.381563 0.369625
0.371662 0.369091
0.362947 0.37124
0.361249 0.36118
0.368034 0.356667
0.374959 0.360724
0.381676 0.359318
0.389844 0.357566
0.395482 0.351359
0.404253 0.3475
0.41126 0.345906
0.409827 0.334304
0.40455 0.336985
0.398594 0.339375
0.391338 0.341033
0.385469 0.35
0.381538 0.342961
0.375484 0.349107
0.36875 0.34425
0.361688 0.348847
0.363546 0.337168
0.373281 0.336125
0.379642 0.333456
0.386328 0.333125
0.393266 0.328869
0.400497 0.32625
0.407215 0.324485
0.406734 0.315417
0.40093 0.309226
0.407934 0.30419
0.410323 0.293055
0.402919 0.295461
0.397135 0.298056
0.39029 0.29756
0.384766 0.292656
0.380382 0.285972
0.38737 0.282083
0.393359 0.277656
0.399826 0.276944
0.395312 0.2875
0.404129 0.284583
0.411177 0.282618
0.415183 0.276012
0.406463 0.272159
0.411435 0.264318
0.41894 0.266793
0.424965 0.260174
0.41852 0.255221
0.412546 0.252868
0.406823 0.25525
0.403824 0.248224
0.398151 0.245431
0.393794 0.249552
0.388541 0.256671
0.394878 0.260278
0.4018 0.262228
0.394899 0.269044
0.38776 0.269167
0.382788 0.265109
0.379626 0.274575
0.374516 0.283523
0.371305 0.293589
0.377266 0.296875
0.38342 0.303056
0.375955 0.307639
0.368977 0.303828
0.365617 0.314496
0.372135 0.315972
0.380816 0.313889
0.388125 0.311375
0.394141 0.307187
0.39517 0.317955
0.386484 0.322
0.378437 0.3235
0.370647 0.32625
0.363895 0.326555
0.321285 0.320627
0.315703 0.315875
0.308594 0.3175
0.308452 0.306818
0.31467 0.303472
0.320628 0.306326
0.319735 0.29381
0.311406 0.294
0.305009 0.293015
0.301333 0.300809
0.29721 0.293512
0.29098 0.296591
0.290469 0.28525
0.284697 0.284485
0.280703 0.27825
0.290278 0.274722
0.295747 0.280694
0.301525 0.281607
0.307858 0.282868
0.314186 0.283487
0.320083 0.282547
0.320014 0.271651
0.313939 0.271513
0.307936 0.271513
0.301425 0.270074
0.296423 0.265987
0.290278 0.263889
0.284297 0.266875
0.277051 0.260781
0.271829 0.254338
0.275 0.247344
0.281138 0.253155
0.28724 0.25375
0.294696 0.254803
0.301897 0.251845
0.304427 0.260556
0.310751 0.258512
0.317898 0.260568
0.31792 0.250033
0.310298 0.246818
0.3044 0.241118
0.295573 0.244107
0.289021 0.243355
0.282813 0.24
0.276786 0.239464
0.269903 0.238512
0.264766 0.244375
0.259555 0.250288
0.256597 0.241944
0.249361 0.241477
0.24158 0.237361
0.234581 0.234276
0.227637 0.2325
0.219531 0.23425
0.213438 0.23675
0.207278 0.243355
0.19591 0.242721
0.188465 0.240221
0.193066 0.233594
0.200849 0.234728
0.207188 0.231125
0.214062 0.224432
0.222903 0.224145
0.230573 0.22475
0.238628 0.226111
0.246307 0.229545
0.253764 0.231023
0.261049 0.232917
0.265625 0.227222
0.271777 0.226875
0.277528 0.230515
0.283676 0.225461
0.287988 0.231719
0.293672 0.230625
0.299586 0.235221
0.299902 0.225156
0.306328 0.228375
0.311225 0.23375
0.317545 0.240098
0.317378 0.229839
0.318094 0.218905
0.3125 0.21875
0.305633 0.217303
0.297564 0.216838
0.290811 0.218869
0.283594 0.21625
0.276875 0.218625
0.269531 0.217083
0.26213 0.21796
0.256172 0.219375
0.250123 0.218487
0.243192 0.217917
0.235156 0.217083
0.227552 0.216417
0.21875 0.216528
0.208949 0.2175
0.201969 0.22045
0.194696 0.224803
0.194824 0.216093
0.186719 0.2175
0.178711 0.216562
0.170859 0.216875
0.16125 0.216875
0.152121 0.217917
0.145436 0.218487
0.139017 0.217868
0.133789 0.219063
0.128559 0.219306
0.122761 0.216583
0.11375 0.216875
0.106127 0.218487
0.100414 0.219191
0.0954928 0.216827
0.090332 0.218594
0.0842014 0.218194
0.0777605 0.216416
0.0764246 0.223456
0.0693668 0.217303
0.0625 0.2175
0.05588 0.217566
0.0493832 0.220197
0.0440104 0.217639
0.0367188 0.217083
0.02875 0.217625
0.0206861 0.217445
0.0182018 0.22682
0.0256392 0.228977
0.0326746 0.226544
0.0395833 0.226806
0.0447151 0.23125
0.0500868 0.236528
0.0428977 0.241477
0.0347842 0.236369
0.0359035 0.246793
0.0274796 0.250598
0.0274182 0.239702
0.0188216 0.237705
0.0191233 0.247191
0.0167042 0.25642
0.0225142 0.260341
0.0302083 0.260417
0.0364211 0.258631
0.0431108 0.253523
0.0504523 0.248618
0.0556424 0.243611
0.0634651 0.241544
0.0584896 0.23525
0.0536458 0.227917
0.0619531 0.227625
0.0693668 0.227697
0.0688879 0.236985
0.0753906 0.243125
0.0696057 0.248988
0.0618107 0.250809
0.0568576 0.256389
0.049301 0.259145
0.0546875 0.26625
0.0490104 0.270083
0.0433854 0.265083
0.0393229 0.271607
0.0329359 0.271513
0.0270508 0.270469
0.0223805 0.274338
0.0166504 0.268881
0.0165338 0.281538
0.0244318 0.284432
0.03125 0.284432
0.038125 0.282625
0.0460018 0.278162
0.0460938 0.28625
0.0418229 0.292083
0.0360754 0.294044
0.0310938 0.298917
0.0251234 0.294276
0.0161179 0.29323
0.0200827 0.30125
0.014984 0.30798
0.0204241 0.315298
0.0143807 0.321328
0.0178977 0.328977
0.0136533 0.33929
0.0198989 0.341838
0.0181526 0.350221
0.0134483 0.354645
0.0132008 0.365937
0.0192188 0.368
0.0264757 0.372361
0.0225781 0.379375
0.0144381 0.37768
End
