1000 300
0.207327 0.401009
0.208794 0.384608
0.2145 0.381173
0.220273 0.384849
0.223696 0.374157
0.228773 0.376061
0.2335 0.383333
0.238773 0.381818
0.243509 0.376967
0.253622 0.368096
0.25621 0.376401
0.266548 0.37373
0.271889 0.371481
0.274784 0.377803
0.277727 0.375095
0.281198 0.371008
0.284346 0.377676
0.289409 0.379091
0.293447 0.373772
0.297721 0.372721
0.302553 0.370965
0.306735 0.366373
0.311885 0.368777
0.321549 0.368612
0.325554 0.37057
0.336071 0.371667
0.340409 0.375758
0.345543 0.383696
0.350833 0.385417
0.356833 0.381852
0.360874 0.380106
0.365 0.385
0.369342 0.385877
0.37315 0.392667
0.376816 0.390614
0.3804 0.394667
0.383447 0.387632
0.387342 0.382193
0.392389 0.379444
0.396543 0.382826
0.401357 0.379444
0.406375 0.382778
0.410756 0.38624
0.4202 0.390776
0.426258 0.387457
0.423763 0.399211
0.427246 0.407352
0.42 0.41
0.423658 0.415877
0.42773 0.423579
0.42093 0.428063
0.410642 0.429926
0.405682 0.436667
0.397881 0.43627
0.392651 0.448532
0.397422 0.449662
0.402631 0.446449
0.409469 0.446238
0.420415 0.445757
0.424111 0.437407
0.427861 0.436035
0.436836 0.430145
0.4411 0.429933
0.44569 0.43415
0.450744 0.435236
0.45662 0.436594
0.45975 0.429167
0.454 0.423485
0.450045 0.41697
0.445548 0.419444
0.437005 0.4118
0.441417 0.411389
0.446891 0.404275
0.453357 0.405
0.462763 0.40921
0.457935 0.41471
0.463889 0.420741
0.468417 0.418611
0.47275 0.409405
0.478636 0.407273
0.483587 0.404855
0.488452 0.404682
0.494456 0.397464
0.490794 0.393627
0.486786 0.388016
0.481196 0.392391
0.47526 0.395133
0.4679 0.401533
0.462643 0.396111
0.457591 0.398636
0.4513 0.393167
0.44755 0.388667
0.44242 0.394333
0.437595 0.395233
0.436006 0.380045
0.4403 0.377533
0.44529 0.378509
0.45437 0.383261
0.459891 0.384275
0.466345 0.385857
0.471731 0.385897
0.478917 0.380278
0.484342 0.377807
0.491342 0.380439
0.49702 0.3826
0.502026 0.389211
0.498611 0.400185
0.50325 0.400417
0.507605 0.396404
0.512423 0.390897
0.507682 0.382879
0.515591 0.378485
0.519457 0.38558
0.528375 0.394597
0.532171 0.39231
0.541474 0.4
0.546625 0.395694
0.55062 0.3886
0.555548 0.389603
0.560369 0.39442
0.565846 0.394103
0.572011 0.391315
0.5801 0.394973
0.5855 0.397727
0.591727 0.401818
0.598273 0.398939
0.602364 0.391677
0.612223 0.391555
0.616675 0.399947
0.627473 0.394877
0.632452 0.392302
0.637 0.398611
0.641208 0.390139
0.64658 0.393
0.651643 0.393095
0.657203 0.401543
0.664567 0.403666
0.671227 0.39697
0.666891 0.389348
0.661154 0.389487
0.655804 0.38471
0.658675 0.373017
0.652273 0.374242
0.64795 0.374333
0.6443 0.378
0.6403 0.372333
0.636167 0.38125
0.6304 0.379333
0.625969 0.378921
0.614901 0.378424
0.61043 0.372717
0.601534 0.375264
0.5979 0.381
0.594283 0.387319
0.589333 0.386667
0.584583 0.381944
0.579198 0.381356
0.574997 0.382424
0.56945 0.3775
0.565278 0.38037
0.56002 0.379133
0.554136 0.376061
0.548182 0.371364
0.544848 0.379493
0.541166 0.385794
0.532083 0.376207
0.527866 0.376562
0.519404 0.369424
0.511833 0.370972
0.5065 0.369035
0.50226 0.374867
0.49825 0.366667
0.494079 0.367983
0.489547 0.368175
0.485971 0.363039
0.48165 0.366
0.475542 0.37125
0.469938 0.370911
0.462171 0.369568
0.457038 0.370686
0.450186 0.371181
0.443929 0.365635
0.436106 0.366913
0.439444 0.358704
0.434637 0.354674
0.424818 0.349395
0.421342 0.344123
0.417286 0.341198
0.408103 0.338535
0.402208 0.337361
0.3945 0.338333
0.389283 0.339348
0.38495 0.347833
0.379364 0.35303
0.37535 0.351167
0.371342 0.346053
0.364704 0.351958
0.361274 0.350576
0.358626 0.353427
0.35365 0.350297
0.355718 0.342927
0.353375 0.337917
0.350875 0.339583
0.348375 0.337917
0.345875 0.337917
0.343389 0.336111
0.341056 0.338333
0.3385 0.335952
0.335375 0.337917
0.332669 0.33985
0.337625 0.344583
0.335152 0.348773
0.3405 0.348333
0.343375 0.347917
0.346833 0.347593
0.349955 0.349545
0.344833 0.35537
0.347996 0.358993
0.351613 0.358972
0.356886 0.361678
0.362039 0.360457
0.365456 0.364243
0.368331 0.356677
0.372976 0.362937
0.382389 0.359815
0.3875 0.359603
0.3919 0.351333
0.398154 0.347949
0.4035 0.352361
0.408965 0.352969
0.418307 0.358364
0.422447 0.362544
0.425783 0.370802
0.419986 0.375797
0.409715 0.368218
0.4041 0.367133
0.39842 0.365133
0.393935 0.363696
0.389618 0.370294
0.383595 0.372619
0.3785 0.373333
0.3737 0.376
0.368342 0.373421
0.362836 0.370017
0.35927 0.367999
0.353682 0.372424
0.348311 0.369789
0.34419 0.366323
0.341395 0.359081
0.33814 0.35679
0.334205 0.358333
0.324078 0.350163
0.319951 0.34993
0.310948 0.348001
0.306778 0.345556
0.303134 0.34091
0.300625 0.33875
0.2975 0.342619
0.295167 0.339815
0.292625 0.342083
0.2895 0.338333
0.286487 0.341622
0.283522 0.339667
0.281185 0.336121
0.278687 0.340957
0.274879 0.342745
0.269 0.346212
0.274026 0.354649
0.279444 0.353148
0.2835 0.355909
0.289171 0.348974
0.293 0.351
0.297 0.351
0.300629 0.348281
0.3091 0.357889
0.30332 0.356842
0.299045 0.358915
0.295539 0.359048
0.293373 0.361287
0.290522 0.359196
0.28685 0.364833
0.277221 0.364381
0.270111 0.360556
0.266308 0.359196
0.255414 0.353465
0.244021 0.358168
0.240767 0.367222
0.236976 0.36627
0.232452 0.365952
0.226534 0.363081
0.223494 0.361639
0.220828 0.363215
0.218175 0.370824
0.211277 0.369492
0.207914 0.364552
0.215034 0.361294
0.218833 0.358333
0.2167 0.351667
0.212508 0.350809
0.203327 0.34719
0.21078 0.338619
0.214907 0.331694
0.2187 0.335
0.223071 0.335476
0.2267 0.339333
0.2245 0.342619
0.221375 0.342083
0.2155 0.341667
0.219056 0.346111
0.2223 0.351667
0.2255 0.351667
0.228406 0.353884
0.231094 0.35185
0.23471 0.352612
0.237635 0.34896
0.240568 0.349633
0.243317 0.34173
0.239 0.339
0.2355 0.341667
0.232625 0.344583
0.229409 0.340455
0.232167 0.33537
0.236167 0.332407
0.240833 0.330185
0.242929 0.330714
0.245104 0.332346
0.254334 0.338575
0.255933 0.326294
0.252481 0.319882
0.244368 0.320859
0.238318 0.325606
0.233833 0.327593
0.230375 0.327917
0.228 0.328333
0.2255 0.328333
0.221786 0.329762
0.222056 0.322778
0.2185 0.325
0.214774 0.321417
0.206769 0.320508
0.212424 0.311464
0.217136 0.314697
0.2207 0.315
0.225136 0.31803
0.2285 0.318333
0.2315 0.318333
0.234375 0.31875
0.2365 0.315833
0.2398 0.315333
0.242227 0.314091
0.238 0.308333
0.234125 0.3075
0.2315 0.308333
0.2285 0.31
0.2255 0.308333
0.222786 0.308333
0.220389 0.303889
0.218 0.305
0.215136 0.304697
0.210438 0.296059
0.214833 0.294722
0.2185 0.295952
0.222611 0.297222
0.225375 0.29875
0.228833 0.302037
0.2318 0.297333
0.236 0.301
0.239625 0.30125
0.242375 0.30125
0.24449 0.306903
0.25195 0.308222
0.256672 0.307575
0.251 0.300896
0.253517 0.296127
0.250635 0.29116
0.243682 0.293119
0.239944 0.292778
0.236682 0.290758
0.233591 0.289545
0.229833 0.287963
0.227722 0.293519
0.2248 0.288
0.2205 0.290714
0.216833 0.287963
0.212997 0.281227
0.216625 0.27875
0.2195 0.281667
0.2225 0.284048
0.227 0.281667
0.230833 0.280185
0.2285 0.274048
0.225375 0.274583
0.2225 0.275
0.219115 0.269872
0.215833 0.270926
0.213656 0.256725
0.218792 0.257401
0.2217 0.263333
0.2245 0.265
0.2277 0.264667
0.230833 0.267963
0.235 0.268333
0.23775 0.264167
0.241127 0.261196
0.239512 0.254396
0.237 0.255
0.234625 0.257917
0.232125 0.260417
0.2303 0.253333
0.227722 0.253889
0.225071 0.256429
0.223 0.251667
0.219918 0.246922
0.223625 0.242083
0.221065 0.237057
0.226625 0.235417
0.223959 0.230472
0.228071 0.227381
0.225625 0.222083
0.2283 0.218
0.219606 0.210288
0.228624 0.204273
0.236608 0.198699
0.234 0.211
0.231389 0.21463
0.2375 0.216667
0.241101 0.211457
0.244905 0.216937
0.241136 0.221364
0.234722 0.220556
0.232 0.225
0.23 0.231667
0.2325 0.233333
0.235722 0.230556
0.2385 0.228333
0.241375 0.23125
0.245333 0.228056
0.247167 0.236667
0.2435 0.236667
0.2385 0.236667
0.234944 0.239444
0.231375 0.24125
0.228929 0.240714
0.2265 0.245
0.232786 0.248333
0.235375 0.247917
0.2385 0.245
0.241266 0.242778
0.244933 0.24633
0.249192 0.243205
0.252269 0.25
0.2487 0.255
0.245809 0.255573
0.251864 0.261364
0.247878 0.26459
0.253622 0.270773
0.250625 0.27125
0.248189 0.274716
0.241605 0.27164
0.238625 0.272083
0.233056 0.275741
0.235611 0.279444
0.2387 0.281333
0.241375 0.285417
0.243002 0.280388
0.250202 0.281864
0.253375 0.28125
0.255392 0.287803
0.271038 0.28219
0.27575 0.2825
0.2795 0.285
0.282389 0.286111
0.285167 0.290185
0.288625 0.29125
0.291625 0.285417
0.294375 0.286667
0.300086 0.289318
0.302004 0.281166
0.29875 0.279167
0.2965 0.281667
0.29325 0.2775
0.289375 0.28125
0.2865 0.281667
0.28375 0.2775
0.281375 0.274583
0.278986 0.275739
0.275709 0.271744
0.278443 0.269154
0.2813 0.265
0.284214 0.265
0.285786 0.271667
0.288375 0.272083
0.2915 0.271667
0.2968 0.271333
0.294167 0.267593
0.290214 0.265
0.288214 0.26119
0.286071 0.259286
0.283625 0.255417
0.280375 0.256667
0.276354 0.253193
0.2825 0.248333
0.2858 0.247333
0.290944 0.246852
0.294625 0.243333
0.297 0.239583
0.292 0.237667
0.288 0.241
0.282862 0.235317
0.287978 0.23208
0.291927 0.228951
0.295715 0.231208
0.299787 0.232739
0.305774 0.237569
0.312584 0.245847
0.301035 0.242348
0.29825 0.24625
0.2935 0.250714
0.288625 0.252083
0.291625 0.257917
0.2945 0.259286
0.296611 0.25537
0.2995 0.255
0.302464 0.253689
0.305984 0.260309
0.29925 0.264722
0.301825 0.270605
0.309983 0.271163
0.324368 0.27103
0.314583 0.283664
0.311571 0.28975
0.30428 0.29212
0.300774 0.299648
0.297611 0.29463
0.295375 0.29375
0.291864 0.295303
0.2878 0.299
0.284375 0.29875
0.280864 0.295303
0.276864 0.29197
0.273269 0.295769
0.277 0.301
0.28125 0.30375
0.279214 0.308333
0.2741 0.306667
0.270251 0.304953
0.267516 0.313192
0.272773 0.315
0.276833 0.312407
0.281167 0.31463
0.285167 0.31537
0.283929 0.307381
0.286875 0.309167
0.2893 0.31
0.293 0.311667
0.291944 0.303889
0.2955 0.305
0.298375 0.305417
0.302041 0.308546
0.30626 0.306812
0.315735 0.300742
0.319439 0.312374
0.316097 0.318121
0.307545 0.321081
0.303043 0.323456
0.302111 0.316576
0.2985 0.315
0.2957 0.316667
0.291214 0.318333
0.2885 0.320714
0.286 0.325
0.282833 0.322037
0.279375 0.322083
0.276136 0.32197
0.2718 0.322154
0.268868 0.332719
0.272599 0.331818
0.275538 0.331491
0.2787 0.331333
0.283214 0.329762
0.286875 0.3325
0.292357 0.334048
0.290167 0.327963
0.293389 0.323889
0.298375 0.324583
0.30075 0.3275
0.295722 0.329444
0.2985 0.334048
0.304259 0.332085
0.309488 0.333375
0.31788 0.333783
0.32165 0.330405
0.332498 0.326897
0.335 0.326667
0.337214 0.328333
0.34 0.326667
0.3428 0.322333
0.345136 0.326818
0.348375 0.32875
0.352389 0.329074
0.355779 0.3311
0.35919 0.336659
0.363031 0.337188
0.36725 0.338167
0.372868 0.333246
0.378 0.337778
0.38329 0.335526
0.387342 0.327281
0.392455 0.324091
0.397615 0.325513
0.402548 0.322936
0.407356 0.323463
0.416256 0.327807
0.422008 0.328716
0.420949 0.312579
0.41695 0.311
0.413392 0.315641
0.409198 0.306468
0.404904 0.307516
0.401342 0.309416
0.39697 0.308514
0.400229 0.30061
0.40388 0.297996
0.412625 0.296111
0.417254 0.294825
0.406732 0.291593
0.402045 0.290455
0.398273 0.292351
0.394029 0.293824
0.390071 0.293347
0.385427 0.297358
0.381662 0.291584
0.379272 0.293897
0.3765 0.291667
0.373625 0.29
0.3705 0.289286
0.367278 0.290556
0.364929 0.293095
0.3615 0.294048
0.359125 0.297083
0.363667 0.298889
0.367625 0.30125
0.369786 0.297857
0.3725 0.298333
0.376 0.301
0.378957 0.306513
0.383056 0.307963
0.388735 0.306569
0.39269 0.309127
0.3865 0.316765
0.381318 0.322727
0.377079 0.322018
0.372438 0.319372
0.368335 0.325599
0.364 0.322749
0.360086 0.323421
0.355774 0.323285
0.350389 0.322778
0.347625 0.31875
0.352625 0.317917
0.355996 0.31566
0.359375 0.314583
0.362167 0.315556
0.365625 0.314583
0.368605 0.31532
0.374941 0.30985
0.372375 0.307917
0.369786 0.308333
0.365929 0.305952
0.363333 0.308889
0.361375 0.304583
0.3581 0.306333
0.355318 0.302273
0.351214 0.301667
0.347833 0.30463
0.353167 0.308704
0.35 0.311667
0.346125 0.3125
0.343375 0.312083
0.340625 0.315417
0.3373 0.318333
0.329769 0.315012
0.333553 0.312914
0.336357 0.310714
0.339 0.306667
0.344375 0.303333
0.341611 0.302778
0.335719 0.301466
0.327093 0.299373
0.331455 0.295435
0.337636 0.293519
0.340814 0.294367
0.3453 0.295
0.348875 0.297083
0.3525 0.294167
0.354625 0.29125
0.3575 0.29
0.361 0.286667
0.364214 0.285
0.3685 0.281667
0.365056 0.277963
0.3615 0.28
0.358625 0.277917
0.35625 0.279583
0.353786 0.283571
0.3505 0.287381
0.348071 0.289286
0.343944 0.287222
0.340376 0.28361
0.334983 0.282112
0.3433 0.278333
0.347 0.281
0.350625 0.27875
0.3533 0.274667
0.3487 0.271667
0.345786 0.271667
0.343333 0.268889
0.340239 0.271421
0.336057 0.262094
0.341419 0.261685
0.345136 0.261364
0.348375 0.262083
0.351591 0.263788
0.3543 0.263333
0.356625 0.26875
0.359 0.268333
0.361375 0.272083
0.363667 0.268889
0.366625 0.27125
0.369071 0.270714
0.3713 0.27
0.374214 0.266429
0.377375 0.265417
0.3805 0.267667
0.3828 0.262
0.3872 0.260667
0.3905 0.26
0.395765 0.258733
0.393167 0.25463
0.39 0.251667
0.385682 0.253182
0.383167 0.249815
0.380786 0.253095
0.378611 0.257222
0.374375 0.25875
0.370944 0.259444
0.367625 0.262083
0.3645 0.261667
0.361625 0.262083
0.356625 0.257917
0.359278 0.257222
0.365786 0.255
0.368375 0.252083
0.372 0.251667
0.376056 0.252407
0.379786 0.246429
0.376722 0.242778
0.373625 0.244583
0.37 0.244333
0.366 0.244333
0.3633 0.25
0.360722 0.249444
0.3565 0.249286
0.3535 0.251667
0.350167 0.25463
0.3453 0.253
0.34076 0.251312
0.343715 0.244159
0.347591 0.246212
0.3507 0.245
0.3545 0.242619
0.3582 0.242667
0.3525 0.237381
0.345856 0.23487
0.349409 0.233788
0.355944 0.234259
0.359625 0.235833
0.3625 0.238333
0.365214 0.235476
0.367625 0.234583
0.370833 0.236111
0.374875 0.235833
0.3778 0.230667
0.3745 0.228333
0.371375 0.22875
0.368214 0.226905
0.363611 0.227963
0.360625 0.227917
0.357389 0.226111
0.35325 0.229583
0.3515 0.225
0.354833 0.220926
0.347242 0.209799
0.355531 0.208628
0.35988 0.213919
0.359896 0.219841
0.362409 0.217121
0.3655 0.22
0.368833 0.219444
0.371375 0.217917
0.3735 0.221667
0.3764 0.218684
0.378805 0.214061
0.37385 0.210072
0.370497 0.208343
0.3675 0.214048
0.364389 0.208704
0.36739 0.203244
0.377352 0.201466
0.38462 0.205028
0.381028 0.20894
0.389282 0.213375
0.38575 0.217222
0.382591 0.219545
0.379625 0.223333
0.3815 0.23
0.385167 0.227963
0.388864 0.224697
0.392942 0.221581
0.39933 0.22547
0.395516 0.232007
0.392663 0.233202
0.390625 0.232083
0.38725 0.234167
0.383389 0.237222
0.38 0.239
0.385625 0.242083
0.38825 0.244167
0.390625 0.24125
0.393907 0.243637
0.396945 0.24663
0.401752 0.24486
0.40632 0.254421
0.409854 0.266219
0.404447 0.266754
0.400413 0.262826
0.396292 0.269422
0.393389 0.266111
0.39 0.267667
0.385056 0.269074
0.387682 0.274394
0.3835 0.275
0.377833 0.27463
0.374167 0.27463
0.371833 0.281296
0.376 0.282333
0.379722 0.281296
0.381929 0.280714
0.384506 0.283852
0.386971 0.286335
0.389668 0.282807
0.39188 0.276756
0.395079 0.279972
0.400538 0.280953
0.404604 0.280203
0.409643 0.280556
0.413966 0.278673
0.423883 0.274794
0.426432 0.277009
0.429722 0.27463
0.432278 0.272778
0.436167 0.27463
0.439778 0.271925
0.43787 0.265245
0.4345 0.267381
0.428167 0.267963
0.424378 0.265408
0.421614 0.264459
0.4264 0.259333
0.422267 0.25623
0.418472 0.252622
0.420929 0.250238
0.425 0.251
0.429136 0.248636
0.4325 0.245
0.427375 0.24125
0.430214 0.238333
0.433071 0.235476
0.428375 0.23125
0.425625 0.23125
0.423 0.235
0.424625 0.242083
0.421278 0.241296
0.418502 0.239738
0.415478 0.243482
0.411178 0.230208
0.423811 0.213011
0.433459 0.207654
0.431786 0.229762
0.435625 0.23125
0.438409 0.232879
0.442056 0.233889
0.445526 0.236545
0.449512 0.235391
0.4408 0.240667
0.435375 0.24125
0.438167 0.24537
0.4355 0.25
0.432625 0.254583
0.429375 0.257917
0.43175 0.2625
0.4355 0.258333
0.438391 0.254583
0.441372 0.252381
0.443864 0.246515
0.446591 0.250455
0.4493 0.253333
0.444272 0.258539
0.451171 0.261058
0.447005 0.2634
0.449153 0.269178
0.45338 0.272476
0.45008 0.277638
0.441184 0.279164
0.437944 0.282407
0.433375 0.28125
0.4303 0.284667
0.427228 0.288424
0.430079 0.295353
0.433375 0.292083
0.4355 0.286667
0.439625 0.28875
0.442379 0.28791
0.443722 0.29581
0.44 0.296667
0.436591 0.297121
0.433167 0.301296
0.429848 0.304563
0.431366 0.312562
0.433667 0.310556
0.435786 0.307857
0.438375 0.30875
0.440389 0.304259
0.443975 0.303365
0.443493 0.310661
0.445759 0.31287
0.441482 0.315539
0.4385 0.318333
0.4355 0.318333
0.432161 0.321126
0.433473 0.328755
0.436442 0.328836
0.439262 0.329229
0.442021 0.32486
0.446352 0.329716
0.443711 0.339386
0.433778 0.339595
0.43835 0.3435
0.442559 0.351078
0.447294 0.353118
0.458614 0.356737
0.461969 0.347845
0.470326 0.355444
0.474773 0.354545
0.479024 0.355159
0.483976 0.350397
0.489441 0.353607
0.494459 0.351775
0.49985 0.354167
0.504127 0.35661
0.508175 0.356517
0.512303 0.356896
0.517539 0.358851
0.52669 0.356142
0.531215 0.361731
0.540262 0.368456
0.5436 0.360667
0.55235 0.3635
0.557224 0.362747
0.561428 0.365805
0.564788 0.365627
0.568875 0.363125
0.573455 0.367424
0.578208 0.363055
0.581778 0.368889
0.585909 0.364697
0.590542 0.371805
0.595409 0.367879
0.599831 0.360748
0.5935 0.354444
0.588848 0.353696
0.58263 0.351232
0.574974 0.351667
0.570938 0.352917
0.56603 0.35204
0.563167 0.355
0.560378 0.357905
0.557016 0.35192
0.552441 0.350882
0.547868 0.355702
0.539479 0.351821
0.530484 0.346246
0.530087 0.3337
0.525566 0.336543
0.517414 0.33046
0.511495 0.333453
0.506561 0.334737
0.509611 0.339074
0.513855 0.34411
0.518454 0.345667
0.510488 0.348295
0.507287 0.346057
0.504483 0.344557
0.501566 0.337552
0.49798 0.340739
0.495284 0.336502
0.492625 0.337917
0.490769 0.343277
0.487745 0.339036
0.484155 0.336371
0.480079 0.338684
0.475455 0.339242
0.470604 0.339549
0.457973 0.336964
0.460762 0.327276
0.45693 0.315575
0.461548 0.304963
0.456066 0.297288
0.452623 0.286208
0.459846 0.279959
0.474161 0.284732
0.479226 0.281594
0.484667 0.281111
0.482167 0.277593
0.478116 0.270536
0.4817 0.268333
0.4853 0.271667
0.488375 0.272083
0.4915 0.275
0.4935 0.270714
0.496625 0.274583
0.499278 0.273889
0.503056 0.272778
0.505167 0.269444
0.5065 0.266667
0.509786 0.269762
0.5125 0.275
0.515389 0.273889
0.519064 0.274583
0.523742 0.276207
0.517026 0.282042
0.515051 0.28803
0.512167 0.28463
0.508 0.285
0.509625 0.277917
0.506 0.278333
0.501333 0.278889
0.4945 0.28
0.487625 0.28125
0.490214 0.281667
0.492333 0.285556
0.496625 0.285417
0.499375 0.285417
0.502611 0.286111
0.505167 0.289074
0.49975 0.29375
0.496375 0.294583
0.4932 0.292333
0.489136 0.29197
0.4859 0.289333
0.4825 0.288333
0.479086 0.2924
0.473852 0.300006
0.481525 0.30059
0.484167 0.297593
0.488167 0.300926
0.485786 0.305
0.4905 0.305741
0.493 0.301
0.4975 0.301667
0.501625 0.29875
0.504375 0.297917
0.5082 0.296667
0.510389 0.292778
0.513836 0.296349
0.520723 0.290679
0.525403 0.290613
0.535265 0.292009
0.538375 0.292083
0.54225 0.290833
0.5455 0.288333
0.5485 0.285
0.543 0.281667
0.54 0.285
0.536864 0.281364
0.533092 0.276972
0.53675 0.272917
0.540833 0.27537
0.546 0.277667
0.549375 0.274583
0.551833 0.278704
0.5555 0.274333
0.558071 0.275952
0.5605 0.276667
0.565625 0.273333
0.568375 0.272083
0.572214 0.273571
0.575389 0.272778
0.577765 0.276765
0.580668 0.276639
0.586543 0.27557
0.584313 0.282627
0.589011 0.283041
0.595916 0.277955
0.59996 0.272985
0.59054 0.267938
0.587064 0.263307
0.583488 0.265931
0.578927 0.267584
0.5765 0.263317
0.580725 0.25954
0.57817 0.254618
0.5745 0.257381
0.572214 0.254524
0.569625 0.257917
0.566357 0.254048
0.5635 0.257381
0.567 0.261667
0.5727 0.265
0.569833 0.267222
0.564375 0.266667
0.562071 0.265952
0.56 0.26875
0.557056 0.264259
0.5529 0.269333
0.5495 0.266667
0.5465 0.268333
0.54375 0.269583
0.539056 0.267593
0.541625 0.264583
0.545136 0.258636
0.5485 0.258333
0.551375 0.26
0.5545 0.260021
0.559375 0.25875
0.556086 0.254079
0.552625 0.252083
0.550375 0.247917
0.547346 0.247788
0.543821 0.248715
0.541047 0.254195
0.530759 0.25519
0.522027 0.261838
0.518105 0.265287
0.513611 0.26537
0.510357 0.262619
0.507786 0.261667
0.503375 0.26125
0.500625 0.265417
0.49625 0.265833
0.4905 0.265952
0.492786 0.261667
0.488389 0.260556
0.4853 0.262
0.4827 0.258
0.478964 0.258472
0.482275 0.247858
0.4865 0.251667
0.491 0.254333
0.495375 0.257917
0.498389 0.259444
0.500625 0.254583
0.5035 0.251667
0.506611 0.25463
0.51125 0.255833
0.514722 0.257222
0.51749 0.256323
0.519772 0.249199
0.5165 0.245
0.5135 0.248333
0.51 0.248333
0.507 0.245
0.504375 0.24125
0.501611 0.242778
0.496167 0.243148
0.498722 0.247593
0.494611 0.250185
0.491786 0.246429
0.488591 0.242879
0.48517 0.240668
0.492 0.239
0.486861 0.230049
0.4905 0.23
0.494192 0.23141
0.4975 0.235
0.500125 0.235833
0.502625 0.23125
0.505375 0.23125
0.507611 0.23463
0.5104 0.237667
0.513375 0.23875
0.514833 0.233889
0.5179 0.236611
0.524804 0.231391
0.515722 0.226852
0.51175 0.229167
0.5092 0.224
0.512056 0.220556
0.5076 0.216
0.505375 0.222083
0.5025 0.221
0.4995 0.225
0.496591 0.222879
0.492772 0.219653
0.499864 0.214697
0.496007 0.209421
0.503945 0.210714
0.508806 0.193033
0.518294 0.207792
0.547879 0.214033
0.564727 0.208005
0.570177 0.208396
0.581196 0.20394
0.5755 0.216481
0.5725 0.215645
0.567682 0.217727
0.5644 0.223
0.562375 0.219167
0.559416 0.220323
0.55627 0.224514
0.5593 0.231667
0.5627 0.231667
0.5673 0.228333
0.5705 0.224333
0.573611 0.227238
0.5766 0.224333
0.578787 0.223396
0.581503 0.223988
0.591891 0.226953
0.584972 0.231854
0.580134 0.235139
0.576562 0.23453
0.574375 0.23875
0.571625 0.234583
0.569389 0.237963
0.566056 0.236481
0.563375 0.24125
0.560497 0.241657
0.557375 0.23875
0.554327 0.232235
0.551396 0.23204
0.548824 0.239079
0.552625 0.24125
0.555385 0.24458
0.558375 0.24875
0.561386 0.252047
0.5645 0.248333
0.567214 0.245
0.569625 0.24875
0.572375 0.245417
0.575375 0.24875
0.577626 0.2446
0.58081 0.246177
0.585654 0.247692
0.591433 0.250226
0.596036 0.258228
0.608485 0.259382
0.623344 0.257876
0.625393 0.250157
0.6285 0.251667
0.6315 0.25
0.634278 0.253889
0.637625 0.254583
0.64 0.251667
0.6425 0.251667
0.6455 0.254048
0.6475 0.256667
0.6495 0.259286
0.653625 0.25875
0.656447 0.258392
0.651722 0.253148
0.65587 0.248696
0.653375 0.244583
0.6505 0.244048
0.648389 0.246852
0.645625 0.245417
0.642611 0.241296
0.640643 0.23881
0.638389 0.243889
0.635136 0.244697
0.627622 0.239143
0.631167 0.238333
0.6365 0.234333
0.633833 0.233519
0.6315 0.228333
0.635167 0.2225
0.638278 0.222778
0.641045 0.217121
0.644 0.221667
0.647 0.217667
0.651625 0.215417
0.654071 0.214048
0.6559 0.215667
0.657786 0.211667
0.66025 0.210833
0.656046 0.203788
0.652625 0.205417
0.6495 0.209
0.6465 0.208333
0.643591 0.209545
0.6372 0.212333
0.630238 0.204682
0.640013 0.204766
0.647182 0.202787
0.650929 0.199286
0.643738 0.19408
0.647874 0.192602
0.652 0.191
0.653358 0.173781
0.663947 0.175549
0.658125 0.19375
0.654833 0.19537
0.6597 0.2
0.662409 0.202879
0.664984 0.206964
0.6674 0.215912
0.6625 0.216667
0.658395 0.221166
0.655527 0.225693
0.6525 0.225
0.6495 0.224333
0.646167 0.227963
0.642 0.228333
0.639214 0.231667
0.644643 0.236429
0.647625 0.235417
0.6505 0.235
0.653375 0.234583
0.655948 0.237795
0.660183 0.231069
0.66125 0.225
0.6645 0.224333
0.668251 0.229096
0.665 0.234583
0.662786 0.236429
0.661448 0.241964
0.667776 0.243487
0.664908 0.24701
0.662646 0.253803
0.666738 0.259803
0.663645 0.268542
0.669497 0.275608
0.657123 0.27037
0.6545 0.268333
0.6515 0.267667
0.649 0.268333
0.6465 0.266667
0.643833 0.261296
0.64 0.261667
0.6362 0.262667
0.6317 0.261667
0.6285 0.261667
0.625625 0.265417
0.622506 0.270807
0.624625 0.275417
0.6277 0.273333
0.630357 0.270714
0.634 0.269
0.638833 0.271296
0.642 0.268333
0.6445 0.272619
0.641167 0.277963
0.637071 0.276905
0.6346 0.279
0.6313 0.278333
0.638 0.284583
0.643389 0.282407
0.646333 0.279444
0.648 0.276667
0.650375 0.27875
0.652786 0.277857
0.65525 0.279167
0.657418 0.282313
0.666282 0.287857
0.672684 0.297627
0.666652 0.304921
0.657685 0.313481
0.655125 0.307083
0.650565 0.309467
0.647157 0.308288
0.643375 0.305417
0.6405 0.305
0.636375 0.305417
0.6337 0.304
0.629375 0.307917
0.626185 0.308949
0.6219 0.309667
0.617741 0.308203
0.620765 0.296274
0.625554 0.29709
0.628409 0.297121
0.631611 0.299444
0.638056 0.299074
0.6415 0.295952
0.644625 0.297917
0.647375 0.297917
0.649786 0.298809
0.652056 0.299544
0.653816 0.294548
0.657197 0.29327
0.653786 0.286905
0.651 0.288333
0.6485 0.288333
0.646 0.288333
0.6435 0.29
0.639944 0.289444
0.635944 0.292778
0.6335 0.289
0.630786 0.290238
0.629214 0.285
0.62675 0.28375
0.62451 0.286543
0.622029 0.28256
0.614138 0.286922
0.603019 0.288397
0.599506 0.292883
0.604507 0.301101
0.602453 0.311836
0.606554 0.31496
0.609233 0.327709
0.605747 0.332335
0.597004 0.329242
0.59037 0.328043
0.5865 0.324524
0.59407 0.319096
0.593878 0.307218
0.5885 0.308333
0.584132 0.311842
0.580132 0.305702
0.571699 0.305327
0.568174 0.306086
0.564456 0.308822
0.561675 0.305474
0.559216 0.310134
0.554735 0.308223
0.55061 0.312655
0.547622 0.312074
0.544389 0.31537
0.539591 0.310455
0.536537 0.310081
0.5425 0.308333
0.546 0.305
0.549625 0.302083
0.552516 0.299572
0.5553 0.296667
0.558 0.301667
0.56384 0.298894
0.5667 0.298333
0.562493 0.293533
0.560389 0.292037
0.557786 0.291667
0.564333 0.288333
0.566625 0.287917
0.569682 0.29197
0.572136 0.295682
0.576226 0.300129
0.583633 0.297222
0.591576 0.295241
0.586858 0.291323
0.58025 0.290208
0.574261 0.28972
0.576682 0.28502
0.573375 0.28125
0.5705 0.281667
0.567375 0.280833
0.563378 0.278762
0.560786 0.283571
0.556611 0.28463
0.55375 0.285833
0.5513 0.29
0.548375 0.294583
0.5448 0.297667
0.541375 0.29875
0.537826 0.301047
0.527527 0.304878
0.522519 0.304935
0.516162 0.310833
0.511617 0.304426
0.5065 0.303333
0.508419 0.309708
0.504394 0.31037
0.5016 0.309
0.498625 0.30875
0.4953 0.31
0.492786 0.311667
0.488375 0.312083
0.485625 0.315417
0.483275 0.310329
0.478409 0.309848
0.473306 0.312975
0.472258 0.32543
0.477409 0.324697
0.482359 0.323135
0.485169 0.32387
0.486625 0.32875
0.489625 0.33125
0.4923 0.328
0.497988 0.32853
0.495136 0.323182
0.488625 0.32125
0.491611 0.318704
0.497622 0.317905
0.500454 0.318158
0.503221 0.323465
0.506535 0.32267
0.509898 0.322348
0.514056 0.322222
0.52414 0.319256
0.528833 0.321386
0.537562 0.321801
0.5405 0.320556
0.542667 0.322778
0.547592 0.321463
0.555441 0.32049
0.559682 0.324287
0.562641 0.324674
0.566853 0.319902
0.571309 0.321508
0.5755 0.314524
0.57945 0.320833
0.582167 0.330397
0.575583 0.3325
0.567839 0.333068
0.564426 0.333738
0.561786 0.334524
0.559611 0.337222
0.557325 0.331008
0.551389 0.327407
0.545228 0.327363
0.541717 0.331084
0.538376 0.332924
0.540435 0.340135
0.544691 0.344841
0.54925 0.34
0.554071 0.338426
0.557226 0.342329
0.559786 0.348333
0.5625 0.345
0.566126 0.342365
0.5714 0.339
0.578818 0.34303
0.586 0.340758
0.592761 0.339927
0.598356 0.345957
0.610934 0.342228
0.608124 0.351635
0.612639 0.359307
0.624175 0.363592
0.627905 0.366959
0.632237 0.365526
0.636326 0.364565
0.642227 0.36
0.647079 0.358684
0.651072 0.357857
0.654958 0.3575
0.658833 0.355889
0.667939 0.355174
0.67134 0.365386
0.665801 0.375058
0.671588 0.38139
0.683731 0.380422
0.690082 0.381417
0.6942 0.381
0.697375 0.37875
0.6993 0.371667
0.694611 0.372037
0.691523 0.371638
0.687905 0.369233
0.684031 0.366429
0.690341 0.36165
0.693375 0.362083
0.6965 0.365
0.699591 0.360455
0.702611 0.359815
0.707 0.355667
0.710375 0.354583
0.711851 0.360828
0.708 0.364333
0.704611 0.366111
0.702125 0.370833
0.706936 0.372765
0.710657 0.370375
0.717873 0.368522
0.722976 0.364873
0.719763 0.355175
0.715575 0.350582
0.71183 0.346825
0.708389 0.346111
0.7055 0.347381
0.700625 0.34875
0.703375 0.352083
0.697389 0.353889
0.694611 0.353889
0.68938 0.353302
0.686113 0.353967
0.691864 0.349242
0.687898 0.344231
0.672047 0.345576
0.667866 0.337789
0.657889 0.341401
0.653262 0.337381
0.6495 0.342619
0.645889 0.335531
0.643068 0.33806
0.640921 0.342592
0.644477 0.348754
0.638574 0.348688
0.635336 0.348981
0.63174 0.346667
0.628222 0.354074
0.62525 0.345625
0.622116 0.341489
0.628932 0.33713
0.632625 0.337917
0.6355 0.338333
0.638611 0.337593
0.638 0.330556
0.634611 0.327963
0.6323 0.326
0.6297 0.326667
0.626101 0.329713
0.620296 0.324648
0.624128 0.320646
0.627682 0.318939
0.630875 0.314167
0.6335 0.315
0.6365 0.315
0.6393 0.314667
0.643214 0.313095
0.646066 0.31776
0.641944 0.319444
0.637125 0.32375
0.640625 0.327917
0.6435 0.328333
0.64736 0.326332
0.652545 0.322576
0.657473 0.326718
0.666875 0.321487
0.671056 0.321296
0.679967 0.323843
0.6895 0.3275
0.691625 0.324583
0.694278 0.322778
0.697375 0.32125
0.70075 0.321667
0.7043 0.316667
0.701786 0.315
0.696125 0.312917
0.691108 0.314346
0.693611 0.310556
0.698389 0.310185
0.700333 0.307778
0.7055 0.307381
0.702611 0.303889
0.695224 0.300833
0.697796 0.296641
0.700278 0.297222
0.705136 0.29803
0.701858 0.289316
0.705625 0.28875
0.707929 0.290714
0.7105 0.292333
0.713923 0.292627
0.716154 0.30205
0.7133 0.301333
0.708375 0.30125
0.710833 0.305741
0.717671 0.311599
0.7145 0.311667
0.711 0.312778
0.7075 0.311667
0.709167 0.318704
0.7125 0.32
0.714833 0.323519
0.717524 0.322849
0.720702 0.330012
0.713375 0.332083
0.7105 0.328333
0.7071 0.324333
0.704786 0.327857
0.70275 0.330417
0.699071 0.327857
0.700786 0.335
0.698214 0.335476
0.6953 0.331667
0.688019 0.335633
0.691591 0.337121
0.694125 0.340417
0.696389 0.343889
0.699167 0.343889
0.702786 0.341667
0.705375 0.33875
0.707625 0.334583
0.710375 0.337917
0.713625 0.34125
0.716619 0.337193
0.721787 0.344423
0.733582 0.349755
0.73765 0.348715
0.740507 0.347678
0.743483 0.345798
0.746374 0.345734
0.755441 0.344216
0.751454 0.3388
0.748535 0.339065
0.7457 0.334667
0.742625 0.334583
0.740389 0.337963
0.736919 0.340601
0.733983 0.338109
0.738 0.331667
0.735375 0.327917
0.732362 0.32936
0.731613 0.319677
0.735625 0.31875
0.738125 0.319167
0.739786 0.325
0.7425 0.325
0.745864 0.325303
0.7491 0.320667
0.753 0.319
0.756375 0.32125
0.760611 0.323889
0.758357 0.326888
0.753497 0.328569
0.7502 0.329
0.756258 0.332071
0.759571 0.336998
0.76293 0.332187
0.768076 0.328948
0.76595 0.325564
0.763643 0.324048
0.768375 0.31875
0.770958 0.322949
0.773575 0.319818
0.77765 0.323
0.782006 0.319595
0.786352 0.320828
0.794567 0.321891
0.790051 0.316846
0.786741 0.310298
0.783424 0.309597
0.779429 0.303879
0.776619 0.303194
0.7735 0.301667
0.771071 0.297381
0.768167 0.29463
0.764833 0.295741
0.7613 0.295333
0.758389 0.290926
0.75675 0.295417
0.753375 0.297917
0.749786 0.296429
0.7465 0.297381
0.743375 0.30125
0.740125 0.302917
0.74525 0.30625
0.748389 0.306111
0.750833 0.302222
0.755357 0.303095
0.757625 0.305417
0.761136 0.304697
0.7645 0.305
0.76725 0.30625
0.76975 0.304167
0.77445 0.311141
0.770389 0.312037
0.7655 0.315
0.7625 0.315
0.759389 0.313889
0.756214 0.313571
0.753375 0.30875
0.750625 0.312083
0.746625 0.315417
0.744214 0.314524
0.7417 0.314
0.7395 0.310714
0.7365 0.308333
0.733611 0.312778
0.729583 0.30924
0.732523 0.303548
0.727002 0.297601
0.734422 0.29672
0.7375 0.298333
0.740786 0.295
0.7435 0.291667
0.7465 0.29
0.749625 0.28875
0.752864 0.288636
0.748167 0.282222
0.7455 0.281667
0.742625 0.28125
0.74025 0.284583
0.7385 0.289286
0.736098 0.2871
0.731697 0.287449
0.722963 0.276778
0.710437 0.265157
0.732978 0.247694
0.741109 0.254002
0.743327 0.249633
0.745762 0.242286
0.752375 0.24125
0.754786 0.242143
0.749221 0.238798
0.751167 0.232037
0.754 0.229444
0.756722 0.223889
0.759278 0.222037
0.749219 0.211826
0.7623 0.218
0.7653 0.214667
0.769591 0.210455
0.77327 0.195298
0.793115 0.204311
0.784682 0.214303
0.781408 0.210848
0.778167 0.210926
0.775115 0.213718
0.769 0.218333
0.772417 0.219722
0.775375 0.224583
0.7785 0.221667
0.782 0.225
0.786251 0.226033
0.791031 0.231771
0.806179 0.226363
0.795739 0.236704
0.799164 0.248909
0.791448 0.252406
0.786816 0.254795
0.783829 0.251676
0.777389 0.250926
0.781333 0.248889
0.7795 0.245
0.783214 0.243095
0.786277 0.240089
0.782864 0.234697
0.779611 0.23463
0.777375 0.23125
0.7725 0.230714
0.769375 0.227917
0.7665 0.225
0.7636 0.227667
0.760625 0.22875
0.7573 0.235
0.760625 0.237917
0.7635 0.238333
0.766864 0.235303
0.77075 0.23625
0.774625 0.235417
0.776625 0.242083
0.7735 0.245
0.770625 0.244583
0.766864 0.244697
0.763 0.247667
0.7593 0.246667
0.757071 0.245952
0.755 0.25
0.752214 0.251667
0.7493 0.248333
0.7465 0.255
0.7495 0.257381
0.751786 0.261667
0.7545 0.258333
0.757864 0.258636
0.761167 0.25537
0.7647 0.256667
0.767214 0.255476
0.769375 0.252083
0.772833 0.254259
0.77575 0.25625
0.780167 0.257963
0.783694 0.260806
0.7815 0.265952
0.778389 0.266111
0.775625 0.264583
0.7725 0.266111
0.7703 0.262667
0.767375 0.264583
0.762 0.264333
0.764625 0.26875
0.767875 0.2725
0.773643 0.272619
0.7765 0.275
0.77925 0.2775
0.781824 0.274628
0.784831 0.269575
0.789024 0.27119
0.793146 0.27181
0.802131 0.2611
0.813521 0.270756
0.804511 0.274986
0.806203 0.289375
0.793801 0.288291
0.788868 0.287632
0.784738 0.282604
0.781305 0.284419
0.776786 0.283571
0.7735 0.281667
0.7705 0.277667
0.7675 0.28
0.764786 0.278333
0.762214 0.275
0.7597 0.273333
0.756625 0.274583
0.7537 0.27
0.757278 0.266481
0.7505 0.268333
0.747625 0.264583
0.744167 0.262037
0.73825 0.260833
0.740833 0.26537
0.737316 0.269405
0.735721 0.277605
0.739625 0.275417
0.742625 0.272083
0.7455 0.271667
0.748625 0.274583
0.7515 0.278333
0.755046 0.282273
0.7585 0.282619
0.761214 0.284524
0.7635 0.286667
0.766944 0.287222
0.771 0.288333
0.7745 0.291667
0.7775 0.291667
0.780604 0.292941
0.7855 0.29674
0.79075 0.302167
0.794985 0.305067
0.806184 0.305391
0.81098 0.313878
0.805965 0.326204
0.816074 0.333002
0.809178 0.338765
0.805349 0.347493
0.814933 0.362848
0.808389 0.360825
0.804344 0.365476
0.792616 0.363796
0.789132 0.370614
0.78525 0.366875
0.781395 0.363772
0.77545 0.364167
0.769167 0.355556
0.772563 0.355208
0.776559 0.349118
0.780447 0.351491
0.786079 0.354649
0.793652 0.350395
0.789369 0.345435
0.78465 0.341167
0.794041 0.33665
0.789413 0.329808
0.78467 0.327303
0.780409 0.335303
0.77515 0.3375
0.771079 0.338684
0.766549 0.341842
0.762658 0.347807
0.760036 0.35631
0.756 0.357593
0.751921 0.355351
0.748375 0.356667
0.744167 0.360556
0.739833 0.359222
0.73373 0.36444
0.736967 0.366778
0.7415 0.372368
0.747405 0.371349
0.752792 0.370694
0.758979 0.370092
0.766442 0.371791
0.770167 0.37119
0.77835 0.374
0.773605 0.379737
0.781091 0.384242
0.785237 0.380439
0.791524 0.382745
0.802962 0.382135
0.806997 0.38001
0.813291 0.391809
0.805203 0.398392
0.801102 0.399934
0.789144 0.402272
0.784954 0.410758
0.779405 0.415159
0.769881 0.418175
0.763933 0.413466
0.754611 0.410256
0.748708 0.415417
0.743417 0.418055
0.738792 0.416944
0.73445 0.4135
0.733243 0.428292
0.737548 0.432778
0.74223 0.436538
0.746643 0.430397
0.75115 0.432167
0.75447 0.422998
0.76332 0.427893
0.76705 0.428667
0.775065 0.422246
0.782945 0.42537
0.786593 0.425175
0.798877 0.417545
0.803114 0.415665
0.81066 0.420898
0.800143 0.433641
0.79586 0.435315
0.806866 0.448935
0.795897 0.450278
0.789989 0.445285
0.783935 0.440797
0.779364 0.433485
0.775326 0.438768
0.770958 0.437083
0.766006 0.444606
0.755098 0.439572
0.748364 0.444848
0.7445 0.451667
0.7374 0.446833
0.732754 0.445886
0.722858 0.437708
0.71845 0.432974
0.722958 0.420555
0.71893 0.415654
0.718342 0.401491
0.722808 0.399744
0.733985 0.3983
0.73805 0.398667
0.742909 0.403485
0.750816 0.402719
0.747024 0.396905
0.755186 0.395324
0.763699 0.399347
0.768214 0.402936
0.773109 0.407029
0.777763 0.402193
0.782409 0.399394
0.78715 0.391833
0.776 0.390909
0.770595 0.390238
0.766032 0.386752
0.756574 0.381892
0.750833 0.385139
0.745289 0.38307
0.7415 0.388684
0.737833 0.381667
0.733975 0.381667
0.722674 0.381232
0.71833 0.385225
0.710948 0.383291
0.706865 0.382559
0.70357 0.380361
0.7005 0.381667
0.698 0.388333
0.701823 0.392336
0.710438 0.39665
0.705786 0.399603
0.699083 0.399458
0.695 0.401667
0.691352 0.397699
0.696 0.39375
0.6932 0.389333
0.689073 0.391591
0.685206 0.392059
0.681333 0.397951
0.684548 0.407698
0.689614 0.407571
0.693898 0.41011
0.698143 0.410656
0.703184 0.41114
0.710182 0.411172
0.706556 0.419074
0.709784 0.428802
0.70402 0.431667
0.699818 0.424394
0.6955 0.429026
0.691622 0.422667
0.686765 0.420141
0.680449 0.416947
0.671367 0.412111
0.667717 0.421811
0.663227 0.418182
0.658727 0.415303
0.653463 0.41537
0.648923 0.40859
0.642538 0.406025
0.632409 0.40803
0.628227 0.412121
0.637 0.415
0.641674 0.421667
0.64606 0.4226
0.650385 0.429487
0.65778 0.429533
0.664224 0.435115
0.671252 0.432256
0.680079 0.436644
0.683553 0.427456
0.689027 0.430005
0.692005 0.436416
0.68724 0.441086
0.68335 0.447667
0.6796 0.455989
0.67163 0.447754
0.666269 0.449487
0.659923 0.444744
0.654083 0.439861
0.646591 0.441061
0.641583 0.438611
0.63722 0.433133
0.632978 0.426594
0.62891 0.428152
0.61781 0.419936
0.613254 0.410227
0.60234 0.408271
0.595196 0.410217
0.588024 0.409921
0.582958 0.414028
0.576092 0.419375
0.578871 0.408226
0.569861 0.402918
0.566474 0.412053
0.562024 0.408016
0.555152 0.402971
0.550103 0.410952
0.545773 0.411515
0.541245 0.413764
0.53234 0.415153
0.529636 0.407824
0.520657 0.402483
0.516721 0.401556
0.512364 0.406845
0.507409 0.409526
0.502356 0.412333
0.497919 0.413915
0.493881 0.414682
0.490131 0.418793
0.485638 0.420023
0.481213 0.423261
0.47679 0.423121
0.473112 0.428974
0.468404 0.433014
0.463414 0.434652
0.476997 0.455946
0.469513 0.461512
0.462951 0.464236
0.456923 0.463974
0.451019 0.463483
0.444765 0.461203
0.438168 0.45643
0.426881 0.451508
0.422682 0.456656
0.426965 0.467189
0.436596 0.471176
0.441816 0.473897
0.447561 0.476221
0.453192 0.479125
0.458282 0.478781
0.461925 0.48308
0.465388 0.478503
0.468452 0.479187
0.472042 0.47813
0.474799 0.468595
0.479809 0.46879
0.485451 0.463309
0.482757 0.453185
0.488745 0.453025
0.492994 0.451503
0.496955 0.449284
0.500647 0.445412
0.504262 0.44286
0.507985 0.441711
0.512035 0.440178
0.51601 0.439737
0.519873 0.4399
0.529262 0.447271
0.532553 0.456795
0.541713 0.459521
0.547978 0.458478
0.552591 0.461364
0.557434 0.459706
0.553418 0.446471
0.546863 0.445606
0.5425 0.443095
0.549759 0.433586
0.546174 0.427532
0.541921 0.427982
0.553862 0.417366
0.557945 0.416362
0.560826 0.425785
0.564798 0.426062
0.574454 0.431879
0.570883 0.443371
0.574765 0.449972
0.579458 0.444028
0.584071 0.44881
0.590092 0.442284
0.595625 0.442361
0.604434 0.438792
0.600091 0.434697
0.5852 0.435667
0.580833 0.428472
0.587587 0.424275
0.592426 0.425617
0.59742 0.423133
0.603475 0.422028
0.614143 0.429955
0.618728 0.439733
0.629668 0.445176
0.633378 0.446929
0.636764 0.45303
0.640576 0.456243
0.6454 0.454667
0.650625 0.451944
0.655667 0.455417
0.66175 0.460417
0.669738 0.461349
0.673904 0.467083
0.679786 0.470079
0.684891 0.461811
0.689369 0.45529
0.693881 0.448175
0.698595 0.440714
0.708844 0.442478
0.704886 0.448857
0.701132 0.451084
0.697315 0.460081
0.692886 0.467355
0.688157 0.474027
0.683506 0.479098
0.678224 0.482651
0.674 0.481667
0.66974 0.480333
0.664964 0.483555
0.659888 0.478801
0.665456 0.469203
0.657342 0.468684
0.65317 0.472657
0.648557 0.467774
0.643668 0.46648
0.630136 0.475183
0.619939 0.475299
0.615618 0.466661
0.619519 0.458774
0.614931 0.44935
0.604801 0.456534
0.600154 0.453333
0.595326 0.457282
0.590647 0.457773
0.586325 0.461213
0.581512 0.463636
0.577709 0.461092
0.566826 0.473623
0.562425 0.476096
0.554096 0.476037
0.548597 0.473854
0.543346 0.471215
0.540204 0.492245
0.54454 0.500753
0.539656 0.507649
0.548726 0.503872
0.553393 0.505482
0.558516 0.506338
0.563208 0.505541
0.567465 0.503134
0.571602 0.501044
0.575464 0.498459
0.579683 0.495047
0.584448 0.492444
0.589573 0.490432
0.594343 0.49
0.598737 0.483704
0.600465 0.493402
0.605033 0.489658
0.616419 0.501536
0.621851 0.512673
0.630333 0.498001
0.634604 0.484629
0.638861 0.491691
0.643115 0.496529
0.647037 0.499609
0.650274 0.504672
0.657366 0.506953
0.66935 0.51311
0.66274 0.514112
0.658311 0.51892
0.666396 0.523637
0.672834 0.523384
0.678947 0.524999
0.684683 0.522331
0.676147 0.514694
0.681848 0.513135
0.688343 0.513699
0.692824 0.511722
0.69891 0.508614
0.695887 0.500804
0.70351 0.502564
0.706597 0.494502
0.701228 0.492042
0.70752 0.482023
0.71782 0.475972
0.721349 0.468665
0.731536 0.46498
0.7355 0.46119
0.740448 0.456053
0.748333 0.460741
0.752591 0.453333
0.756921 0.45693
0.767706 0.461822
0.77095 0.4545
0.774921 0.454649
0.77954 0.453
0.78465 0.453667
0.792554 0.461328
0.787711 0.461491
0.782818 0.468182
0.777167 0.468472
0.772005 0.4725
0.75948 0.47005
0.754342 0.469511
0.749754 0.472879
0.744278 0.467037
0.739773 0.471818
0.743946 0.478623
0.736336 0.479073
0.731116 0.481342
0.739769 0.503515
0.733853 0.509967
0.729226 0.513633
0.738212 0.516551
0.743644 0.513973
0.746664 0.504048
0.750823 0.503328
0.754477 0.505143
0.756876 0.497101
0.761413 0.497722
0.767435 0.497575
0.775759 0.484071
0.780498 0.482264
0.785289 0.481864
0.789164 0.47372
0.80525 0.478613
0.813716 0.50406
0.804971 0.513207
0.822452 0.561092
0.825029 0.628854
0.822185 0.659127
0.815461 0.686937
0.80925 0.711363
0.80096 0.730109
0.791949 0.740227
0.781607 0.744532
0.772467 0.745658
0.761562 0.745642
0.75192 0.743338
0.742553 0.738029
0.733147 0.724713
0.725806 0.703341
0.704499 0.714854
0.695112 0.746914
0.683071 0.756092
0.672114 0.741197
0.649747 0.723117
0.664733 0.714814
0.657939 0.692175
0.711364 0.675873
0.720119 0.673836
0.717446 0.635913
0.723016 0.576519
0.629412 0.596887
0.62426 0.658564
0.621187 0.704859
0.616155 0.717553
0.613447 0.732298
0.627626 0.737352
0.640323 0.744272
0.615125 0.742778
0.610715 0.742587
0.604796 0.743815
0.595106 0.749325
0.600434 0.750762
0.608264 0.750206
0.613311 0.751728
0.61689 0.752297
0.617174 0.760529
0.614019 0.764025
0.611299 0.76003
0.608414 0.762903
0.605485 0.760058
0.602192 0.760893
0.598 0.760714
0.594429 0.762929
0.593667 0.772258
0.590618 0.773529
0.596 0.778333
0.598173 0.77198
0.601967 0.77004
0.605296 0.772707
0.610338 0.772145
0.607391 0.777387
0.601968 0.777652
0.603929 0.784791
0.600264 0.784591
0.597809 0.784948
0.599682 0.792845
0.596133 0.792125
0.593801 0.785699
0.591137 0.781459
0.562772 0.780455
0.558997 0.780033
0.556065 0.786159
0.559776 0.788521
0.55574 0.793298
0.551841 0.794952
0.547944 0.792759
0.55187 0.784552
0.555139 0.77713
0.558288 0.769863
0.56174 0.770426
0.56548 0.769661
0.567338 0.759595
0.562632 0.759045
0.566084 0.751747
0.569268 0.745142
0.587229 0.741944
0.579922 0.724443
0.57479 0.706306
0.570087 0.685374
0.566238 0.699818
0.561211 0.717536
0.554564 0.73286
0.547576 0.738775
0.540511 0.737081
0.533702 0.728511
0.528172 0.714987
0.523731 0.700639
0.513367 0.697271
0.507464 0.714537
0.49927 0.731593
0.490827 0.737375
0.483584 0.73468
0.477979 0.721668
0.456447 0.732103
0.451333 0.750627
0.445005 0.765938
0.437018 0.769976
0.430028 0.763971
0.423351 0.74748
0.41773 0.726664
0.460642 0.709311
0.473211 0.707348
0.470022 0.689075
0.463091 0.687729
0.465763 0.668023
0.518877 0.681075
0.52071 0.656516
0.527174 0.619243
0.531533 0.577955
0.429619 0.551371
0.422912 0.603638
0.413234 0.650801
0.408456 0.676348
0.402531 0.685941
0.413694 0.700376
0.396495 0.707103
0.389843 0.719677
0.382624 0.734528
0.373749 0.742926
0.365535 0.74987
0.356297 0.75284
0.346915 0.748002
0.338834 0.739118
0.330195 0.724719
0.321862 0.697126
0.31504 0.712499
0.307461 0.731649
0.295393 0.748775
0.280943 0.738363
0.269289 0.707491
0.254314 0.684582
0.241236 0.717781
0.223057 0.712529
0.207882 0.660892
0.199233 0.585369
0.202334 0.519485
0.209605 0.523709
0.215407 0.529032
0.220003 0.530899
0.224006 0.53256
0.228109 0.531896
0.23163 0.537987
0.233995 0.530797
0.238363 0.532744
0.243266 0.528963
0.248916 0.526803
0.254158 0.540612
0.259897 0.539652
0.257231 0.513683
0.2669 0.51701
0.272862 0.511501
0.278032 0.506591
0.28425 0.50477
0.291 0.503704
0.297086 0.503907
0.302262 0.502591
0.307203 0.506456
0.313015 0.509724
0.32488 0.516836
0.327674 0.521553
0.326816 0.539576
0.338924 0.527316
0.343382 0.523854
0.351877 0.527942
0.356583 0.524722
0.362041 0.525608
0.375208 0.518748
0.379613 0.513298
0.384856 0.513435
0.383763 0.502544
0.389959 0.506039
0.395211 0.501352
0.400777 0.499236
0.404591 0.491061
0.408111 0.496633
0.420199 0.500771
0.425829 0.513256
0.433857 0.498633
0.424909 0.496343
0.419908 0.486042
0.40789 0.477507
0.401124 0.48026
0.396421 0.484367
0.391845 0.485598
0.387982 0.490242
0.383596 0.489851
0.378324 0.495601
0.37156 0.498733
0.374091 0.506185
0.360801 0.509714
0.356854 0.510994
0.348243 0.506901
0.343475 0.508479
0.338963 0.509715
0.328924 0.492741
0.325377 0.483057
0.313387 0.497214
0.309055 0.494333
0.304601 0.490719
0.2994 0.490167
0.294803 0.491566
0.290519 0.48958
0.286063 0.493132
0.280188 0.493922
0.274415 0.496413
0.269766 0.501646
0.26545 0.504405
0.251633 0.49697
0.246443 0.498938
0.233473 0.503237
0.228357 0.503571
0.22337 0.49992
0.218395 0.501497
0.212925 0.497965
0.207433 0.495087
0.20558 0.484066
0.212241 0.481914
0.21758 0.4858
0.221543 0.478768
0.225342 0.481667
0.228452 0.489921
0.233661 0.489294
0.2305 0.474545
0.236054 0.477109
0.248378 0.48419
0.252712 0.476444
0.264462 0.481171
0.270853 0.475659
0.266409 0.467576
0.263553 0.457281
0.270262 0.458175
0.274405 0.465317
0.278069 0.471301
0.282491 0.465704
0.288294 0.46715
0.293288 0.465438
0.297471 0.463284
0.301226 0.45957
0.304229 0.467708
0.309876 0.468564
0.314142 0.469625
0.306658 0.457807
0.3109 0.451833
0.314636 0.449435
0.30825 0.4415
0.303385 0.443333
0.298804 0.443406
0.294643 0.447698
0.290318 0.451061
0.286056 0.456667
0.278864 0.455
0.274717 0.447899
0.266556 0.447963
0.269935 0.440652
0.264167 0.435556
0.271611 0.428519
0.27585 0.433167
0.280071 0.440397
0.284262 0.444683
0.2878 0.436333
0.292357 0.434365
0.297071 0.429286
0.301818 0.423636
0.305691 0.428175
0.31015 0.426167
0.314167 0.432361
0.324935 0.44214
0.328826 0.443214
0.339 0.439
0.344355 0.438978
0.341184 0.449562
0.3475 0.451667
0.359161 0.447921
0.365456 0.445725
0.36226 0.456578
0.350853 0.462669
0.343792 0.462639
0.33885 0.4615
0.328833 0.45754
0.325217 0.463417
0.328833 0.474524
0.339503 0.47769
0.344005 0.47778
0.347931 0.476538
0.35181 0.478265
0.355085 0.475494
0.370145 0.471106
0.374918 0.463386
0.378769 0.456505
0.383412 0.458051
0.388002 0.452349
0.382203 0.445
0.386357 0.438333
0.390076 0.432325
0.393881 0.430556
0.40169 0.427857
0.4069 0.4202
0.400342 0.413421
0.396405 0.419127
0.390344 0.413437
0.394 0.406667
0.404 0.407576
0.410907 0.409956
0.408167 0.398889
0.401976 0.393413
0.397804 0.399058
0.391804 0.393841
0.387239 0.399348
0.383704 0.40714
0.379503 0.413263
0.37625 0.407167
0.369289 0.400439
0.364643 0.402143
0.359 0.405909
0.361389 0.393519
0.356167 0.393704
0.353167 0.402143
0.348455 0.399242
0.34355 0.399167
0.337913 0.400618
0.340611 0.390185
0.336312 0.386667
0.324674 0.386133
0.312582 0.384603
0.306907 0.381914
0.301136 0.383939
0.294625 0.388194
0.2895 0.393333
0.284832 0.397178
0.280826 0.397931
0.277625 0.397905
0.274136 0.391393
0.27825 0.389583
0.281643 0.390714
0.284186 0.387568
0.2805 0.381667
0.2765 0.385
0.270389 0.384815
0.265382 0.386961
0.268813 0.396458
0.265167 0.40246
0.270605 0.40693
0.275262 0.403982
0.279152 0.407108
0.282588 0.408319
0.286147 0.411078
0.289853 0.406373
0.294237 0.403772
0.2985 0.396
0.3037 0.399133
0.308674 0.397029
0.313638 0.399495
0.324818 0.400005
0.327826 0.410081
0.338196 0.41471
0.343955 0.411812
0.348942 0.415465
0.354595 0.416587
0.358691 0.421508
0.363409 0.41803
0.3678 0.415167
0.3719 0.412667
0.374716 0.423313
0.370253 0.43404
0.366447 0.430789
0.361636 0.433939
0.356107 0.436462
0.35183 0.427411
0.340593 0.426002
0.327756 0.428477
0.32462 0.419875
0.313907 0.414753
0.307537 0.412037
0.300595 0.410079
0.29635 0.415833
0.291548 0.419603
0.286853 0.423235
0.282543 0.426739
0.27835 0.420833
0.273667 0.417407
0.268071 0.421508
0.264304 0.418164
0.254583 0.418889
0.253186 0.431954
0.251815 0.445908
0.253744 0.457497
0.249606 0.465121
0.238289 0.460725
0.234111 0.465185
0.226727 0.466515
0.221727 0.46197
0.216923 0.468077
0.2105 0.467436
0.2055 0.468333
0.197111 0.469804
0.206123 0.452529
0.213731 0.455385
0.219636 0.449697
0.226318 0.452727
0.232413 0.454565
0.238773 0.447245
0.2304 0.443167
0.234958 0.438194
0.240853 0.43495
0.2394 0.4245
0.234921 0.422018
0.231065 0.422971
0.22625 0.423
0.217342 0.426754
0.22137 0.429638
0.227382 0.435196
0.223556 0.441111
0.215891 0.440942
0.210326 0.443116
0.206326 0.434565
0.212154 0.42782
0.206722 0.418456
0.198061 0.417107
0.212038 0.412179
0.217455 0.412576
0.222318 0.411667
0.2266 0.408667
0.230265 0.404804
0.233864 0.403333
0.237833 0.410556
0.242159 0.411851
0.252328 0.407031
0.256191 0.400818
0.253922 0.38924
0.242485 0.395107
0.23765 0.3955
0.22915 0.391167
0.22462 0.392867
0.219357 0.398333
0.214154 0.39782
End
