2000.0 500.0
0.5077593981417234 0.5645750627872449
0.5125089199089725 0.5583547100048327
0.5171119269941002 0.5505523840944468
0.5215371520583238 0.5412520493190177
0.5257502268114004 0.5305535379157952
0.5297397271961009 0.5184966397603372
0.5334708870001003 0.5051786696804144
0.5369168370263394 0.49067865472620154
0.5400478125000001 0.47509812500000004
0.5428413620760665 0.458547913803272
0.5428615755534172 0.44765386255264283
0.5403208711242675 0.46479052856445313
0.5375453218271443 0.4814197613896803
0.5343605969238281 0.49682391601562503
0.5307910455477237 0.5108354790914059
0.5268820803288183 0.5233039150607028
0.5227238414897699 0.5343480409940031
0.5183733455331624 0.5442265404717626
0.5139056664526928 0.5532004062253238
0.5093736046970414 0.5616511876157672
0.508893871178031 0.5702592983245851
0.5135198452037572 0.5629743363595011
0.517934138686261 0.5535461027828792
0.5222305275225638 0.5433119560718539
0.5264093697485328 0.5323445061671735
0.5304515347394236 0.5206058082124057
0.5342599643287063 0.5076231461989882
0.5376777417862368 0.49304554737603307
0.5406760021972655 0.47704573242187515
0.5431705019811168 0.45991953634798544
0.5404936801725673 0.46908055140007304
0.537560257226401 0.48529178375784326
0.5343206416662456 0.500529956722446
0.5307961536902794 0.5147178508696335
0.5270143835535147 0.5277582598003788
0.5229844824766858 0.5396159304526584
0.5187425555945933 0.550172354282588
0.5143055808432958 0.5593907322867403
0.5096991137242317 0.5671073008060458
0.5097505767822266 0.5753313323974611
0.5142322344970703 0.5665239074707034
0.518656108732298 0.5571919828586283
0.5230017420699448 0.5473165543641153
0.5271961110036966 0.536376509798358
0.5310530520207062 0.5236787927831712
0.5345659847673774 0.5094682466733459
0.5378082258462598 0.4942485526925025
0.5404491812705994 0.478165520114899
0.5369906788746268 0.4906243561235072
0.5337247925567628 0.5057622463989261
0.5304175163725577 0.5207463326945158
0.5267933995572898 0.5344814556820879
0.5227709578046202 0.546388695548773
0.5184937095662951 0.5567076729476456
0.514052864522934 0.5658892044925692
0.5095246106703394 0.5743611133840868
0.510172747422345 0.5802583340987566
0.5147091219648718 0.571989745538235
0.5190005135607254 0.5617112779033933
0.5230810897702725 0.5501868720996382
0.5270005678632111 0.5377185972273352
0.5307816491454188 0.5246669786117972
0.5344870552015304 0.5112477822780612
0.53801544351995 0.49708697457358264
0.5348996105806904 0.5036113296566905
0.5317350524913148 0.5190728880140187
0.5283236600685122 0.5336796800231937
0.5245735591106887 0.5469134597339856
0.5205259892879242 0.5586164643099907
0.516211712588817 0.5687392401385309
0.5116797250513455 0.5771492442997734
0.5069701660156252 0.5838088281250001
0.5107720791456105 0.5858518413293363
0.5154312586832048 0.5785830156040194
0.5197628567219527 0.5686394574697318
0.5195606644116251 0.5640264082216099
0.5153360277293717 0.574691598638408
0.5108907166212799 0.5838067596650125
0.5076070783782006 0.5925483328342439
0.5123967556325209 0.5870165526466445
0.5167720971887513 0.5773915517037734
0.52065157002086 0.5647953208519658
0.5240431070443198 0.550147891961895
0.5246758407888946 0.5404007542352869
0.5214885937500002 0.5558071875000001
0.5178225605697943 0.5693524277606351
0.513637615021756 0.5802453531750107
0.5089792193058913 0.5873912372886398
0.5101160463760748 0.5893828502823414
0.514635799304414 0.5808724105224201
0.5189109233556177 0.5705121705095471
0.5199394992375376 0.5632822198295595
0.5156726644567774 0.5736584442833066
0.5110555321884157 0.5812885449218751
0.5078531036069507 0.586823941583319
0.5125494338961831 0.5799910737152211
0.5170615523886722 0.5714200498470174
0.5213521117481589 0.5611982486522197
0.5253894345138974 0.5493947705991861
0.5291295845298475 0.5361110939106275
0.532528216812308 0.5214558801352791
0.5356942033621297 0.5059705324731767
0.5367907446153463 0.49683755679726604
0.5331710431322829 0.5106400815792381
0.5294584517723323 0.5240156512629985
0.5256549061702939 0.5369834876511991
0.5217120085096361 0.5492822379970551
0.5175874857146293 0.5605834573544561
0.5132479685016722 0.5705435462547839
0.508576952664554 0.577043871768713
0.5117816185087898 0.5745721709387749
0.5162800293578463 0.5658831811817829
0.5206681234657833 0.5563036849457119
0.5248615020743478 0.5454152824671007
0.5287582464170456 0.5328741417109967
0.5322418649872392 0.5185559698924981
0.535516981172636 0.5034658203125
0.5387835437298566 0.4883158203124999
0.538690905397567 0.48324678222809675
0.5355643384496448 0.49883605395772257
0.5322071062543988 0.5136576838131248
0.5285273192945495 0.5271706126651725
0.5244803751388192 0.5388840033780038
0.5201911429501697 0.5492077241441792
0.5157952833646536 0.5587539652836323
0.5113356570029259 0.5677782385253907
0.5099759084284305 0.570805602748394
0.5145980152110382 0.5632030624994634
0.5190384022665023 0.5540557961177826
0.5232961965239885 0.5435402343196607
0.5273378809958772 0.5317669116073498
0.5311423768386692 0.5188297665024945
0.5346963915011286 0.5047492864930629
0.5379627788099646 0.48964301197409626
0.5409382075437903 0.4735309610402584
0.54228265625 0.45873535667419435
0.5397284998318553 0.47549452505826945
0.5367126727294923 0.49144109795570373
0.5332635317516328 0.5058710038326866
0.5294113379398833 0.5186108954886417
0.5253607613755513 0.5303613488597771
0.5211716183089139 0.5412669017942809
0.5168559757111549 0.5513788334373572
0.5124288490104676 0.5606634482826293
0.5078000000000001 0.5655486926269531
0.5115862894158812 0.5619867339743674
0.5160956922829025 0.5533938937788713
0.5205280681241131 0.5441324347824953
0.5248214831581118 0.533874681170627
0.5288931996157312 0.5223042320723273
0.5326836163812876 0.5092519640827179
0.5361390313554824 0.49479104652186856
0.5392115113967658 0.4790234440338611
0.5418669594046475 0.46210317004919055
0.543306496626491 0.4474853595625857
0.5406917996415954 0.46453338928843235
0.5377253688048192 0.48060342866132305
0.5344267388725048 0.4956379392922856
0.530826768921829 0.5095233368580925
0.5269584733448237 0.5221542559918706
0.5228337997105718 0.5334922116649151
0.5184932562267576 0.5434130813192646
0.5139614015783974 0.5518180594777129
0.5092599244429543 0.5586453370527923
End
0.4734470508317632 0.593806745298809
0.4774941394888662 0.6055065646303841
0.4818532107969001 0.6153049429698288
0.4864244931940315 0.62337876127569
0.4911458409467339 0.6300020477259158
0.49595221790209415 0.6354407589603959
0.49750970968170555 0.6346967926830425
0.49256041184395555 0.6324044360232352
0.4878635373184917 0.6256372313268994
0.48334885469316036 0.6170274693823791
0.478862571849823 0.608187247238159
0.47459010076507924 0.597999360488355
0.4741669137822184 0.6019234431836007
0.4779103616980463 0.6150704767650363
0.4824572296361346 0.6232890264248101
0.48723086942248045 0.6291803595349191
0.49203685684571974 0.6347422855509444
0.49684376876354214 0.6402523600578306
0.5016070976257324 0.646294736175537
0.5033815259340406 0.647763447959274
0.4986773150485893 0.6409495952391367
0.49387727936480197 0.6353556399306468
0.4890436152704159 0.6302279088154225
0.4842539498298307 0.6244857937717739
0.47957791870463645 0.6173894672219454
0.47524168231993924 0.6076264373362065
0.47253366067636754 0.5995875043605268
0.47535287705659873 0.6155110904598234
0.47973767470493917 0.6250174714145063
0.4844114779334335 0.6320694230019229
0.4891960612925032 0.6378966492555871
0.49399819424386604 0.6434268839173575
0.49874815515442295 0.6496785506707426
0.5023930379725621 0.651971258780658
0.49775221167389305 0.6451503029151258
0.4928560765124439 0.6415566227152195
0.4880333079338074 0.6366343783569334
0.4834121186447144 0.6290267946624752
0.47882579219818117 0.6210243321990965
0.4746043703147396 0.6103869394987819
0.47201257055532186 0.6097873160269853
0.4748453988820362 0.6257632279267904
0.4791502484689281 0.6358889307951924
0.4837268251939118 0.6439023364200067
0.4884843009783328 0.6500789069292319
0.49336789220815525 0.6542565790848197
0.4983058233969286 0.6574374572515485
0.5011383425437379 0.6564831817143222
0.4968484185768757 0.6467645129060555
0.491923857273208 0.6433516276725193
0.4870568613017071 0.6389464277417023
0.4823978214288409 0.6316778060516899
0.47788437939465045 0.6230662787447868
0.47361618436582387 0.6127661285889705
0.473245390625 0.6231090624999999
0.47702020464677364 0.6360107156939803
0.4814862736654281 0.6449551018714902
0.48623967495776715 0.6510861537608501
0.49117317720416936 0.6543234888508914
0.4960635601058695 0.658331898615956
0.5005864723610878 0.6647862635993955
0.4974331277836161 0.6507389198674074
0.4927014393330599 0.6444712867552599
0.48780642576217653 0.6403474257643519
0.48305782910775397 0.6341529347096382
0.47841903759002685 0.6267406797790525
0.4743764996719361 0.6189433641815183
0.47821282854218045 0.6306656566648182
0.48284946493148806 0.6380925225067136
0.48760361091956506 0.6442951848401126
0.49249593207359316 0.6483447036552424
0.4972158895325662 0.6547422352313992
0.5000785644039466 0.6608939387535138
0.49545038837019356 0.65349496091051
0.4905400183648244 0.6499093265019167
0.4856161550939084 0.6463665203285214
0.480921354233902 0.6396180596937607
0.4765523567976803 0.6299105160105224
0.4733525654250384 0.6150027854442593
0.47476338917717337 0.6208345211774107
0.47919865110222254 0.6300438120023902
0.48375540695190433 0.6383249694824217
0.4884817042422668 0.6447405114331839
0.493415099156499 0.6480565562029179
0.4982382266279311 0.6529348931473492
0.5007968131646982 0.6567580940033121
0.4959788231288642 0.6516934215095636
0.4910532553935052 0.6484241770076749
0.48622351443327505 0.643221247397251
0.4815645052074718 0.6360157528330335
0.47712165299158554 0.6268955217340584
0.47342739048533156 0.613786334636509
0.473269564850405 0.6110941624227534
0.4773620083236695 0.6224831426811213
0.48189780952848504 0.630871724938042
0.4865238918170753 0.6384260126480827
0.49125551932752143 0.6447777690839762
0.49620426660556355 0.6473551845706994
0.500799829799831 0.6551620150649543
0.501064669674713 0.6491253976855258
0.4963599758008868 0.6423163959692413
0.4915671496657283 0.6366143908642228
0.48676633509673184 0.6310209444139893
0.4820375926543645 0.6245387502175913
0.4775010037258268 0.6162268473684783
0.4738315662090108 0.6030887259648734
0.47382349584439776 0.6077554137484165
0.4779194607869699 0.6189869782117167
0.48257441481113444 0.6262556787395472
0.4873335354634468 0.6323370703126299
0.4921633097744454 0.6376096725814598
0.496984658203125 0.6429063671874994
0.5017075385069848 0.6493688708591456
0.5037733932363987 0.646918693541288
0.49923172903180124 0.6389192263340945
0.49442947314167396 0.6333085586986313
0.489626015625 0.6277041152381891
0.48482932274583723 0.6221022529891129
0.4801248144561192 0.6153872566927594
0.4760366886936873 0.6040363327187855
0.47264993778228764 0.5936735621833797
0.47615581293761733 0.6072528018152712
0.4806375350762158 0.6161875967541335
0.48511520581078726 0.625017008153442
0.48970204977773135 0.6329988191752134
0.4945264250394004 0.6380865768133102
0.4993285874938966 0.6367896173095701
0.4948853028022167 0.6302201070745309
0.4900960916435958 0.6244879196118165
0.4854116589869706 0.6174969520546632
0.48089625168936045 0.6089333276234866
0.47662716088940565 0.5985005909418056
End
0.49144323725104155 0.655223809180262
0.49612031500097364 0.6621712068907916
0.49695504390060896 0.659318205782175
0.49229382068157196 0.652075552740097
End
0.5878636831638712 0.5402763186166435
0.5880549208463682 0.5599223864501716
0.5901159063468501 0.578106938701272
0.5931413340097433 0.5939180438107998
0.5926153102111816 0.5879565728759767
0.5897749601766092 0.5715958761048319
0.5881410060995443 0.5527250930428507
0.5871654241611807 0.5658752051830294
0.5894718831962067 0.583503081136942
0.5927111655802372 0.5987280666172505
0.5906770075874496 0.5856849291574024
0.587656631679535 0.5722569330596924
0.5897447614777088 0.5899974097418785
0.5930277354860306 0.6024844385433197
0.5903236448062583 0.5863011693580449
0.5877371029782296 0.5750634931278228
0.5906035601238862 0.5913715944405458
0.5932367430475658 0.5951136375450296
0.5899987712816454 0.5798819421426159
0.5879716874652566 0.5618351990322908
0.5875680266490579 0.5601994669128953
0.5895769071441518 0.5784415371570549
0.5926785040163994 0.5940805780792237
0.5936435836470503 0.5904212361264228
0.590724464583099 0.5743067714500428
0.5887911155139284 0.5558970971027016
0.5879875657081604 0.5394252313232422
End
0.5806865386008145 0.5831694313627108
0.58445703047961 0.5961032062065601
0.588548291015029 0.607595507814884
0.5915317009093519 0.6116809250396116
0.5870943082132843 0.602537300750874
0.5833009349161107 0.5895837332345916
0.5823379596970976 0.5924717435532806
0.5857611910307406 0.6069417035627362
0.5901027320766449 0.6168052678775786
0.5906969964826108 0.6164588768231866
0.5924336322805285 0.6232229141688345
0.5914623557066918 0.6223299132156369
0.5900927107738331 0.6122659988495703
0.5858148716232926 0.6020246518334743
0.582620284223482 0.5867397890570756
0.5835473049980711 0.596351253633904
0.5875443955575256 0.6082610153638195
0.59206431098938 0.6158322240447994
0.5887066576427221 0.6031449319291111
0.5846160462657363 0.5916347265624995
0.5807355494475366 0.5809060728168488
End
0.5994230323159869 0.6166671777624264
0.6039153637695313 0.625263203125
0.60511107421875 0.6206072993969916
0.600556962890625 0.6123368270239233
0.601878681640625 0.6191152643856407
0.6060542592048644 0.6241531250000001
0.6017650001393258 0.6174140648570655
End
0.5987236915403429 0.6270076434771377
0.6034857527037059 0.6326528279515542
0.6084793294397834 0.633768453168366
0.6134647902450711 0.6351228062810004
0.6123258733367174 0.6319608182503283
0.6073701525469125 0.6301564449943603
0.6023969587199809 0.6283378593008221
0.5984962776947023 0.628691478652954
0.6031921260394901 0.6353330499099195
0.6081806256797911 0.6363149421405792
0.6062076288209485 0.6330123842817545
0.6012045958443359 0.6326349349302054
0.5995497318994069 0.6351208438866399
0.6044756776184775 0.6385030915368535
0.6094097047305108 0.6417277781295776
0.6143871025004982 0.6435418435907364
0.6127485351562502 0.6384991406250001
0.6138840429687501 0.6357523945260047
0.6146650438308718 0.6409028125
0.6102235883572328 0.6381910567440093
0.6052908575439455 0.6349531408691406
0.6003578481580505 0.6316302615496889
0.5998780310011935 0.6358012186757662
0.6048530949103309 0.637062854573757
0.6097139666867258 0.6358488115406036
0.6052621576723459 0.6318265720343591
0.6004061991588541 0.6277449430302344
0.6010729001551869 0.6313545536828041
0.6060271903827322 0.6339726798921451
0.6110139770507815 0.6347870898437501
0.6155031081771852 0.6337226098632813
0.6107046531960743 0.630181673632227
0.6057076422430204 0.6296173212393001
0.6007991934421614 0.6261842045575056
End
0.5987338964843377 0.6357474999999999
0.5990419602966309 0.6369913055419922
0.599565241971016 0.6405708871936798
0.6009825000000001 0.6442709375000001
0.6011963281250002 0.640663125
0.6014491172456743 0.6383616965389254
End
0.6030028710892795 0.640921084120273
0.6079703658172115 0.6432083086177708
0.6129115031215548 0.6462974595427513
0.6126103910773992 0.6438901580595969
0.6094920008569954 0.648368395192623
0.6142004687499999 0.6502444226074219
0.609911521951258 0.6492549484372138
0.611969382909499 0.6544746484331786
0.6124949246760457 0.6516179436802864
0.6075057899606506 0.6512899861350654
0.6028439558019022 0.6445521424642204
0.6063402723962067 0.6485630403590202
0.603728142581582 0.6412905281913281
0.606388798828125 0.6453503247070312
0.6039241831851005 0.6404004160690309
0.6054299404400587 0.6475576404821872
0.6038383254656196 0.6438761567556858
0.6042709684824756 0.6520627412483468
0.6091540828059613 0.6558509597709775
0.6141464838381298 0.6551270248949156
0.6108604175611585 0.6500299708381295
0.6117560993133485 0.6528716810218987
0.6133155069631337 0.6467552444458008
0.6094526337776331 0.6481884257355331
0.6144513625627755 0.6477156065011025
0.6117943454933166 0.6414983691406251
0.6068481160807608 0.6386145532226563
0.6026363611415029 0.6401380495679377
End
0.620537695122991 0.6232961021854797
0.6248850439146907 0.6135521115534006
0.6290139945152774 0.6023144565562903
0.6326717707782982 0.588679067275524
0.6365515834338962 0.5761255223079026
0.6406372230251457 0.5645740404896251
0.6449356329422768 0.5543837550492399
0.642336269801934 0.5580728344025463
0.6383024118021501 0.5699109004181623
0.6342393692847106 0.5815925320316107
0.6301996324858766 0.5933425189331546
0.6261581633811488 0.6051388602968678
0.62212144382318 0.6169604920082167
0.6212049321552364 0.6260006843596697
0.6244169450139998 0.6164215300559996
0.6206791086769103 0.6282333399200438
0.6251731461739539 0.6224409917259216
0.6288254338146001 0.6087730198512971
0.6331784191489219 0.5992216726779938
0.6367741718810798 0.5860189922952651
0.640467830581665 0.5726888914489744
0.6443285166102646 0.5599551562499996
0.6425413834282848 0.5673163025621322
0.6397562703914195 0.5839139843541381
0.6364803313231467 0.5990108838653564
0.6327629594421385 0.6123214501953123
0.6287321180640393 0.6241880559234319
0.6245653771972656 0.6352020751953122
0.6209654687499999 0.6313814062499997
0.6255741831222176 0.6254743272864816
0.629073833117485 0.6114748118019101
0.6333086167957633 0.6008824711750445
0.63722875 0.5884524999999996
0.6408746653240079 0.5747807634085972
0.6407596854766086 0.5747714534538979
0.6375279336524009 0.5897681207656856
0.6369972359848022 0.5933204485321041
0.6372134316272288 0.58917758101359
0.6343442307376861 0.6053439781284329
0.631217803826332 0.6146556149768826
0.6343056491088866 0.6008034051513669
0.6297908553389365 0.6083907705621419
0.6260118744682147 0.6213222643508013
0.6251884558296203 0.6302068724060056
0.6294336885070801 0.619917777099609
0.6270989212036132 0.623066290864944
0.6254032937550544 0.6342075365352626
0.6298173646426201 0.6248417192173
0.6290052352353697 0.6220790528488155
0.6247163735961914 0.631512994384765
0.6283942639923096 0.6237934417271609
0.6276706424666567 0.6204453702324625
0.6244197879171371 0.6310570312499996
0.6281299237913545 0.6181259248035209
0.6323399429583547 0.6074746859645839
0.6321814538192748 0.6067768505859368
0.6326073797166718 0.6132130288296931
0.636583509838879 0.6017478870415681
0.6387296074438094 0.5839805338954919
0.6351858223041891 0.5947547118818753
0.6387733380127232 0.5910398603259767
0.6418154234784188 0.5753577237627648
0.6403115675187109 0.5715058686065667
0.6366709074375032 0.5852176595211022
0.6327538300506442 0.5976729283417754
0.6285283172708748 0.6082906042146676
0.6250111924362179 0.6222224522399895
0.6203695138549802 0.628933616333007
0.6238403973558543 0.640576831351518
0.6281525574709286 0.630670951463151
0.6322378362197493 0.6191452289446228
0.6360549855207883 0.6062318675764083
0.6394882933113349 0.5917041455264384
0.6424530683517455 0.575617945404052
0.6449095473413261 0.5582158631174632
0.6415104742401184 0.564140699082631
0.6378278255218266 0.5776199624371523
0.6338047336196898 0.5891327504253382
0.6300264959478376 0.60118084857583
0.6261438995927571 0.6136093239545817
0.6220238759845494 0.6245808214902873
0.6239885156249999 0.6222425781249996
0.6222812322613595 0.6203138941991325
0.6218340056675298 0.6228014628787333
0.6258716228167107 0.6109617842228893
0.6299091411495713 0.5991750143801905
0.6339452268218666 0.5874137982308859
0.6380062601208685 0.5757156378173822
0.6420468465954907 0.5639414546589548
0.6458358325195311 0.5513257812499995
0.6415458714760093 0.5574614308608319
0.6374138237351178 0.5686916227120157
0.6334358446614536 0.5808187753934038
0.6297938790607451 0.5945219072246547
0.6257673639951739 0.6063283506217595
0.6215796229454036 0.617209007311761
End
0.6263789257812546 0.6130300976562686
0.6305718627929687 0.6022208544921874
0.6267834678769111 0.6072934027576445
End
0.6325682959699725 0.5950888089943118
0.6362682812500001 0.5821000000000001
0.6323708334732058 0.5905417108154297
End
0.6260330024720543 0.6349182961478457
0.6303744686982036 0.6254266434085368
0.6343379427051543 0.613196570520401
0.6379911349516734 0.5995710088330508
0.6412267798920808 0.5843424376123865
0.6433018048816921 0.5675934138894081
0.640320326782316 0.5825043233253061
0.6370590535367093 0.5976719762427547
0.6333791852116584 0.6112066843509675
0.629405048828125 0.6232806384277344
0.6254559008789062 0.6336010058593751
End
0.7140702142115531 0.6291566952283982
0.7165526463442297 0.6458073710383475
0.7202824057662536 0.6591022679082117
0.7239095228311421 0.672864693800211
0.7280187433256955 0.6842652708926796
0.7323691026664061 0.6941053324814513
0.736783424987793 0.7034794677734375
0.7413477352565715 0.7116262417195365
0.7461214557109774 0.7174477232304215
0.7494337929004432 0.7161102948868275
0.7445808602395655 0.7146204294359684
0.740040026621707 0.7062225604198873
0.7354445946874331 0.6984019658109359
0.7310021346335447 0.6892188516499707
0.7267719861891868 0.6785420422101021
0.7227840912964941 0.6665204023861886
0.7190542768580281 0.6531923971882836
0.7156182179389896 0.6386890395751597
0.7136428866015003 0.6396084454721214
0.7171322615410761 0.6539254850856963
0.7207373337173463 0.6677909806060793
0.7244567990744859 0.6811680913944544
0.7285318968110999 0.6926629464512133
0.7329295796909556 0.7022376598942283
0.7374208945965768 0.7110089138031007
0.7420737333568558 0.7182499381688611
0.7469436910820008 0.7227900927925112
0.7467155109858512 0.7222408076286316
0.7418601476216315 0.7176697836208343
0.737324960823059 0.7093318594360353
0.7329399744390788 0.6996741063816102
0.7286265725088119 0.6896089832687379
0.7245780114456637 0.6778831387887896
0.7208111498807416 0.6647370398968645
0.7170499179033933 0.6515695018707215
0.7135665483236311 0.6372853779935838
0.7140896868228911 0.6490032410430909
0.7176699889850614 0.6629385450649263
0.7215536878970638 0.6755313399560751
0.7255798038738593 0.687347845890671
0.7292019801592826 0.7010967659664155
0.7336003178424014 0.7105185902273656
0.7381972557425497 0.7183759468841554
0.7429160302610321 0.7248911443477871
0.7478279035019872 0.7284762220382692
0.746458925264215 0.7251937826091379
0.7417095264485476 0.7189743626475336
0.7371586986068261 0.7107040201315286
0.7327223212057351 0.7014683649516107
0.7283666236967115 0.6916557402263815
0.7241508917375932 0.6809044421738759
0.7201470757474713 0.6689547473300576
0.7164336225876955 0.6555545099002125
0.7130843054199216 0.6407905651855469
0.7144780082774532 0.6554424314117432
0.7179361996494324 0.6698954404747487
0.7216635054776723 0.6831883599078656
0.7258998479667303 0.6938127174437048
0.729951253715828 0.7055043582548202
0.734239968384141 0.7156399386798405
0.7389018490079696 0.7229193304456212
0.7435751027660069 0.7299923989138754
0.7483758583545683 0.7354811424779893
0.7468939615178108 0.7283463172626496
0.7421747313334419 0.7216997930499913
0.7373177551895378 0.7169915942060947
0.7327871121710166 0.7086118697139622
0.7283999820566875 0.6990085643330869
0.7241843842390179 0.6882834477239848
0.7202277847614512 0.6760716821336
0.7167057254384085 0.6619215533438324
0.7140712557579204 0.6449586173406243
0.7142606048357626 0.6549679434402659
0.7173441899978742 0.6706918362310528
0.721087926597409 0.6838985720720887
0.7251659765907378 0.6954470552948117
0.7294377732732146 0.705886241236031
0.7338558084288238 0.7151800694203377
0.7384897522848843 0.7226222399555147
0.7433419379043579 0.7274111364746094
0.748029387049675 0.7343091524286754
0.7466592478701471 0.7296591321349143
0.7419228228110447 0.7233181136921049
0.7372599414062501 0.7160363657987117
0.7326835937144095 0.7080753413923644
0.728623454875946 0.6964328394317627
0.7244082735705003 0.6856971116040645
0.720390462680459 0.6738837662959098
0.7168684597599507 0.6597119458842278
0.7134139758849144 0.6452455902481079
0.7149814480161668 0.6553305504798888
0.7186164029667563 0.669028791429107
0.7225619041206968 0.6813153895905986
0.7267269288450993 0.6923767845034413
0.7310309100317868 0.7025312675068085
0.7354601137780772 0.7118532564978302
0.7399924718212291 0.7203083407785743
0.7446715085325252 0.7272700532919912
0.7495452139282227 0.7311926000976563
0.7458919013595581 0.7235629539489745
0.7410581141662598 0.7183939471435545
0.7364135984320426 0.7110744098709335
0.7318618921756744 0.7028248781776427
0.7278670422315597 0.6909967330837249
0.7241168420224265 0.6778354649057983
0.7200720535707473 0.6660533908271788
0.7163864714607596 0.6525632838559151
0.713279140625 0.6380775
0.7153743108383567 0.6512119529594481
0.7191584872633221 0.6642785907411576
0.7229122488988191 0.677496037669778
0.7268580361837894 0.6897793579532204
0.7311235292933789 0.7001788371445052
0.7354829168057443 0.7099802039432526
0.7399616569897531 0.7188349788415432
0.7447010114876553 0.7251216271881759
0.7495885371208192 0.7257197642517089
0.7461551100638509 0.718289862383604
0.7413310706692702 0.7131029317804984
0.7367204726430773 0.7053976278054713
0.7322422757502877 0.6964960607884451
0.7278923535156249 0.6866294531249998
0.7239637757481682 0.6742906830957903
0.7202999159146098 0.6606983658410608
0.7167171205902098 0.6467583926391601
0.713736376541946 0.6360581620794904
0.7170692107314824 0.650965985916131
0.7206942622840404 0.6647261492419241
0.7245887846893979 0.6772671630247448
0.7287234131760708 0.6884895711117235
0.7330768089840419 0.6983234452077371
0.7376287564885661 0.7065702318103239
0.7422165234756468 0.7145613806915281
0.7468806975403798 0.7213697497558592
0.7493369850580394 0.7155548285256511
0.7444397277234492 0.7116834464363194
0.7397554409174618 0.7047558927336521
0.7352651653358151 0.6959531251179915
0.7308805331420897 0.6863754022216796
0.7266013474655149 0.6760155423736571
0.7227379240367653 0.6633496459869852
0.7191355840892715 0.6494880045476554
0.7155543123894927 0.6356413821983338
End
0.7523594975707123 0.7187252670883946
0.7573273130035401 0.7199910354673862
0.7623143534088136 0.7187651970469952
0.7584461668915443 0.7159014741070755
0.753445162225864 0.7162886699590273
0.7542466922211647 0.723124871892929
0.7592331640625002 0.7215561742591857
0.7618682947945596 0.7172192222499847
0.7569168923878299 0.7200755352450906
0.7539884238095211 0.7247523984527587
0.7589829439528148 0.7255470369911194
0.7626947556879 0.721033688803911
0.7577654677438738 0.722782065448761
0.7527938942396643 0.7246881330180169
0.7539646704101564 0.7297212988281251
0.7589550195312502 0.728848515625
0.7615490347332042 0.7247440411000513
0.7565902220781615 0.7274951214157978
0.7516075915023687 0.728826176841259
0.7554217396960455 0.7330355855621026
0.7604250611423843 0.7325447892228142
0.7612732736206057 0.7270766864013674
0.7562949445471915 0.7290172160504759
0.7515521972465518 0.7330923558044435
0.7561634138648586 0.734924146575928
0.7611394612964989 0.7332104437255861
0.7590353739809992 0.7314660030364991
0.7540863492987913 0.7342298218031229
0.7526822993646518 0.7383489707317951
0.7576615905761721 0.7365874218750001
0.7624987986183169 0.7320374208068849
0.7582753635138508 0.7303520321273805
0.7532787488533186 0.7314264170837405
0.7548987032440306 0.733727651050091
0.7598699023437503 0.7315787502980234
0.7605305155271292 0.7285190110957623
0.7555396032727604 0.7290278330446968
0.752021507126852 0.7326901959735157
0.7570057649973037 0.7313179113388062
0.761953838329562 0.7285102473562958
0.7592412060546876 0.7248158398437502
0.7542456640625 0.72568953125
0.7531845226819068 0.728458309990764
0.7581547798877954 0.7266088601684572
0.7625117578125 0.7222540601921084
0.7578766840605811 0.7215736875152591
0.7537200000000001 0.7240731872558597
0.7585493405616424 0.7235592906252484
0.7630671865630151 0.718097797727585
0.7582838867187499 0.7178955859375002
0.7533027953338624 0.7187406784820559
0.7553924405491166 0.72029093676433
0.7603881444720737 0.7195196633456651
0.7608894082069398 0.7153457606114451
0.7558910890432448 0.7161872609433536
End
0.764529189410149 0.7162797042274662
0.7690633593749999 0.7108203125
0.7645112591552734 0.7140591528320313
0.7683037356567383 0.7171444323730469
0.7651671740454435 0.7154953173828126
0.7672894212341308 0.7198929577636718
0.7654280879330636 0.7190881845474242
0.7683808258199692 0.7212358355998992
0.7643507812500001 0.7240208203124998
0.7686519942092896 0.7227808547210692
0.764102698841095 0.7267002420806884
0.7656602734375001 0.72533515625
0.7664436997985841 0.7277133343505859
0.7660104296875001 0.7217814062500001
0.7676701013183592 0.7224085076236725
0.7644831166458128 0.7216386345672609
0.7687620872759819 0.7174175368595125
0.7646059374999999 0.718805615234375
0.7684249999999999 0.7143716113281251
0.7648307812499999 0.7177180676269531
0.7681473670133203 0.7096046543841065
0.7642807227826118 0.7160567983436585
End
0.7706281239115969 0.7086727228197788
0.7754117294643447 0.7038208989664911
0.7803185375208035 0.7072039927902818
0.7842394726562499 0.7086552352881431
0.7792978407473861 0.705742192261815
0.7743584011029079 0.7027509415891766
0.7698282512786986 0.7090092575706541
0.7741922372937203 0.7104117617940903
0.7791869672394918 0.7109698637513072
0.7839844921875002 0.7151854985237123
0.7800487755928842 0.7098307495832071
0.775062918701172 0.7086137646484375
0.7701783972358707 0.710819580230713
0.7743980503129588 0.7146237317979336
0.7793834264051915 0.7151968359708786
0.7831841360986512 0.7143156040428952
0.7781828988647461 0.7139471545410158
0.773182567793699 0.7135750803877042
0.7718333206566425 0.7177015475496651
0.7768237553957851 0.7187245999827983
0.781819369653985 0.7190556031581761
0.7801941513061526 0.7151307983398438
0.775211934553087 0.7166213613271714
0.7702688172078135 0.7154083154034615
0.773996731356336 0.7196923160503431
0.7785798246574405 0.7177158863830566
0.7737803595641257 0.7162976305258275
0.7708066512523734 0.7214207191813365
0.7757936397963392 0.720008534757197
0.7764261056518557 0.7159469226074219
0.771432233347893 0.715424558391571
0.773478123779297 0.7207409521484375
0.7784560915374757 0.7194542299652099
0.7827400000000002 0.7161667687988281
0.7780239930135013 0.7148582737386227
0.7730319262695314 0.7140055224609375
0.7725597911040579 0.7175285308962688
0.7775542012060518 0.7178995037695439
0.7825490209146592 0.7182688382163643
0.7805662438964845 0.7120251953125001
0.7755906171226504 0.7105519388182462
0.7705900197601321 0.7102116374266146
0.7749215240220357 0.712643509234041
0.7799094619750981 0.7138269539260863
0.7846067282986644 0.7137894310665128
0.7800715219512212 0.7074668477910757
0.7750871791242114 0.706377848541215
0.7701861286497119 0.70832078125
0.7745193652343754 0.7066857421874999
0.7794465345153216 0.7099654332187771
0.7843951250457768 0.7126883544158935
0.7809015665985788 0.7038574694084936
0.7760042956781018 0.7000540888421237
0.7711212813751107 0.7033605019957969
End
