2000.0 500.0
0.06238144030183554 0.4617940967336856
0.05931042235851288 0.4732076540851593
0.060028839569091795 0.4918400958251954
0.0645018053343892 0.49733838624596605
0.06611054107666016 0.47985257431030276
0.06358876892805099 0.46327211225509657
0.059878999743461614 0.4707656911945344
0.06003006317138671 0.48945840087890635
0.06439659059524536 0.49171157859802256
0.0660442307522893 0.4735720059525968
0.0629082515591383 0.46056237032532704
0.05954524630304426 0.4741586188641192
0.061615397159606226 0.49081851982340235
0.06494793931394816 0.480430692818165
0.062140179974995546 0.46661931911364213
0.05974412550926208 0.4809223756122591
0.06405081077571957 0.48921788833469165
0.06084597979068755 0.480620058412552
0.06348659218341111 0.4736588204276563
0.06191032098799944 0.48703668058156985
0.061203522295951836 0.46988335269928
0.06487344725266098 0.47106328462645436
0.06355541014119982 0.4892167069782319
0.06016382384508848 0.480153067481518
0.06274429048538208 0.4660395298290256
0.06522307705610991 0.4823942184746269
0.062353816761672495 0.49366787502765686
0.0601684033203125 0.47806044494628935
0.06263658266067505 0.4650232845211029
End
0.11309737766169127 0.4563976614134433
0.10885003207959235 0.4646246231213212
0.11009222000546753 0.48164845023572433
0.11470164062499998 0.47877562499999987
0.11382739568710325 0.4612070572662353
0.10909865540415047 0.45878857992053024
0.10758949902057645 0.4767204843139648
0.11163585029587147 0.4860249531146883
0.11588172998309133 0.4775956651687621
0.11482525012969969 0.459596722793579
0.11027535559643058 0.45313378651648756
0.1067840606209263 0.46597370680898414
0.10787425759047267 0.4846618725776672
0.11250954815785863 0.4891184083624555
0.1161681229876354 0.47656087050959456
0.11555403915405271 0.4582653967285155
0.11096353002309796 0.4517432425975798
0.10698918780848382 0.4620577494662999
0.10749158019177614 0.48162467179939145
0.11133392237965016 0.4927648478411137
0.11575633608665314 0.48523088198501607
0.11730079040527341 0.4667636376953125
0.1141777562253177 0.45216958444446315
0.11055810824722048 0.4530429083061217
0.11512208422541614 0.45968823798298825
0.11578678392878733 0.4776583532626927
0.11192433427383189 0.4888785356234014
0.10823273239303378 0.4778929582071304
0.10869305280178783 0.4592905816829205
0.11343136215209958 0.45743663032531745
0.11542168498519809 0.47316728829234844
0.11183863632202146 0.4856078958892822
0.10782554790794847 0.47688598413705824
0.10919500463048926 0.45899200549867003
0.11381647826051805 0.4614225222724676
0.1144739203095855 0.47846156370818615
0.10974405124664306 0.48035725189208983
0.10926725507497786 0.46326229361534116
0.11373821944504975 0.46650501351118084
0.11181059876531362 0.47941357603788376
0.10988780889660119 0.46567913089156154
End
0.33188667566366026 0.34312539857644586
0.330706258392334 0.35935716735839845
0.33346172340501096 0.34896620629295705
0.3295450042968243 0.34503654047355053
0.3299429022103548 0.3630602800028026
0.33406668361425396 0.36094490307807925
0.3328735990893841 0.34391828772068017
0.32833843811661007 0.34800729228615757
0.32850374790128317 0.36596826288074247
0.333133119392395 0.37113614624023433
0.33489189453124996 0.35431433593749995
0.33111546860903496 0.34409795622348777
0.3281420587611198 0.3579418592357635
0.3302207745736837 0.3741578043842316
0.33488955825835465 0.3703402052767574
0.3349972466945649 0.35144696928024277
0.3341981840896607 0.3538971004486083
0.3329476166534424 0.37051013584136955
0.32916191294223074 0.3626035294806957
0.3314962240791321 0.3479788618469238
0.33393114304363736 0.3620971050882339
0.3297650111210346 0.3647685047614574
0.329659038642943 0.34848948903560634
0.3334424340105057 0.35405217458724975
0.33028947406768805 0.3585901597595215
0.332141427076459 0.34721096062064166
0.33132267969608314 0.34989172192573553
End
0.3713165296370769 0.3355435280940496
0.370833095728755 0.3509790241742134
0.37493513256371025 0.34631796152949335
0.37181745961103585 0.33342169121220705
0.36800974435567857 0.34383467901244763
0.37090003865089266 0.35755088926076894
0.3753663618556782 0.3509727395892144
0.37413548828125 0.33402515625
0.3696849400994926 0.33880181171640755
0.3698622846221923 0.35670225613594064
0.37471040554493656 0.3575513679838181
0.3764491699218749 0.34073429687500006
0.3723844929481716 0.331698388992902
0.3683026734006357 0.34172507701257243
0.36924899510055775 0.3597034273445607
0.37400541015624994 0.36067234375000007
0.37736926925659176 0.3466852508544922
0.3753418145322799 0.3309584725856781
0.3765423262667656 0.3423884013748169
0.3735329828351736 0.35704528830051424
0.36912543300628653 0.35315775859832765
0.3710123854351043 0.3370594856452942
0.37543741023749105 0.3414009375941754
0.37303077734231943 0.3550221459579468
0.36998246228903525 0.3450226006519796
0.37395170899093144 0.33814999973654764
0.37292247939229 0.35318641571044934
0.36896364542532706 0.34567103297933954
0.37287310020834197 0.33877269137620947
0.37160764918804157 0.3480043224048617
End
0.7788586786127091 0.382966863566637
0.7828525371554494 0.39213810191869736
0.7842461138153077 0.3777172621917725
0.7795147884941103 0.3757765045166016
0.7792541250920297 0.3909117724227905
0.7839891397372635 0.39222056015595796
0.7846333984756473 0.37851796859741216
0.782503605079353 0.39152564202904705
0.7780689574613052 0.38517649664118886
0.7787692085075382 0.39652036300659177
0.783512187187672 0.396473554096222
0.7864863847845796 0.381817425647974
0.7851693748474124 0.38619520775794985
0.780922952976227 0.39526770790100096
0.7771634765625003 0.3867166677284241
0.7812394553899767 0.39626835248947145
0.7857249881580474 0.38875530019998555
0.7839047126889231 0.3789179718303681
0.7815643886685373 0.3902336903858185
0.7801373446974161 0.3791107402753831
0.783852224121094 0.38577844726562505
0.7798643038892747 0.38136074011802673
End
0.8140536174771562 0.37361659452572465
0.8157143749999999 0.36418
0.8133973010253905 0.3761373291015625
0.816242177734375 0.362884375
0.8137796708488465 0.3748168345642089
0.8166179028320313 0.36215145996093745
0.8135282812500001 0.3729140624999999
End
