513 300
0.116348 0.435429
0.127263 0.432024
0.134909 0.420972
0.14445 0.420387
0.15198 0.420685
0.157247 0.428005
0.162094 0.422096
0.15822 0.41463
0.164956 0.414572
0.171293 0.414617
0.169529 0.425986
0.178697 0.421386
0.188109 0.416212
0.193632 0.407593
0.201241 0.405526
0.204895 0.395926
0.210274 0.388135
0.218477 0.391316
0.225949 0.385392
0.233377 0.380741
0.238894 0.389211
0.245973 0.381667
0.254563 0.384697
0.24729 0.399667
0.254959 0.401275
0.262946 0.394855
0.27318 0.400773
0.266655 0.411209
0.259543 0.412971
0.253848 0.421715
0.247621 0.418333
0.242228 0.428769
0.234072 0.428684
0.226109 0.431346
0.21733 0.433366
0.207097 0.432443
0.21817 0.420614
0.230463 0.415151
0.240638 0.412368
0.236226 0.40114
0.227916 0.398509
0.222479 0.408333
0.213938 0.404833
0.209357 0.416
0.200996 0.420185
0.195635 0.429462
0.186878 0.43079
0.18002 0.437833
0.171757 0.439074
0.163192 0.440362
0.154971 0.449667
0.150903 0.438043
0.140546 0.4358
0.130754 0.446026
0.141665 0.450652
0.149025 0.459667
0.160141 0.460507
0.169148 0.454848
0.178084 0.452302
0.187391 0.449211
0.194433 0.443183
0.203682 0.450056
0.212886 0.454583
0.221322 0.457623
0.213729 0.469921
0.223105 0.477116
0.213559 0.483262
0.204149 0.491723
0.194364 0.48772
0.18421 0.488333
0.174817 0.484842
0.184416 0.47693
0.193869 0.472576
0.203704 0.476667
0.203909 0.463596
0.195804 0.457807
0.185672 0.463
0.176236 0.468636
0.167057 0.470667
0.165179 0.483258
0.156868 0.47684
0.14858 0.473667
0.139405 0.466232
0.130075 0.460118
0.117534 0.449845
0.0996477 0.464113
0.114471 0.473594
0.111725 0.485752
0.124095 0.482853
0.132494 0.489707
0.123297 0.49694
0.133817 0.504103
0.141137 0.495789
0.15096 0.501734
0.143377 0.510012
0.15368 0.514063
0.161782 0.509672
0.170554 0.512289
0.180311 0.513334
0.19085 0.513301
0.0991856 0.645142
0.116562 0.711987
0.140373 0.739936
0.165133 0.746535
0.186883 0.744171
0.210849 0.736696
0.223441 0.75875
0.217105 0.76125
0.211779 0.762619
0.205897 0.765417
0.199805 0.767381
0.194932 0.771667
0.188666 0.771667
0.184454 0.775833
0.181043 0.780417
0.17617 0.777917
0.170809 0.78125
0.165936 0.782917
0.16011 0.784697
0.153 0.78741
0.157892 0.793341
0.164066 0.797599
0.167966 0.791296
0.170809 0.79875
0.176134 0.802627
0.183236 0.803337
0.184211 0.796667
0.177875 0.795833
0.175439 0.788333
0.182505 0.78875
0.188464 0.788939
0.191228 0.78
0.198099 0.78125
0.204678 0.782778
0.202311 0.775
0.206628 0.775
0.211501 0.771667
0.216792 0.772143
0.220273 0.768333
0.225146 0.768333
0.231427 0.767222
0.236192 0.771111
0.238142 0.777963
0.229911 0.776111
0.223197 0.779
0.217105 0.78125
0.211678 0.782879
0.20809 0.789583
0.201998 0.79
0.195906 0.788333
0.192982 0.795
0.189815 0.802084
0.196395 0.802918
0.199805 0.797381
0.204192 0.802919
0.207602 0.797381
0.212388 0.801668
0.220518 0.799587
0.215616 0.793889
0.219623 0.787778
0.22363 0.792778
0.229262 0.794631
0.227652 0.785
0.232943 0.785667
0.23733 0.790419
0.241298 0.785
0.247076 0.785006
0.244639 0.777381
0.250877 0.776667
0.255902 0.776115
0.260667 0.770186
0.264376 0.764583
0.269736 0.761256
0.260451 0.756111
0.265525 0.755
0.270537 0.751667
0.275395 0.752778
0.280214 0.747086
0.285331 0.737918
0.279971 0.73875
0.273879 0.741667
0.268031 0.743333
0.262183 0.745
0.25731 0.748333
0.252437 0.746667
0.252826 0.755
0.256119 0.763889
0.250731 0.764583
0.246345 0.76875
0.241131 0.766667
0.236598 0.76125
0.228801 0.75875
0.233268 0.754444
0.239279 0.753333
0.245614 0.757667
0.245614 0.75
0.233481 0.725225
0.255796 0.709502
0.277999 0.685178
0.290108 0.665308
0.308016 0.710901
0.337315 0.722441
0.359948 0.703197
0.374911 0.676529
0.400525 0.708336
0.422895 0.738363
0.451079 0.748775
0.474788 0.732444
0.489358 0.712499
0.502271 0.692465
0.511496 0.719138
0.527027 0.735674
0.546206 0.743806
0.563607 0.737866
0.575046 0.720841
0.581208 0.702567
0.588328 0.721067
0.599937 0.73785
0.617639 0.747894
0.633588 0.744717
0.64709 0.732536
0.660879 0.714823
0.671707 0.696435
0.679903 0.678407
0.687494 0.662077
0.693564 0.634052
0.694829 0.688242
0.705387 0.707722
0.719232 0.726832
0.734773 0.7374
0.749388 0.73836
0.761967 0.732456
0.778704 0.754908
0.77235 0.766865
0.766785 0.773641
0.761683 0.776667
0.764133 0.785044
0.756831 0.784181
0.750871 0.789568
0.747141 0.794753
0.756269 0.795241
0.763182 0.793525
0.770072 0.788471
0.776452 0.781668
0.771605 0.778333
0.782159 0.772841
0.778915 0.766111
0.785684 0.760556
0.787547 0.750239
0.790728 0.74262
0.773709 0.718333
0.783061 0.701944
0.79081 0.685101
0.798972 0.701656
0.80816 0.720663
0.819652 0.737038
0.830333 0.745294
0.841961 0.750381
0.849954 0.749268
0.85039 0.757083
0.847378 0.763033
0.84067 0.762198
0.835715 0.769299
0.830966 0.775476
0.832764 0.781806
0.839398 0.776111
0.844782 0.771294
0.849274 0.77786
0.8435 0.783564
0.837459 0.787035
0.844879 0.792705
0.850911 0.788428
0.855432 0.783302
0.860707 0.781785
0.868482 0.77382
0.863297 0.774142
0.859538 0.769093
0.853734 0.771667
0.855735 0.7612
0.863791 0.760463
0.870193 0.763788
0.875797 0.766306
0.880949 0.760824
0.887075 0.756773
0.892245 0.748217
0.885794 0.7463
0.879372 0.749182
0.873787 0.753973
0.867241 0.749649
0.858654 0.750144
0.862655 0.737329
0.872743 0.739609
0.880521 0.736202
0.888965 0.735588
0.895442 0.735999
0.897783 0.723148
0.891831 0.724664
0.885103 0.725118
0.875554 0.721405
0.887289 0.715135
0.893762 0.714333
0.898218 0.711191
0.890942 0.704593
0.896101 0.701445
0.90059 0.700008
0.895375 0.691871
0.899724 0.687556
0.901287 0.677015
0.900165 0.661951
0.90521 0.638386
0.907769 0.614197
0.90993 0.583812
0.910309 0.544994
0.90946 0.510317
0.890117 0.509009
0.881403 0.500713
0.907389 0.473404
0.888225 0.473446
0.879772 0.463204
0.887416 0.453839
0.879168 0.443108
0.903956 0.43148
0.88641 0.432139
0.878796 0.422957
0.884037 0.406093
0.875003 0.405562
0.872261 0.38688
0.879573 0.385534
0.870795 0.369411
0.879915 0.360135
0.869736 0.351551
0.86277 0.338177
0.869914 0.33436
0.86246 0.320398
0.882258 0.310606
0.857383 0.307431
0.857617 0.292377
0.849524 0.292294
0.841896 0.279524
0.850136 0.273793
0.866145 0.263111
0.84107 0.264936
0.838895 0.250111
0.831182 0.236935
0.823163 0.247319
0.814989 0.254064
0.808779 0.246337
0.814446 0.242584
0.810573 0.235372
0.80912 0.226398
0.819206 0.224358
0.807801 0.215375
0.799523 0.212132
0.792034 0.211078
0.783195 0.210566
0.776587 0.218704
0.783537 0.221667
0.791423 0.221
0.798808 0.222691
0.802351 0.227197
0.795322 0.228333
0.787037 0.228333
0.778509 0.227917
0.772255 0.22537
0.766992 0.217162
0.74619 0.216771
0.752904 0.235414
0.757686 0.230764
0.762999 0.228897
0.767706 0.233519
0.773294 0.235
0.77681 0.24261
0.780945 0.235417
0.785993 0.240238
0.789056 0.235
0.794347 0.238333
0.798803 0.235
0.80399 0.239169
0.798895 0.24537
0.792398 0.245833
0.788499 0.249286
0.782474 0.247121
0.776803 0.251676
0.77193 0.255
0.766813 0.257917
0.761488 0.260723
0.754971 0.261667
0.74713 0.257593
0.751137 0.254444
0.755918 0.251667
0.761158 0.251695
0.767057 0.25
0.771199 0.244583
0.764896 0.242038
0.758869 0.241667
0.752437 0.245417
0.747626 0.241667
0.744 0.249919
0.738867 0.257821
0.730573 0.259842
0.739209 0.266429
0.74537 0.265417
0.751245 0.269444
0.757066 0.272083
0.761209 0.269167
0.7665 0.268809
0.770468 0.265833
0.775411 0.261667
0.780879 0.260455
0.78655 0.258333
0.792008 0.26
0.79654 0.254583
0.802388 0.252083
0.807269 0.255828
0.810446 0.262045
0.80213 0.260707
0.798246 0.265
0.794834 0.269583
0.789582 0.274259
0.786306 0.267917
0.780702 0.27
0.77461 0.27125
0.777048 0.278762
0.782094 0.277857
0.785436 0.281667
0.78655 0.288333
0.793372 0.291
0.788499 0.295952
0.781849 0.293075
0.779077 0.287222
0.77461 0.28875
0.76998 0.291667
0.765757 0.287593
0.770739 0.279444
0.765107 0.278333
0.759259 0.281667
0.753628 0.280556
0.747347 0.277222
0.743108 0.274524
0.73806 0.275417
0.733702 0.270556
0.72807 0.271667
0.721317 0.271224
0.720697 0.285504
0.725944 0.283788
0.731319 0.280926
0.736111 0.285417
0.741472 0.284583
0.745614 0.289286
0.749838 0.285556
0.753968 0.291667
0.759649 0.291667
0.765107 0.297381
0.761109 0.302869
0.767223 0.306433
0.770955 0.302482
0.77484 0.297383
0.78201 0.300933
0.778025 0.306217
0.784703 0.309189
0.789884 0.30436
0.795809 0.3
0.800324 0.295245
0.807281 0.295421
0.817848 0.292141
0.809033 0.282105
0.801133 0.286646
0.792885 0.282917
0.79654 0.277917
0.802144 0.28
0.802701 0.273571
0.804752 0.267799
0.809889 0.271617
0.815895 0.267721
0.822694 0.26645
0.829161 0.262685
0.826478 0.275551
0.819898 0.279991
0.825907 0.285348
0.832588 0.289086
0.835021 0.3011
0.826706 0.299667
0.820338 0.306111
0.812768 0.306333
0.806467 0.313551
0.817993 0.321087
0.827578 0.314365
0.838334 0.312971
0.843057 0.326895
0.832591 0.326587
0.823852 0.33303
0.812935 0.334524
0.803351 0.340873
0.794591 0.332778
0.803314 0.326167
0.796474 0.314697
0.787427 0.321167
0.779243 0.329344
0.783816 0.335282
0.787689 0.34379
0.781785 0.347593
0.777669 0.342407
0.772515 0.346667
0.7673 0.347917
0.760433 0.349934
0.765219 0.356774
0.770209 0.35887
0.776218 0.355333
0.780839 0.359583
0.78682 0.355051
0.797154 0.352333
0.808931 0.353025
0.819444 0.350555
0.827896 0.344474
0.837232 0.339603
0.846829 0.345128
0.838079 0.35413
0.829868 0.358148
0.82382 0.367933
0.81384 0.366014
0.807145 0.37587
0.799805 0.368733
0.791206 0.366111
0.782766 0.370882
0.773568 0.366443
0.76158 0.368968
0.753072 0.364565
0.751555 0.349603
0.742331 0.345175
0.736133 0.355
0.743889 0.364487
0.733106 0.369861
0.721659 0.375719
0.717799 0.363753
0.726475 0.358333
0.71613 0.348793
0.722807 0.342333
0.731042 0.340767
0.73679 0.333017
0.731752 0.329444
0.726539 0.32774
0.719126 0.327941
0.712469 0.331806
0.71008 0.315568
0.71978 0.311111
0.724045 0.316526
0.729776 0.31875
0.735868 0.321667
0.741066 0.321111
0.742873 0.328423
0.749708 0.335167
0.758285 0.336667
0.766355 0.337844
0.773554 0.33537
0.76902 0.32823
0.775061 0.32273
0.774272 0.311611
0.764349 0.317037
0.757539 0.32402
0.749865 0.319513
0.745125 0.315815
0.739766 0.313333
0.734162 0.312083
0.729803 0.307222
0.724821 0.304259
0.734162 0.30125
0.740156 0.305
0.747347 0.307963
0.754193 0.310827
0.75447 0.301749
0.749296 0.297222
0.743665 0.297222
0.73806 0.294583
0.731725 0.292083
0.726511 0.295333
0.71994 0.295419
0.714773 0.302893
0.704564 0.298401
0.699957 0.275296
0.681831 0.285931
0.674697 0.27938
0.669945 0.272273
0.677567 0.26374
0.6703 0.261364
0.669274 0.252027
0.663499 0.25125
0.657895 0.248333
0.663959 0.242407
0.669508 0.220077
0.65173 0.205758
0.631067 0.224809
0.638402 0.23
0.644699 0.230385
0.652697 0.233333
0.658138 0.23875
0.652047 0.245
0.64673 0.240758
0.640568 0.240556
0.632943 0.238333
0.626725 0.236068
0.620264 0.234077
0.603188 0.224966
0.61436 0.243519
0.620614 0.244583
0.625313 0.248333
0.630604 0.248333
0.636236 0.247222
0.640908 0.251667
0.645955 0.25125
0.648148 0.259286
0.65229 0.254583
0.658544 0.257963
0.66392 0.263788
0.658127 0.26904
0.653996 0.264048
0.649854 0.26875
0.644807 0.268333
0.640351 0.275
0.634259 0.275417
0.627355 0.27463
0.621832 0.275
0.616715 0.272083
0.611355 0.27125
0.606363 0.276012
0.605154 0.267045
0.610276 0.262619
0.614766 0.26
0.619396 0.264167
0.624513 0.265417
0.630604 0.267381
0.637102 0.267963
0.642057 0.26125
0.636452 0.258333
0.631579 0.258333
0.62768 0.258333
0.622563 0.255417
0.616309 0.252037
0.608807 0.253788
0.587509 0.254888
0.569936 0.23821
0.559941 0.240278
0.55644 0.230549
0.552236 0.222378
0.545224 0.219333
0.538012 0.221667
0.531639 0.217564
0.538847 0.209707
0.524481 0.207066
0.522278 0.220714
0.525125 0.225741
0.517412 0.225646
0.510599 0.232379
0.518784 0.234697
0.525341 0.235
0.531012 0.229545
0.537281 0.23125
0.542667 0.228669
0.547411 0.23237
0.551529 0.238483
0.554367 0.244909
0.557997 0.252024
0.564915 0.253825
0.56073 0.261227
0.567036 0.264543
0.563791 0.272513
0.570334 0.277403
0.570942 0.289623
0.574513 0.301526
0.571659 0.312319
0.576565 0.321677
0.575099 0.335846
0.575362 0.349942
0.575659 0.364031
0.574755 0.378839
0.574865 0.393391
0.576013 0.40836
0.5667 0.407047
0.560986 0.417698
0.554093 0.410154
0.549462 0.399882
0.541793 0.4094
0.534438 0.415794
0.532767 0.398175
0.540936 0.391087
0.550682 0.38529
0.541859 0.377456
0.531423 0.381
0.529063 0.364697
0.539397 0.36693
0.550937 0.368244
0.551657 0.353334
0.544013 0.354649
0.535552 0.352936
0.525863 0.349169
0.530615 0.341724
0.524434 0.339118
0.521418 0.330232
0.528265 0.331667
0.534324 0.335265
0.542142 0.338175
0.550887 0.340263
0.551076 0.327085
0.543835 0.320992
0.538119 0.323333
0.533138 0.325
0.526207 0.323889
0.519358 0.319686
0.516842 0.310956
0.523636 0.30875
0.52562 0.315952
0.532164 0.315667
0.536308 0.30928
0.529023 0.306111
0.523113 0.300714
0.517163 0.301992
0.51217 0.298311
0.510341 0.287779
0.515811 0.290556
0.52162 0.290455
0.527047 0.29125
0.530756 0.297593
0.537037 0.298333
0.540657 0.303095
0.544331 0.308165
0.551086 0.313177
0.551444 0.301726
0.547027 0.29875
0.54347 0.292667
0.551177 0.291443
0.548193 0.284565
0.539853 0.285741
0.534844 0.29125
0.532895 0.283333
0.52729 0.282619
0.523392 0.277381
0.518519 0.280333
0.513402 0.277917
0.50748 0.278617
0.502325 0.268875
0.507797 0.268333
0.513402 0.26875
0.518031 0.265833
0.522661 0.269583
0.529518 0.265952
0.534438 0.268889
0.52989 0.27463
0.537254 0.276111
0.543129 0.277917
0.548336 0.274691
0.543372 0.269167
0.545116 0.261559
0.539543 0.263571
0.534763 0.261111
0.537687 0.255556
0.542599 0.251921
0.53648 0.248333
0.540592 0.241078
0.535088 0.238333
0.530945 0.242083
0.525585 0.244583
0.51925 0.244583
0.513645 0.241667
0.507379 0.244548
0.514202 0.250238
0.522417 0.252333
0.530972 0.251296
0.528683 0.258333
0.523636 0.26125
0.515811 0.257963
0.509747 0.257667
0.505458 0.253
0.502174 0.259423
0.49307 0.249966
0.472829 0.251919
0.462805 0.252833
0.454678 0.256111
0.449561 0.262083
0.443714 0.264583
0.437865 0.264583
0.432164 0.263333
0.424863 0.263788
0.428265 0.255
0.433138 0.249333
0.438597 0.255667
0.446069 0.25537
0.44282 0.247963
0.449903 0.247333
0.453216 0.240714
0.457505 0.244
0.464119 0.242022
0.462719 0.228873
0.453801 0.232333
0.447802 0.232037
0.441521 0.230394
0.433889 0.232682
0.444445 0.239
0.437267 0.242273
0.427327 0.242454
0.421563 0.251667
0.41679 0.259257
0.413396 0.270833
0.420964 0.271061
0.42885 0.273333
0.435429 0.273333
0.442008 0.2725
0.450617 0.271667
0.44709 0.276905
0.442913 0.281667
0.437378 0.28125
0.430799 0.283333
0.423977 0.281667
0.41886 0.284167
0.416179 0.278333
0.409388 0.280591
0.405317 0.290297
0.413344 0.289545
0.418372 0.295417
0.423002 0.293333
0.427632 0.292083
0.43348 0.29125
0.439571 0.289286
0.437622 0.297381
0.441799 0.300238
0.437622 0.307381
0.433166 0.301667
0.427875 0.301667
0.421784 0.304583
0.416736 0.305
0.411572 0.299848
0.405653 0.303
0.40103 0.312648
0.408382 0.311667
0.413673 0.311667
0.418372 0.315417
0.42422 0.312083
0.42885 0.311667
0.433507 0.312778
0.440789 0.313333
0.446128 0.306818
0.451511 0.303333
0.455382 0.306852
0.461564 0.304817
0.463313 0.314004
0.457672 0.315
0.450617 0.316481
0.445663 0.317917
0.442495 0.325417
0.437865 0.32125
0.43459 0.327593
0.429825 0.321667
0.423698 0.320714
0.418129 0.325
0.42422 0.32875
0.429268 0.331667
0.424488 0.337362
0.419339 0.338206
0.414697 0.333932
0.408706 0.330875
0.412281 0.321667
0.405883 0.322125
0.398331 0.326431
0.399099 0.341032
0.407958 0.343315
0.397544 0.355267
0.40809 0.357833
0.416002 0.352879
0.424435 0.358333
0.43384 0.358943
0.44239 0.354599
0.448567 0.356233
0.453216 0.35
0.457548 0.343518
0.465444 0.345774
0.460189 0.352807
0.458233 0.363368
0.45186 0.364948
0.444093 0.367324
0.43725 0.374841
0.428477 0.372043
0.420482 0.368627
0.413468 0.372893
0.403043 0.370072
0.393949 0.371383
0.392487 0.390897
0.400666 0.386806
0.409624 0.383233
0.416667 0.382917
0.420728 0.377593
0.425675 0.381259
0.430361 0.38607
0.423977 0.389762
0.419834 0.392083
0.414474 0.39125
0.409365 0.3965
0.414237 0.403859
0.418992 0.40008
0.422919 0.405998
0.426297 0.418651
0.41453 0.417949
0.403704 0.419667
0.402453 0.405555
0.392548 0.408606
0.391813 0.425
0.391601 0.439783
0.402696 0.434722
0.411981 0.436538
0.421092 0.4314
0.432911 0.429028
0.441255 0.435152
0.450589 0.428623
0.442114 0.418768
0.454308 0.414733
0.462151 0.425694
0.471442 0.430833
0.467419 0.441825
0.457285 0.440942
0.448046 0.44587
0.437134 0.449028
0.42823 0.444091
0.420521 0.449394
0.413512 0.455877
0.40633 0.452544
0.399025 0.4505
0.390633 0.453596
0.391601 0.466449
0.390262 0.481735
0.399621 0.477667
0.402998 0.467222
0.412033 0.470937
0.421773 0.467391
0.430292 0.4634
0.438777 0.465152
0.44701 0.463266
0.455166 0.460897
0.464262 0.466856
0.463192 0.453627
0.471786 0.455877
0.476973 0.466529
0.486667 0.469838
0.487524 0.452067
0.478947 0.4458
0.488127 0.435303
0.479975 0.428182
0.488399 0.41687
0.471329 0.415139
0.48033 0.410909
0.487368 0.395027
0.47872 0.394722
0.469913 0.398043
0.462729 0.405533
0.453996 0.3982
0.444363 0.404861
0.433808 0.409203
0.427523 0.39744
0.437109 0.393246
0.444656 0.387464
0.451546 0.380556
0.459958 0.383194
0.469244 0.38179
0.480272 0.378815
0.482435 0.366413
0.468187 0.3662
0.473303 0.35442
0.4806 0.350365
0.4779 0.335177
0.470263 0.334807
0.464878 0.33232
0.460526 0.33625
0.455382 0.332778
0.450617 0.338704
0.447125 0.345417
0.442495 0.345
0.436972 0.346234
0.426511 0.34628
0.432764 0.338351
0.439355 0.336111
0.444027 0.334524
0.447647 0.329762
0.451592 0.327222
0.454841 0.321111
0.460039 0.325
0.466453 0.321839
0.475489 0.318941
0.46995 0.309146
0.470078 0.297081
0.460456 0.295815
0.454949 0.292778
0.449875 0.295476
0.445094 0.294444
0.446069 0.287778
0.450292 0.285
0.453773 0.28119
0.459064 0.285
0.465027 0.288253
0.464662 0.278423
0.458674 0.275
0.455653 0.2675
0.460364 0.261296
0.465016 0.267028
0.477732 0.265697
0.480883 0.279181
0.488171 0.283162
0.485587 0.297892
0.493674 0.299118
0.494267 0.313329
0.494249 0.327835
0.502088 0.329362
0.498412 0.346348
0.506367 0.345219
0.508122 0.359445
0.50146 0.36447
0.5103 0.375
0.504105 0.380935
0.509718 0.392612
0.507639 0.40802
0.514414 0.408368
0.515603 0.424985
0.508842 0.424966
0.508945 0.440438
0.51604 0.442244
0.510356 0.455208
0.516894 0.458889
0.509844 0.473667
0.516723 0.475351
0.536783 0.462246
0.547807 0.46661
0.559607 0.469015
0.570479 0.469265
0.581271 0.465924
0.592054 0.463587
0.601415 0.456044
0.609304 0.452633
0.594154 0.449135
0.585633 0.452193
0.575939 0.454186
0.566307 0.454697
0.556191 0.453551
0.546989 0.453597
0.538174 0.447361
0.534744 0.431863
0.541813 0.431167
0.547912 0.422018
0.555733 0.430454
0.549025 0.440167
0.562293 0.440942
0.567982 0.429861
0.574886 0.425555
0.596985 0.423844
0.604171 0.429721
0.614227 0.437445
0.624074 0.4405
0.619134 0.45225
0.630604 0.449425
0.638522 0.445118
0.648237 0.445909
0.658048 0.445206
0.668329 0.447372
0.673294 0.436833
0.665781 0.430758
0.654821 0.430385
0.647466 0.4205
0.643009 0.432121
0.632008 0.4294
0.622807 0.426667
0.61371 0.422143
0.607418 0.413597
0.596816 0.409127
0.603923 0.403125
0.615857 0.40442
0.62357 0.413116
0.630976 0.405635
0.637427 0.416667
0.644152 0.406333
0.654727 0.409722
0.662086 0.417833
0.672605 0.415837
0.664186 0.40197
0.673265 0.399383
0.671028 0.384339
0.661262 0.388333
0.652511 0.395317
0.64391 0.391232
0.63535 0.392971
0.624014 0.394206
0.61501 0.387857
0.607398 0.391349
0.597127 0.391676
0.596186 0.374465
0.603119 0.377333
0.609069 0.369127
0.616862 0.371333
0.626511 0.367333
0.62225 0.38
0.629916 0.381667
0.636098 0.372424
0.644342 0.376111
0.653657 0.378333
0.662907 0.372143
0.671078 0.36842
0.669835 0.352409
0.662281 0.354833
0.656311 0.362292
0.648891 0.361825
0.640448 0.358667
0.631584 0.354419
0.624544 0.35252
0.617399 0.357234
0.606534 0.354565
0.597345 0.358661
0.59576 0.341274
0.602511 0.339706
0.61031 0.339447
0.616959 0.339286
0.615782 0.347597
0.622563 0.344583
0.62924 0.344
0.636963 0.34549
0.641171 0.338585
0.648148 0.345952
0.6562 0.342101
0.665731 0.339815
0.664462 0.327494
0.654047 0.326765
0.645401 0.330091
0.64127 0.321667
0.646086 0.316185
0.650723 0.312985
0.655828 0.312473
0.662422 0.315661
0.661705 0.305568
0.659 0.29924
0.653779 0.302037
0.646589 0.305
0.641186 0.306905
0.639701 0.314444
0.634503 0.315
0.628899 0.315417
0.624199 0.311667
0.6182 0.313485
0.612912 0.308499
0.606781 0.315481
0.612476 0.319667
0.617516 0.325
0.622807 0.321667
0.629305 0.324259
0.635088 0.326
0.638158 0.3325
0.632337 0.336111
0.626316 0.333333
0.621248 0.333333
0.614035 0.331667
0.608585 0.32789
0.59921 0.326403
0.598704 0.312581
0.601196 0.299483
0.603187 0.285694
0.60861 0.285466
0.61306 0.282333
0.618692 0.282778
0.625244 0.2825
0.63277 0.283148
0.635586 0.290926
0.631092 0.2975
0.628411 0.29
0.622807 0.291667
0.616309 0.292037
0.609094 0.295663
0.614475 0.299437
0.620503 0.302576
0.626706 0.303333
0.633528 0.305667
0.638402 0.3
0.641975 0.293889
0.646199 0.296667
0.65183 0.293889
0.656269 0.289169
0.647174 0.288333
0.640107 0.285417
0.644466 0.279444
0.649881 0.280185
0.654049 0.277219
0.662938 0.274991
0.666507 0.282116
0.670628 0.28931
0.676181 0.298333
0.685345 0.298606
0.680469 0.313163
0.688693 0.313945
0.693348 0.328067
0.685453 0.333549
0.694525 0.344593
0.690364 0.3567
0.699221 0.364685
0.693237 0.375455
0.698672 0.387428
0.694403 0.402175
0.702197 0.405707
0.698327 0.421129
0.702543 0.437857
0.695295 0.438559
0.695661 0.454065
0.702392 0.461813
0.71973 0.460098
0.730833 0.462432
0.725612 0.448188
0.736992 0.448974
0.745259 0.459091
0.739576 0.469671
0.750753 0.473778
0.761219 0.475184
0.776343 0.476033
0.785013 0.473691
0.767385 0.462509
0.755828 0.459533
0.763608 0.451039
0.755476 0.441068
0.747902 0.44413
0.741437 0.432937
0.73205 0.434028
0.721845 0.434804
0.721257 0.418333
0.728998 0.417857
0.738491 0.417436
0.749282 0.42304
0.758525 0.414756
0.768352 0.421537
0.77856 0.427861
0.777142 0.411667
0.785861 0.412681
0.790788 0.398914
0.777778 0.395972
0.767799 0.406111
0.767349 0.393167
0.7577 0.397133
0.749079 0.403518
0.740694 0.40119
0.732308 0.401667
0.721949 0.402877
0.718993 0.390124
0.72768 0.387167
0.735047 0.384649
0.743799 0.383046
0.752865 0.382467
0.763353 0.381333
0.773436 0.380455
0.78336 0.385
0.792058 0.381667
0.800254 0.389284
0.809435 0.393258
0.817522 0.383272
0.827308 0.384697
0.834633 0.3725
0.84308 0.366579
0.850794 0.36375
0.853756 0.38341
0.845401 0.38119
0.837321 0.38803
0.847572 0.396739
0.855417 0.404103
0.856824 0.422062
0.84751 0.416061
0.840237 0.407083
0.832575 0.399444
0.823841 0.400072
0.816161 0.403571
0.808835 0.412297
0.802062 0.419483
0.798321 0.43314
0.807815 0.432424
0.815705 0.425435
0.822937 0.419167
0.83114 0.415555
0.837476 0.42625
0.846809 0.430942
0.856443 0.438534
0.844311 0.444298
0.834503 0.442067
0.826162 0.437143
0.817439 0.443846
0.807738 0.447174
0.794328 0.445739
0.803083 0.458012
0.812653 0.463633
0.823136 0.458923
0.833247 0.458113
0.842875 0.45693
0.851805 0.454524
0.859909 0.455625
0.859367 0.489104
0.8518 0.493969
0.848114 0.484042
0.84057 0.490388
0.831522 0.490161
0.821639 0.491666
0.812437 0.494441
0.80366 0.498581
0.795221 0.500522
0.787252 0.50323
0.779989 0.503594
0.772259 0.506822
0.763334 0.506492
0.753431 0.506631
0.748622 0.498226
0.740156 0.50408
0.727911 0.498604
0.734655 0.492244
0.721252 0.483325
0.717907 0.498066
0.708932 0.518257
0.701583 0.588263
0.708778 0.550818
0.701607 0.498855
0.693489 0.490274
0.668536 0.477796
0.657836 0.477048
0.6483 0.478979
0.638212 0.48052
0.629404 0.481547
0.621624 0.485214
0.61447 0.486868
0.607218 0.490672
0.599857 0.497544
0.595454 0.489566
0.58902 0.498944
0.579922 0.495
0.578898 0.504961
0.56673 0.507167
0.569445 0.496182
0.557874 0.495638
0.554898 0.505387
0.545709 0.497802
0.536453 0.495022
0.514892 0.491319
0.509577 0.515511
0.512197 0.528377
0.52068 0.55309
0.486395 0.506451
0.471544 0.506465
0.480689 0.497112
0.472066 0.492026
0.463188 0.492179
0.452225 0.489971
0.456775 0.503565
0.444789 0.502763
0.440311 0.490072
0.426089 0.492031
0.433712 0.501787
0.42335 0.505416
0.415488 0.500749
0.406991 0.498507
0.39566 0.502227
0.40511 0.511897
0.394238 0.515545
0.376839 0.513322
0.38187 0.539652
0.370679 0.540611
0.363204 0.525546
0.356371 0.52882
0.348483 0.528716
0.340919 0.53318
0.333737 0.532502
0.327072 0.533899
0.319325 0.532491
0.311183 0.535623
0.305797 0.505204
0.315465 0.502143
0.324128 0.503704
0.331744 0.49961
0.356981 0.497441
0.366338 0.49768
0.360131 0.48106
0.367892 0.481089
0.368937 0.465588
0.362449 0.463109
0.371012 0.449411
0.364451 0.446504
0.366494 0.431704
0.372961 0.429238
0.367894 0.414601
0.37411 0.407546
0.370765 0.395235
0.372633 0.380916
0.372363 0.365015
0.372085 0.348798
0.373199 0.333754
0.369956 0.321442
0.366111 0.308249
0.373668 0.305481
0.364019 0.296898
0.367968 0.290706
0.37343 0.288933
0.362898 0.284769
0.368687 0.27803
0.360741 0.276092
0.357707 0.267554
0.363725 0.266212
0.369821 0.268825
0.369777 0.257054
0.363158 0.254667
0.357666 0.258946
0.354356 0.253035
0.357456 0.245417
0.364374 0.244935
0.360299 0.237963
0.354018 0.236111
0.35039 0.230417
0.359268 0.225418
0.350877 0.222333
0.344488 0.227222
0.33845 0.22875
0.334308 0.224048
0.32885 0.22
0.334662 0.214394
0.341131 0.219
0.347097 0.21341
0.339204 0.208324
0.329867 0.204349
0.323776 0.210402
0.317158 0.215205
0.322612 0.221667
0.312936 0.225396
0.318713 0.231
0.325536 0.229
0.331802 0.231667
0.325954 0.236429
0.326754 0.244583
0.332115 0.242083
0.336501 0.237917
0.342105 0.235952
0.347396 0.238333
0.350911 0.245208
0.342523 0.244603
0.337963 0.24875
0.343227 0.254782
0.338694 0.260833
0.344891 0.262754
0.346561 0.270512
0.339073 0.271296
0.334308 0.267381
0.331245 0.273095
0.331871 0.280417
0.328216 0.285417
0.322612 0.291667
0.32846 0.295
0.334308 0.297381
0.334308 0.289286
0.338596 0.284
0.340806 0.277778
0.345725 0.277381
0.348201 0.282697
0.349772 0.289667
0.344271 0.290556
0.340156 0.295
0.349902 0.298333
0.344298 0.302083
0.338207 0.302619
0.338207 0.31
0.344055 0.310714
0.350179 0.30776
0.352128 0.315057
0.347396 0.318333
0.351841 0.325019
0.346004 0.328333
0.352083 0.335158
0.347516 0.339636
0.342748 0.339786
0.337772 0.343134
0.329432 0.347881
0.334254 0.351172
0.341231 0.352678
0.350614 0.349609
0.349691 0.360194
0.349853 0.373144
0.342564 0.368137
0.335283 0.368333
0.327024 0.37079
0.319226 0.376228
0.330232 0.384242
0.339376 0.385167
0.347939 0.384977
0.346535 0.397323
0.346183 0.4097
0.344595 0.422228
0.342841 0.435307
0.334131 0.424697
0.32383 0.425
0.312242 0.424733
0.302956 0.428611
0.315465 0.438827
0.326716 0.437807
0.334223 0.442971
0.341515 0.451667
0.336024 0.463668
0.324795 0.452333
0.315636 0.454649
0.307865 0.457029
0.303269 0.444744
0.293372 0.445
0.28409 0.445635
0.276071 0.454846
0.285664 0.460757
0.295043 0.460555
0.301701 0.468788
0.308119 0.477174
0.317228 0.468968
0.326355 0.468466
0.333415 0.480738
0.324477 0.487899
0.317072 0.483947
0.310228 0.491667
0.300824 0.493596
0.295906 0.484
0.290588 0.476111
0.281839 0.474663
0.272607 0.47059
0.259431 0.464804
0.25449 0.464874
0.248798 0.467444
0.241941 0.470245
0.247981 0.460238
0.241542 0.457545
0.247271 0.452578
0.254681 0.454535
0.25928 0.447287
0.272819 0.438062
0.282119 0.432121
0.293815 0.429091
0.287029 0.420373
0.29411 0.410376
0.303119 0.412246
0.300115 0.39704
0.308454 0.397982
0.313309 0.409091
0.322866 0.411956
0.335749 0.410797
0.334574 0.398182
0.324747 0.399286
0.320013 0.390556
0.31298 0.387157
0.305841 0.381954
0.31026 0.368101
0.31528 0.364558
0.313569 0.35602
0.320542 0.358508
0.326915 0.356148
0.32122 0.349762
0.314809 0.34784
0.315197 0.338344
0.319688 0.341667
0.323726 0.340714
0.327625 0.340238
0.331189 0.334333
0.335526 0.334167
0.33927 0.328939
0.34243 0.321111
0.339506 0.317222
0.334795 0.317083
0.331384 0.322083
0.326754 0.32875
0.320663 0.331667
0.315666 0.326629
0.323587 0.321667
0.318349 0.316822
0.314858 0.311494
0.322856 0.31125
0.328893 0.313148
0.331384 0.305
0.324805 0.303333
0.319932 0.302083
0.314666 0.301431
0.315449 0.292354
0.312398 0.283634
0.318713 0.284048
0.323587 0.280833
0.323169 0.273571
0.316764 0.275
0.31046 0.273593
0.308365 0.264714
0.314815 0.265
0.320906 0.265417
0.326754 0.267917
0.328243 0.260185
0.334064 0.257917
0.331628 0.250833
0.323853 0.253182
0.317934 0.256667
0.310916 0.255
0.305133 0.256617
0.300871 0.248259
0.305558 0.241134
0.308317 0.246852
0.315465 0.247963
0.320308 0.242273
0.313515 0.238704
0.309017 0.233382
0.291981 0.228548
0.26996 0.234761
0.261393 0.228561
0.252854 0.219686
0.243145 0.228889
0.234821 0.219962
0.224846 0.217865
0.218908 0.218667
0.212476 0.213
0.203108 0.210786
0.194341 0.212012
0.187321 0.216936
0.181043 0.2225
0.174356 0.225105
0.168453 0.230026
0.174464 0.233333
0.178363 0.240714
0.172515 0.240714
0.165426 0.238636
0.159271 0.240494
0.157786 0.249444
0.164912 0.249
0.170175 0.25
0.17617 0.24875
0.182505 0.245417
0.187831 0.244048
0.192982 0.245
0.197368 0.244167
0.201998 0.23875
0.207359 0.237917
0.21345 0.235
0.206628 0.229
0.199561 0.23125
0.193957 0.235
0.187026 0.236111
0.180033 0.233571
0.182911 0.228889
0.188542 0.227222
0.193713 0.225417
0.197856 0.219167
0.201998 0.222083
0.207359 0.21875
0.21315 0.223462
0.219542 0.22875
0.225845 0.232673
0.21967 0.238333
0.224199 0.246908
0.233593 0.240555
0.240504 0.249207
0.235948 0.257151
0.243123 0.260185
0.247745 0.254871
0.254727 0.253823
0.247083 0.243556
0.255036 0.238333
0.264706 0.250139
0.276313 0.250821
0.283006 0.262718
0.289215 0.273922
0.290439 0.286157
0.293781 0.298482
0.295131 0.314912
0.294928 0.331209
0.292905 0.345379
0.290944 0.35998
0.282824 0.369408
0.287501 0.377938
0.28083 0.389601
0.272027 0.3865
0.263854 0.378968
0.274701 0.372313
0.268478 0.364533
0.260992 0.358889
0.251411 0.357105
0.255183 0.369848
0.244196 0.36803
0.236124 0.367105
0.227268 0.36769
0.220906 0.357957
0.214542 0.352206
0.206168 0.350175
0.192422 0.352905
0.186959 0.355306
0.185175 0.362434
0.180068 0.365417
0.174681 0.366111
0.170998 0.359815
0.179337 0.356667
0.178363 0.348333
0.184211 0.346667
0.189815 0.344583
0.195562 0.344691
0.199414 0.338768
0.206134 0.337814
0.2154 0.34
0.224526 0.342576
0.235478 0.340333
0.23188 0.353333
0.242226 0.351984
0.248743 0.34307
0.258187 0.344667
0.267829 0.347866
0.271198 0.330901
0.263312 0.331316
0.255303 0.33049
0.247563 0.328333
0.239998 0.329286
0.229045 0.33
0.222842 0.321667
0.215352 0.327408
0.205969 0.327722
0.200049 0.327917
0.195419 0.330833
0.190492 0.333889
0.185603 0.335476
0.181287 0.338333
0.177388 0.338333
0.172758 0.337917
0.167641 0.338333
0.163743 0.338333
0.158626 0.34125
0.162281 0.3475
0.16973 0.345476
0.173246 0.350833
0.16645 0.353889
0.160262 0.355
0.155214 0.352083
0.152242 0.345667
0.147823 0.341667
0.140459 0.343889
0.13962 0.335417
0.144667 0.335
0.148635 0.330417
0.153671 0.333519
0.158869 0.331667
0.164717 0.327667
0.169591 0.328333
0.175173 0.328636
0.181611 0.327593
0.188353 0.325417
0.192982 0.32
0.198099 0.317917
0.202973 0.3175
0.209651 0.320279
0.216126 0.313379
0.211501 0.310714
0.205897 0.31125
0.196615 0.308636
0.201971 0.302778
0.207045 0.302143
0.211745 0.30125
0.21748 0.302191
0.224485 0.298472
0.229825 0.308333
0.233674 0.31875
0.240741 0.311667
0.248538 0.309167
0.256541 0.31693
0.265107 0.315
0.272904 0.315
0.272718 0.298723
0.265324 0.299074
0.256867 0.301515
0.247244 0.290724
0.240955 0.293356
0.233445 0.295471
0.235625 0.28461
0.240918 0.279545
0.246394 0.279
0.253807 0.275376
0.252951 0.285804
0.261598 0.2855
0.26975 0.28223
0.264939 0.268685
0.25684 0.264879
0.250305 0.266222
0.244883 0.26875
0.238791 0.268333
0.23206 0.265998
0.234358 0.275366
0.22843 0.281307
0.221355 0.284333
0.21475 0.28463
0.216443 0.292756
0.209552 0.291667
0.204678 0.291667
0.200362 0.291667
0.197531 0.285556
0.201998 0.28125
0.207045 0.282143
0.210526 0.277917
0.212151 0.271111
0.217739 0.275
0.223392 0.26913
0.217593 0.265417
0.224138 0.258584
0.219082 0.253889
0.215833 0.247222
0.211501 0.244048
0.207819 0.249074
0.202144 0.25
0.198134 0.256905
0.193713 0.254583
0.188666 0.251667
0.183967 0.255417
0.179476 0.257381
0.174464 0.258333
0.168894 0.260714
0.162768 0.258333
0.15692 0.256667
0.150891 0.254922
0.144618 0.263758
0.151072 0.265
0.15692 0.265
0.163012 0.267917
0.168372 0.26875
0.174464 0.268333
0.179922 0.27
0.184454 0.264583
0.189084 0.263333
0.193713 0.264583
0.201998 0.262083
0.207359 0.257917
0.21345 0.259
0.208716 0.265476
0.204094 0.271667
0.198343 0.270417
0.194688 0.274583
0.1934 0.281667
0.189084 0.276667
0.184454 0.275417
0.179337 0.281667
0.174464 0.278333
0.169591 0.278333
0.164717 0.28
0.160331 0.275833
0.154971 0.275
0.149123 0.275
0.142897 0.27495
0.140769 0.283571
0.141569 0.29125
0.146784 0.287333
0.151072 0.284048
0.15757 0.28463
0.154386 0.292667
0.161209 0.293333
0.166388 0.292619
0.168616 0.286667
0.175114 0.287963
0.182818 0.285476
0.187676 0.287222
0.192982 0.291667
0.196556 0.298704
0.189815 0.29875
0.18486 0.299444
0.182586 0.293889
0.178363 0.295952
0.172298 0.296111
0.166179 0.300833
0.15822 0.302037
0.150856 0.299444
0.145401 0.300455
0.139933 0.301667
0.136502 0.293418
0.13114 0.301231
0.131579 0.312333
0.137183 0.30875
0.143275 0.311667
0.149123 0.311
0.154321 0.309815
0.159519 0.312407
0.164501 0.309444
0.170078 0.307083
0.173489 0.311667
0.178363 0.311667
0.177388 0.303333
0.183236 0.308333
0.187135 0.308333
0.190894 0.309286
0.186485 0.317222
0.182261 0.319286
0.175439 0.32
0.168226 0.318333
0.160575 0.32125
0.155945 0.321667
0.152047 0.321667
0.147174 0.321667
0.141715 0.323333
0.136452 0.318333
0.128265 0.323333
0.136127 0.327963
0.129687 0.330764
0.131915 0.336852
0.132052 0.344208
0.126247 0.353186
0.12447 0.366569
0.114116 0.380951
0.125731 0.381667
0.136942 0.384992
0.143031 0.385417
0.14773 0.381667
0.152047 0.378333
0.156085 0.379286
0.159844 0.38
0.16416 0.378333
0.158869 0.369286
0.154414 0.367857
0.149339 0.369444
0.143665 0.375
0.135601 0.376379
0.13645 0.366791
0.144055 0.364667
0.139929 0.358685
0.137588 0.351021
0.145614 0.351667
0.149366 0.35875
0.154971 0.36
0.161933 0.362143
0.165367 0.367222
0.168616 0.371667
0.172515 0.376667
0.177388 0.375
0.181287 0.375
0.185955 0.371656
0.193385 0.37
0.199461 0.36049
0.207297 0.361188
0.213221 0.361274
0.216781 0.36622
0.219792 0.375105
0.213319 0.374608
0.207016 0.372761
0.200097 0.380667
0.194211 0.391232
0.186638 0.382395
0.180702 0.385333
0.174708 0.385417
0.168616 0.382619
0.163851 0.389074
0.16886 0.392083
0.17335 0.394524
0.176413 0.399286
0.180312 0.394048
0.185292 0.397839
0.179104 0.407267
0.172271 0.405417
0.167641 0.403333
0.163012 0.405417
0.161306 0.398333
0.157505 0.392667
0.152372 0.387963
0.146957 0.393889
0.151657 0.399333
0.155857 0.406212
0.149708 0.411333
0.145047 0.406212
0.137932 0.406889
0.141326 0.395667
0.134487 0.394598
0.124576 0.398457
0.115693 0.40473
0.124222 0.41543
0.109223 0.42304
End
