2.000000 0.500000
2.924421 -0.015519 0.117712 0.000000 0.707107 -0.000000 0.707107
2.924421 -0.025018 0.120823 0.000000 0.707107 -0.000000 0.707107
2.924421 -0.034224 0.124724 0.000000 0.707107 -0.000000 0.707107
2.924421 -0.043074 0.129374 0.000000 0.707107 -0.000000 0.707107
2.924421 -0.051500 0.134723 0.000000 0.707107 -0.000000 0.707107
2.924421 -0.059479 0.140752 0.000000 0.707107 -0.000000 0.707107
2.924421 -0.066942 0.147411 0.000000 0.707107 -0.000000 0.707107
2.924421 -0.073834 0.154661 0.000000 0.707107 -0.000000 0.707107
2.924421 -0.080096 0.162451 0.000000 0.707107 -0.000000 0.707107
2.924421 -0.085683 0.170726 0.000000 0.707107 -0.000000 0.707107
2.924421 -0.085723 0.176173 0.000000 0.707107 -0.000000 0.707107
2.924421 -0.080642 0.167605 0.000000 0.707107 -0.000000 0.707107
2.924421 -0.075091 0.159290 0.000000 0.707107 -0.000000 0.707107
2.924421 -0.068721 0.151588 0.000000 0.707107 -0.000000 0.707107
2.924421 -0.061582 0.144582 0.000000 0.707107 -0.000000 0.707107
2.924421 -0.053764 0.138348 0.000000 0.707107 -0.000000 0.707107
2.924421 -0.045448 0.132826 0.000000 0.707107 -0.000000 0.707107
2.924421 -0.036747 0.127887 0.000000 0.707107 -0.000000 0.707107
2.924421 -0.027811 0.123400 0.000000 0.707107 -0.000000 0.707107
2.924421 -0.018747 0.119174 0.000000 0.707107 -0.000000 0.707107
2.924421 -0.017788 0.114870 0.000000 0.707107 -0.000000 0.707107
2.924421 -0.027040 0.118513 0.000000 0.707107 -0.000000 0.707107
2.924421 -0.035868 0.123227 0.000000 0.707107 -0.000000 0.707107
2.924421 -0.044461 0.128344 0.000000 0.707107 -0.000000 0.707107
2.924421 -0.052819 0.133828 0.000000 0.707107 -0.000000 0.707107
2.924421 -0.060903 0.139697 0.000000 0.707107 -0.000000 0.707107
2.924421 -0.068520 0.146188 0.000000 0.707107 -0.000000 0.707107
2.924421 -0.075355 0.153477 0.000000 0.707107 -0.000000 0.707107
2.924421 -0.081352 0.161477 0.000000 0.707107 -0.000000 0.707107
2.924421 -0.086341 0.170040 0.000000 0.707107 -0.000000 0.707107
2.924421 -0.080987 0.165460 0.000000 0.707107 -0.000000 0.707107
2.924421 -0.075121 0.157354 0.000000 0.707107 -0.000000 0.707107
2.924421 -0.068641 0.149735 0.000000 0.707107 -0.000000 0.707107
2.924421 -0.061592 0.142641 0.000000 0.707107 -0.000000 0.707107
2.924421 -0.054029 0.136121 0.000000 0.707107 -0.000000 0.707107
2.924421 -0.045969 0.130192 0.000000 0.707107 -0.000000 0.707107
2.924421 -0.037485 0.124914 0.000000 0.707107 -0.000000 0.707107
2.924421 -0.028611 0.120305 0.000000 0.707107 -0.000000 0.707107
2.924421 -0.019398 0.116446 0.000000 0.707107 -0.000000 0.707107
2.924421 -0.019501 0.112334 0.000000 0.707107 -0.000000 0.707107
2.924421 -0.028464 0.116738 0.000000 0.707107 -0.000000 0.707107
2.924421 -0.037312 0.121404 0.000000 0.707107 -0.000000 0.707107
2.924421 -0.046003 0.126342 0.000000 0.707107 -0.000000 0.707107
2.924421 -0.054392 0.131812 0.000000 0.707107 -0.000000 0.707107
2.924421 -0.062106 0.138161 0.000000 0.707107 -0.000000 0.707107
2.924421 -0.069132 0.145266 0.000000 0.707107 -0.000000 0.707107
2.924421 -0.075616 0.152876 0.000000 0.707107 -0.000000 0.707107
2.924421 -0.080898 0.160917 0.000000 0.707107 -0.000000 0.707107
2.924421 -0.073981 0.154688 0.000000 0.707107 -0.000000 0.707107
2.924421 -0.067450 0.147119 0.000000 0.707107 -0.000000 0.707107
2.924421 -0.060835 0.139627 0.000000 0.707107 -0.000000 0.707107
2.924421 -0.053587 0.132759 0.000000 0.707107 -0.000000 0.707107
2.924421 -0.045542 0.126806 0.000000 0.707107 -0.000000 0.707107
2.924421 -0.036987 0.121646 0.000000 0.707107 -0.000000 0.707107
2.924421 -0.028106 0.117055 0.000000 0.707107 -0.000000 0.707107
2.924421 -0.019049 0.112819 0.000000 0.707107 -0.000000 0.707107
2.924421 -0.020345 0.109871 0.000000 0.707107 -0.000000 0.707107
2.924421 -0.029418 0.114005 0.000000 0.707107 -0.000000 0.707107
2.924421 -0.038001 0.119144 0.000000 0.707107 -0.000000 0.707107
2.924421 -0.046162 0.124907 0.000000 0.707107 -0.000000 0.707107
2.924421 -0.054001 0.131141 0.000000 0.707107 -0.000000 0.707107
2.924421 -0.061563 0.137667 0.000000 0.707107 -0.000000 0.707107
2.924421 -0.068974 0.144376 0.000000 0.707107 -0.000000 0.707107
2.924421 -0.076031 0.151457 0.000000 0.707107 -0.000000 0.707107
2.924421 -0.069799 0.148194 0.000000 0.707107 -0.000000 0.707107
2.924421 -0.063470 0.140464 0.000000 0.707107 -0.000000 0.707107
2.924421 -0.056647 0.133160 0.000000 0.707107 -0.000000 0.707107
2.924421 -0.049147 0.126543 0.000000 0.707107 -0.000000 0.707107
2.924421 -0.041052 0.120692 0.000000 0.707107 -0.000000 0.707107
2.924421 -0.032423 0.115630 0.000000 0.707107 -0.000000 0.707107
2.924421 -0.023359 0.111425 0.000000 0.707107 -0.000000 0.707107
2.924421 -0.013940 0.108096 0.000000 0.707107 -0.000000 0.707107
2.924421 -0.021544 0.107074 0.000000 0.707107 -0.000000 0.707107
2.924421 -0.030863 0.110708 0.000000 0.707107 -0.000000 0.707107
2.924421 -0.039526 0.115680 0.000000 0.707107 -0.000000 0.707107
2.924421 -0.039121 0.117987 0.000000 0.707107 -0.000000 0.707107
2.924421 -0.030672 0.112654 0.000000 0.707107 -0.000000 0.707107
2.924421 -0.021781 0.108097 0.000000 0.707107 -0.000000 0.707107
2.924421 -0.015214 0.103726 0.000000 0.707107 -0.000000 0.707107
2.924421 -0.024794 0.106492 0.000000 0.707107 -0.000000 0.707107
2.924421 -0.033544 0.111304 0.000000 0.707107 -0.000000 0.707107
2.924421 -0.041303 0.117602 0.000000 0.707107 -0.000000 0.707107
2.924421 -0.048086 0.124926 0.000000 0.707107 -0.000000 0.707107
2.924421 -0.049352 0.129800 0.000000 0.707107 -0.000000 0.707107
2.924421 -0.042977 0.122096 0.000000 0.707107 -0.000000 0.707107
2.924421 -0.035645 0.115324 0.000000 0.707107 -0.000000 0.707107
2.924421 -0.027275 0.109877 0.000000 0.707107 -0.000000 0.707107
2.924421 -0.017958 0.106304 0.000000 0.707107 -0.000000 0.707107
2.924421 -0.020232 0.105309 0.000000 0.707107 -0.000000 0.707107
2.924421 -0.029272 0.109564 0.000000 0.707107 -0.000000 0.707107
2.924421 -0.037822 0.114744 0.000000 0.707107 -0.000000 0.707107
2.924421 -0.039879 0.118359 0.000000 0.707107 -0.000000 0.707107
2.924421 -0.031345 0.113171 0.000000 0.707107 -0.000000 0.707107
2.924421 -0.022111 0.109356 0.000000 0.707107 -0.000000 0.707107
2.924421 -0.015706 0.106588 0.000000 0.707107 -0.000000 0.707107
2.924421 -0.025099 0.110004 0.000000 0.707107 -0.000000 0.707107
2.924421 -0.034123 0.114290 0.000000 0.707107 -0.000000 0.707107
2.924421 -0.042704 0.119401 0.000000 0.707107 -0.000000 0.707107
2.924421 -0.050779 0.125303 0.000000 0.707107 -0.000000 0.707107
2.924421 -0.058259 0.131944 0.000000 0.707107 -0.000000 0.707107
2.924421 -0.065056 0.139272 0.000000 0.707107 -0.000000 0.707107
2.924421 -0.071388 0.147015 0.000000 0.707107 -0.000000 0.707107
2.924421 -0.073581 0.151581 0.000000 0.707107 -0.000000 0.707107
2.924421 -0.066342 0.144680 0.000000 0.707107 -0.000000 0.707107
2.924421 -0.058917 0.137992 0.000000 0.707107 -0.000000 0.707107
2.924421 -0.051310 0.131508 0.000000 0.707107 -0.000000 0.707107
2.924421 -0.043424 0.125359 0.000000 0.707107 -0.000000 0.707107
2.924421 -0.035175 0.119708 0.000000 0.707107 -0.000000 0.707107
2.924421 -0.026496 0.114728 0.000000 0.707107 -0.000000 0.707107
2.924421 -0.017154 0.111478 0.000000 0.707107 -0.000000 0.707107
2.924421 -0.023563 0.112714 0.000000 0.707107 -0.000000 0.707107
2.924421 -0.032560 0.117058 0.000000 0.707107 -0.000000 0.707107
2.924421 -0.041336 0.121848 0.000000 0.707107 -0.000000 0.707107
2.924421 -0.049723 0.127292 0.000000 0.707107 -0.000000 0.707107
2.924421 -0.057516 0.133563 0.000000 0.707107 -0.000000 0.707107
2.924421 -0.064484 0.140722 0.000000 0.707107 -0.000000 0.707107
2.924421 -0.071034 0.148267 0.000000 0.707107 -0.000000 0.707107
2.924421 -0.077567 0.155842 0.000000 0.707107 -0.000000 0.707107
2.924421 -0.077382 0.158377 0.000000 0.707107 -0.000000 0.707107
2.924421 -0.071129 0.150582 0.000000 0.707107 -0.000000 0.707107
2.924421 -0.064414 0.143171 0.000000 0.707107 -0.000000 0.707107
2.924421 -0.057055 0.136415 0.000000 0.707107 -0.000000 0.707107
2.924421 -0.048961 0.130558 0.000000 0.707107 -0.000000 0.707107
2.924421 -0.040382 0.125396 0.000000 0.707107 -0.000000 0.707107
2.924421 -0.031591 0.120623 0.000000 0.707107 -0.000000 0.707107
2.924421 -0.022671 0.116111 0.000000 0.707107 -0.000000 0.707107
2.924421 -0.019952 0.114597 0.000000 0.707107 -0.000000 0.707107
2.924421 -0.029196 0.118398 0.000000 0.707107 -0.000000 0.707107
2.924421 -0.038077 0.122972 0.000000 0.707107 -0.000000 0.707107
2.924421 -0.046592 0.128230 0.000000 0.707107 -0.000000 0.707107
2.924421 -0.054676 0.134117 0.000000 0.707107 -0.000000 0.707107
2.924421 -0.062285 0.140585 0.000000 0.707107 -0.000000 0.707107
2.924421 -0.069393 0.147625 0.000000 0.707107 -0.000000 0.707107
2.924421 -0.075926 0.155178 0.000000 0.707107 -0.000000 0.707107
2.924421 -0.081876 0.163235 0.000000 0.707107 -0.000000 0.707107
2.924421 -0.084565 0.170632 0.000000 0.707107 -0.000000 0.707107
2.924421 -0.079457 0.162253 0.000000 0.707107 -0.000000 0.707107
2.924421 -0.073425 0.154279 0.000000 0.707107 -0.000000 0.707107
2.924421 -0.066527 0.147064 0.000000 0.707107 -0.000000 0.707107
2.924421 -0.058823 0.140695 0.000000 0.707107 -0.000000 0.707107
2.924421 -0.050722 0.134819 0.000000 0.707107 -0.000000 0.707107
2.924421 -0.042343 0.129367 0.000000 0.707107 -0.000000 0.707107
2.924421 -0.033712 0.124311 0.000000 0.707107 -0.000000 0.707107
2.924421 -0.024858 0.119668 0.000000 0.707107 -0.000000 0.707107
2.924421 -0.015600 0.117226 0.000000 0.707107 -0.000000 0.707107
2.924421 -0.023173 0.119007 0.000000 0.707107 -0.000000 0.707107
2.924421 -0.032191 0.123303 0.000000 0.707107 -0.000000 0.707107
2.924421 -0.041056 0.127934 0.000000 0.707107 -0.000000 0.707107
2.924421 -0.049643 0.133063 0.000000 0.707107 -0.000000 0.707107
2.924421 -0.057786 0.138848 0.000000 0.707107 -0.000000 0.707107
2.924421 -0.065367 0.145374 0.000000 0.707107 -0.000000 0.707107
2.924421 -0.072278 0.152604 0.000000 0.707107 -0.000000 0.707107
2.924421 -0.078423 0.160488 0.000000 0.707107 -0.000000 0.707107
2.924421 -0.083734 0.168948 0.000000 0.707107 -0.000000 0.707107
2.924421 -0.086613 0.176257 0.000000 0.707107 -0.000000 0.707107
2.924421 -0.081384 0.167733 0.000000 0.707107 -0.000000 0.707107
2.924421 -0.075451 0.159698 0.000000 0.707107 -0.000000 0.707107
2.924421 -0.068853 0.152181 0.000000 0.707107 -0.000000 0.707107
2.924421 -0.061654 0.145238 0.000000 0.707107 -0.000000 0.707107
2.924421 -0.053917 0.138923 0.000000 0.707107 -0.000000 0.707107
2.924421 -0.045668 0.133254 0.000000 0.707107 -0.000000 0.707107
2.924421 -0.036987 0.128293 0.000000 0.707107 -0.000000 0.707107
2.924421 -0.027923 0.124091 0.000000 0.707107 -0.000000 0.707107
2.924421 -0.018520 0.120677 0.000000 0.707107 -0.000000 0.707107
End
2.924421 0.053106 0.103097 0.000000 0.707107 -0.000000 0.707107
2.924421 0.045012 0.097247 0.000000 0.707107 -0.000000 0.707107
2.924421 0.036294 0.092348 0.000000 0.707107 -0.000000 0.707107
2.924421 0.027151 0.088311 0.000000 0.707107 -0.000000 0.707107
2.924421 0.017708 0.084999 0.000000 0.707107 -0.000000 0.707107
2.924421 0.008096 0.082280 0.000000 0.707107 -0.000000 0.707107
2.924421 0.004981 0.082652 0.000000 0.707107 -0.000000 0.707107
2.924421 0.014879 0.083798 0.000000 0.707107 -0.000000 0.707107
2.924421 0.024273 0.087181 0.000000 0.707107 -0.000000 0.707107
2.924421 0.033302 0.091486 0.000000 0.707107 -0.000000 0.707107
2.924421 0.042275 0.095906 0.000000 0.707107 -0.000000 0.707107
2.924421 0.050820 0.101000 0.000000 0.707107 -0.000000 0.707107
2.924421 0.051666 0.099038 0.000000 0.707107 -0.000000 0.707107
2.924421 0.044179 0.092465 0.000000 0.707107 -0.000000 0.707107
2.924421 0.035086 0.088355 0.000000 0.707107 -0.000000 0.707107
2.924421 0.025538 0.085410 0.000000 0.707107 -0.000000 0.707107
2.924421 0.015926 0.082629 0.000000 0.707107 -0.000000 0.707107
2.924421 0.006312 0.079874 0.000000 0.707107 -0.000000 0.707107
2.924421 -0.003214 0.076853 0.000000 0.707107 -0.000000 0.707107
2.924421 -0.006763 0.076118 0.000000 0.707107 -0.000000 0.707107
2.924421 0.002645 0.079525 0.000000 0.707107 -0.000000 0.707107
2.924421 0.012245 0.082322 0.000000 0.707107 -0.000000 0.707107
2.924421 0.021913 0.084886 0.000000 0.707107 -0.000000 0.707107
2.924421 0.031492 0.087757 0.000000 0.707107 -0.000000 0.707107
2.924421 0.040844 0.091305 0.000000 0.707107 -0.000000 0.707107
2.924421 0.049517 0.096187 0.000000 0.707107 -0.000000 0.707107
2.924421 0.054933 0.100206 0.000000 0.707107 -0.000000 0.707107
2.924421 0.049294 0.092244 0.000000 0.707107 -0.000000 0.707107
2.924421 0.040525 0.087491 0.000000 0.707107 -0.000000 0.707107
2.924421 0.031177 0.083965 0.000000 0.707107 -0.000000 0.707107
2.924421 0.021608 0.081052 0.000000 0.707107 -0.000000 0.707107
2.924421 0.012004 0.078287 0.000000 0.707107 -0.000000 0.707107
2.924421 0.002504 0.075161 0.000000 0.707107 -0.000000 0.707107
2.924421 -0.004786 0.074014 0.000000 0.707107 -0.000000 0.707107
2.924421 0.004496 0.077425 0.000000 0.707107 -0.000000 0.707107
2.924421 0.014288 0.079222 0.000000 0.707107 -0.000000 0.707107
2.924421 0.023933 0.081683 0.000000 0.707107 -0.000000 0.707107
2.924421 0.033176 0.085487 0.000000 0.707107 -0.000000 0.707107
2.924421 0.042348 0.089488 0.000000 0.707107 -0.000000 0.707107
2.924421 0.050791 0.094807 0.000000 0.707107 -0.000000 0.707107
2.924421 0.055975 0.095106 0.000000 0.707107 -0.000000 0.707107
2.924421 0.050309 0.087118 0.000000 0.707107 -0.000000 0.707107
2.924421 0.041700 0.082056 0.000000 0.707107 -0.000000 0.707107
2.924421 0.032546 0.078049 0.000000 0.707107 -0.000000 0.707107
2.924421 0.023031 0.074961 0.000000 0.707107 -0.000000 0.707107
2.924421 0.013264 0.072872 0.000000 0.707107 -0.000000 0.707107
2.924421 0.003388 0.071281 0.000000 0.707107 -0.000000 0.707107
2.924421 -0.002277 0.071758 0.000000 0.707107 -0.000000 0.707107
2.924421 0.006303 0.076618 0.000000 0.707107 -0.000000 0.707107
2.924421 0.016152 0.078324 0.000000 0.707107 -0.000000 0.707107
2.924421 0.025886 0.080527 0.000000 0.707107 -0.000000 0.707107
2.924421 0.035204 0.084161 0.000000 0.707107 -0.000000 0.707107
2.924421 0.044231 0.088467 0.000000 0.707107 -0.000000 0.707107
2.924421 0.052768 0.093617 0.000000 0.707107 -0.000000 0.707107
2.924421 0.053509 0.088445 0.000000 0.707107 -0.000000 0.707107
2.924421 0.045960 0.081995 0.000000 0.707107 -0.000000 0.707107
2.924421 0.037027 0.077522 0.000000 0.707107 -0.000000 0.707107
2.924421 0.027521 0.074457 0.000000 0.707107 -0.000000 0.707107
2.924421 0.017654 0.072838 0.000000 0.707107 -0.000000 0.707107
2.924421 0.007873 0.070834 0.000000 0.707107 -0.000000 0.707107
2.924421 -0.001173 0.067607 0.000000 0.707107 -0.000000 0.707107
2.924421 0.005134 0.074631 0.000000 0.707107 -0.000000 0.707107
2.924421 0.014597 0.077764 0.000000 0.707107 -0.000000 0.707107
2.924421 0.024387 0.079826 0.000000 0.707107 -0.000000 0.707107
2.924421 0.033884 0.082924 0.000000 0.707107 -0.000000 0.707107
2.924421 0.043162 0.086630 0.000000 0.707107 -0.000000 0.707107
2.924421 0.051247 0.090528 0.000000 0.707107 -0.000000 0.707107
2.924421 0.043574 0.084667 0.000000 0.707107 -0.000000 0.707107
2.924421 0.034301 0.080954 0.000000 0.707107 -0.000000 0.707107
2.924421 0.024793 0.077852 0.000000 0.707107 -0.000000 0.707107
2.924421 0.015008 0.075828 0.000000 0.707107 -0.000000 0.707107
2.924421 0.005568 0.072629 0.000000 0.707107 -0.000000 0.707107
2.924421 -0.000157 0.069553 0.000000 0.707107 -0.000000 0.707107
2.924421 0.009099 0.073253 0.000000 0.707107 -0.000000 0.707107
2.924421 0.018920 0.075045 0.000000 0.707107 -0.000000 0.707107
2.924421 0.028768 0.076817 0.000000 0.707107 -0.000000 0.707107
2.924421 0.038157 0.080191 0.000000 0.707107 -0.000000 0.707107
2.924421 0.046895 0.085045 0.000000 0.707107 -0.000000 0.707107
2.924421 0.053295 0.092499 0.000000 0.707107 -0.000000 0.707107
2.924421 0.050473 0.089583 0.000000 0.707107 -0.000000 0.707107
2.924421 0.041603 0.084978 0.000000 0.707107 -0.000000 0.707107
2.924421 0.032489 0.080838 0.000000 0.707107 -0.000000 0.707107
2.924421 0.023037 0.077630 0.000000 0.707107 -0.000000 0.707107
2.924421 0.013170 0.075972 0.000000 0.707107 -0.000000 0.707107
2.924421 0.003524 0.073533 0.000000 0.707107 -0.000000 0.707107
2.924421 -0.001594 0.071621 0.000000 0.707107 -0.000000 0.707107
2.924421 0.008042 0.074153 0.000000 0.707107 -0.000000 0.707107
2.924421 0.017893 0.075788 0.000000 0.707107 -0.000000 0.707107
2.924421 0.027553 0.078389 0.000000 0.707107 -0.000000 0.707107
2.924421 0.036871 0.081992 0.000000 0.707107 -0.000000 0.707107
2.924421 0.045757 0.086552 0.000000 0.707107 -0.000000 0.707107
2.924421 0.053145 0.093107 0.000000 0.707107 -0.000000 0.707107
2.924421 0.053461 0.094453 0.000000 0.707107 -0.000000 0.707107
2.924421 0.045276 0.088758 0.000000 0.707107 -0.000000 0.707107
2.924421 0.036204 0.084564 0.000000 0.707107 -0.000000 0.707107
2.924421 0.026952 0.080787 0.000000 0.707107 -0.000000 0.707107
2.924421 0.017489 0.077611 0.000000 0.707107 -0.000000 0.707107
2.924421 0.007591 0.076322 0.000000 0.707107 -0.000000 0.707107
2.924421 -0.001600 0.072419 0.000000 0.707107 -0.000000 0.707107
2.924421 -0.002129 0.075437 0.000000 0.707107 -0.000000 0.707107
2.924421 0.007280 0.078842 0.000000 0.707107 -0.000000 0.707107
2.924421 0.016866 0.081693 0.000000 0.707107 -0.000000 0.707107
2.924421 0.026467 0.084490 0.000000 0.707107 -0.000000 0.707107
2.924421 0.035925 0.087731 0.000000 0.707107 -0.000000 0.707107
2.924421 0.044998 0.091887 0.000000 0.707107 -0.000000 0.707107
2.924421 0.052337 0.098456 0.000000 0.707107 -0.000000 0.707107
2.924421 0.052353 0.096122 0.000000 0.707107 -0.000000 0.707107
2.924421 0.044161 0.090507 0.000000 0.707107 -0.000000 0.707107
2.924421 0.034851 0.086872 0.000000 0.707107 -0.000000 0.707107
2.924421 0.025333 0.083831 0.000000 0.707107 -0.000000 0.707107
2.924421 0.015673 0.081195 0.000000 0.707107 -0.000000 0.707107
2.924421 0.006031 0.078547 0.000000 0.707107 -0.000000 0.707107
2.924421 -0.003415 0.075316 0.000000 0.707107 -0.000000 0.707107
2.924421 -0.007547 0.076541 0.000000 0.707107 -0.000000 0.707107
2.924421 0.001537 0.080540 0.000000 0.707107 -0.000000 0.707107
2.924421 0.011141 0.083346 0.000000 0.707107 -0.000000 0.707107
2.924421 0.020748 0.086148 0.000000 0.707107 -0.000000 0.707107
2.924421 0.030341 0.088949 0.000000 0.707107 -0.000000 0.707107
2.924421 0.039750 0.092306 0.000000 0.707107 -0.000000 0.707107
2.924421 0.047927 0.097982 0.000000 0.707107 -0.000000 0.707107
2.924421 0.054700 0.103163 0.000000 0.707107 -0.000000 0.707107
2.924421 0.047688 0.096374 0.000000 0.707107 -0.000000 0.707107
2.924421 0.038725 0.091906 0.000000 0.707107 -0.000000 0.707107
2.924421 0.029770 0.087491 0.000000 0.707107 -0.000000 0.707107
2.924421 0.020596 0.083501 0.000000 0.707107 -0.000000 0.707107
2.924421 0.010947 0.080957 0.000000 0.707107 -0.000000 0.707107
2.924421 0.001343 0.081605 0.000000 0.707107 -0.000000 0.707107
2.924421 0.010229 0.084890 0.000000 0.707107 -0.000000 0.707107
2.924421 0.019808 0.087756 0.000000 0.707107 -0.000000 0.707107
2.924421 0.029177 0.091252 0.000000 0.707107 -0.000000 0.707107
2.924421 0.038207 0.095533 0.000000 0.707107 -0.000000 0.707107
2.924421 0.046746 0.100750 0.000000 0.707107 -0.000000 0.707107
End
2.924421 0.017114 0.072388 0.000000 0.707107 -0.000000 0.707107
2.924421 0.007759 0.068914 0.000000 0.707107 -0.000000 0.707107
2.924421 0.006090 0.070341 0.000000 0.707107 -0.000000 0.707107
2.924421 0.015412 0.073962 0.000000 0.707107 -0.000000 0.707107
End
2.951369 -0.175727 0.129862 -0.518863 0.480397 0.000000 0.707107
2.951782 -0.176110 0.120039 -0.518863 0.480397 0.000000 0.707107
2.956234 -0.180232 0.110947 -0.518863 0.480397 0.000000 0.707107
2.962769 -0.186283 0.103041 -0.518863 0.480397 0.000000 0.707107
2.961633 -0.185231 0.106022 -0.518863 0.480397 0.000000 0.707107
2.955497 -0.179550 0.114202 -0.518863 0.480397 0.000000 0.707107
2.951968 -0.176282 0.123637 -0.518863 0.480397 0.000000 0.707107
2.949860 -0.174331 0.117062 -0.518863 0.480397 0.000000 0.707107
2.954843 -0.178944 0.108248 -0.518863 0.480397 0.000000 0.707107
2.961840 -0.185422 0.100636 -0.518863 0.480397 0.000000 0.707107
2.957446 -0.181354 0.107158 -0.518863 0.480397 0.000000 0.707107
2.950921 -0.175313 0.113872 -0.518863 0.480397 0.000000 0.707107
2.955432 -0.179490 0.105001 -0.518863 0.480397 0.000000 0.707107
2.962523 -0.186055 0.098758 -0.518863 0.480397 0.000000 0.707107
2.956683 -0.180647 0.106849 -0.518863 0.480397 0.000000 0.707107
2.951095 -0.175474 0.112468 -0.518863 0.480397 0.000000 0.707107
2.957287 -0.181207 0.104314 -0.518863 0.480397 0.000000 0.707107
2.962975 -0.186473 0.102443 -0.518863 0.480397 0.000000 0.707107
2.955981 -0.179998 0.110059 -0.518863 0.480397 0.000000 0.707107
2.951602 -0.175943 0.119082 -0.518863 0.480397 0.000000 0.707107
2.950730 -0.175136 0.119900 -0.518863 0.480397 0.000000 0.707107
2.955069 -0.179154 0.110779 -0.518863 0.480397 0.000000 0.707107
2.961769 -0.185357 0.102960 -0.518863 0.480397 0.000000 0.707107
2.963854 -0.187287 0.104789 -0.518863 0.480397 0.000000 0.707107
2.957548 -0.181449 0.112847 -0.518863 0.480397 0.000000 0.707107
2.953372 -0.177582 0.122051 -0.518863 0.480397 0.000000 0.707107
2.951636 -0.175975 0.130287 -0.518863 0.480397 0.000000 0.707107
End
2.935866 -0.161373 0.108415 -0.518863 0.480397 0.000000 0.707107
2.944011 -0.168914 0.101948 -0.518863 0.480397 0.000000 0.707107
2.952847 -0.177097 0.096202 -0.518863 0.480397 0.000000 0.707107
2.959292 -0.183063 0.094160 -0.518863 0.480397 0.000000 0.707107
2.949707 -0.174189 0.098731 -0.518863 0.480397 0.000000 0.707107
2.941514 -0.166602 0.105208 -0.518863 0.480397 0.000000 0.707107
2.939433 -0.164676 0.103764 -0.518863 0.480397 0.000000 0.707107
2.946827 -0.171522 0.096529 -0.518863 0.480397 0.000000 0.707107
2.956205 -0.180205 0.091597 -0.518863 0.480397 0.000000 0.707107
2.957489 -0.181394 0.091771 -0.518863 0.480397 0.000000 0.707107
2.961240 -0.184867 0.088389 -0.518863 0.480397 0.000000 0.707107
2.959142 -0.182925 0.088835 -0.518863 0.480397 0.000000 0.707107
2.956184 -0.180185 0.093867 -0.518863 0.480397 0.000000 0.707107
2.946943 -0.171630 0.098988 -0.518863 0.480397 0.000000 0.707107
2.940043 -0.165241 0.106630 -0.518863 0.480397 0.000000 0.707107
2.942046 -0.167095 0.101824 -0.518863 0.480397 0.000000 0.707107
2.950679 -0.175089 0.095869 -0.518863 0.480397 0.000000 0.707107
2.960443 -0.184129 0.092084 -0.518863 0.480397 0.000000 0.707107
2.953190 -0.177413 0.098428 -0.518863 0.480397 0.000000 0.707107
2.944354 -0.169232 0.104183 -0.518863 0.480397 0.000000 0.707107
2.935972 -0.161471 0.109547 -0.518863 0.480397 0.000000 0.707107
End
2.976337 -0.198846 0.091666 -0.518830 0.480432 0.000000 0.707107
2.986040 -0.207831 0.087368 -0.518863 0.480397 0.000000 0.707107
2.988623 -0.210222 0.089696 -0.518863 0.480397 0.000000 0.707107
2.978786 -0.201114 0.093832 -0.518830 0.480432 0.000000 0.707107
2.981641 -0.203757 0.090442 -0.518831 0.480432 0.000000 0.707107
2.990660 -0.212109 0.087923 -0.518863 0.480397 0.000000 0.707107
2.981396 -0.203530 0.091293 -0.518831 0.480432 0.000000 0.707107
End
2.974827 -0.197447 0.086496 -0.518830 0.480432 0.000000 0.707107
2.985112 -0.206972 0.083674 -0.518863 0.480397 0.000000 0.707107
2.995898 -0.216959 0.083116 -0.518863 0.480397 0.000000 0.707107
3.006667 -0.226930 0.082439 -0.518863 0.480397 0.000000 0.707107
3.004207 -0.224652 0.084020 -0.518863 0.480397 0.000000 0.707107
2.993502 -0.214740 0.084922 -0.518862 0.480397 0.000000 0.707107
2.982761 -0.204794 0.085831 -0.518863 0.480397 0.000000 0.707107
2.974335 -0.196993 0.085654 -0.518830 0.480432 0.000000 0.707107
2.984478 -0.206384 0.082333 -0.518863 0.480397 0.000000 0.707107
2.995253 -0.216361 0.081843 -0.518863 0.480397 0.000000 0.707107
2.990991 -0.212415 0.083494 -0.518863 0.480397 0.000000 0.707107
2.980185 -0.202409 0.083683 -0.518830 0.480432 0.000000 0.707107
2.976611 -0.199099 0.082440 -0.518830 0.480432 0.000000 0.707107
2.987251 -0.208951 0.080748 -0.518863 0.480397 0.000000 0.707107
2.997908 -0.218819 0.079136 -0.518863 0.480397 0.000000 0.707107
3.008659 -0.228774 0.078229 -0.518863 0.480397 0.000000 0.707107
3.005120 -0.225497 0.080750 -0.518863 0.480397 0.000000 0.707107
3.007573 -0.227768 0.082124 -0.518863 0.480397 0.000000 0.707107
3.009260 -0.229330 0.079549 -0.518863 0.480397 0.000000 0.707107
2.999666 -0.220447 0.080904 -0.518863 0.480397 0.000000 0.707107
2.989011 -0.210582 0.082523 -0.518863 0.480397 0.000000 0.707107
2.978356 -0.200716 0.084185 -0.518830 0.480432 0.000000 0.707107
2.977320 -0.199756 0.082099 -0.518830 0.480432 0.000000 0.707107
2.988066 -0.209706 0.081469 -0.518863 0.480397 0.000000 0.707107
2.998565 -0.219428 0.082076 -0.518863 0.480397 0.000000 0.707107
2.988949 -0.210524 0.084087 -0.518863 0.480397 0.000000 0.707107
2.978461 -0.200812 0.086128 -0.518830 0.480432 0.000000 0.707107
2.979901 -0.202146 0.084323 -0.518830 0.480432 0.000000 0.707107
2.990602 -0.212054 0.083014 -0.518863 0.480397 0.000000 0.707107
3.001373 -0.222028 0.082606 -0.518863 0.480397 0.000000 0.707107
3.011070 -0.231006 0.083139 -0.518863 0.480397 0.000000 0.707107
3.000705 -0.221409 0.084909 -0.518863 0.480397 0.000000 0.707107
2.989911 -0.211415 0.085191 -0.518863 0.480397 0.000000 0.707107
2.979310 -0.201598 0.086908 -0.518830 0.480432 0.000000 0.707107
End
2.974849 -0.197468 0.082126 -0.518830 0.480432 0.000000 0.707107
2.975514 -0.198084 0.081504 -0.518830 0.480432 0.000000 0.707107
2.976644 -0.199130 0.079715 -0.518830 0.480432 0.000000 0.707107
2.979706 -0.201965 0.077865 -0.518830 0.480432 0.000000 0.707107
2.980167 -0.202393 0.079668 -0.518830 0.480432 0.000000 0.707107
2.980714 -0.202898 0.080819 -0.518830 0.480432 0.000000 0.707107
End
2.984069 -0.206006 0.079539 -0.518863 0.480397 0.000000 0.707107
2.994799 -0.215941 0.078396 -0.518863 0.480397 0.000000 0.707107
3.005472 -0.225823 0.076851 -0.518863 0.480397 0.000000 0.707107
3.004822 -0.225221 0.078055 -0.518863 0.480397 0.000000 0.707107
2.998086 -0.218984 0.075816 -0.518863 0.480397 0.000000 0.707107
3.008256 -0.228401 0.074878 -0.518863 0.480397 0.000000 0.707107
2.998992 -0.219823 0.075373 -0.518863 0.480397 0.000000 0.707107
3.003437 -0.223939 0.072763 -0.518863 0.480397 0.000000 0.707107
3.004572 -0.224990 0.074191 -0.518863 0.480397 0.000000 0.707107
2.993795 -0.215012 0.074355 -0.518862 0.480397 0.000000 0.707107
2.983726 -0.205688 0.077724 -0.518863 0.480397 0.000000 0.707107
2.991278 -0.212681 0.075718 -0.518863 0.480397 0.000000 0.707107
2.985636 -0.207456 0.079355 -0.518863 0.480397 0.000000 0.707107
2.991383 -0.212778 0.077325 -0.518863 0.480397 0.000000 0.707107
2.986059 -0.207848 0.079800 -0.518863 0.480397 0.000000 0.707107
2.989312 -0.210860 0.076221 -0.518863 0.480397 0.000000 0.707107
2.985874 -0.207677 0.078062 -0.518863 0.480397 0.000000 0.707107
2.986808 -0.208542 0.073969 -0.518863 0.480397 0.000000 0.707107
2.997356 -0.218308 0.072075 -0.518863 0.480397 0.000000 0.707107
3.008140 -0.228293 0.072436 -0.518863 0.480397 0.000000 0.707107
3.001041 -0.221721 0.074985 -0.518863 0.480397 0.000000 0.707107
3.002976 -0.223512 0.073564 -0.518863 0.480397 0.000000 0.707107
3.006345 -0.226631 0.076622 -0.518863 0.480397 0.000000 0.707107
2.998001 -0.218905 0.075906 -0.518863 0.480397 0.000000 0.707107
3.008798 -0.228903 0.076142 -0.518863 0.480397 0.000000 0.707107
3.003059 -0.223589 0.079251 -0.518863 0.480397 0.000000 0.707107
2.992375 -0.213696 0.080693 -0.518862 0.480397 0.000000 0.707107
2.983278 -0.205273 0.079931 -0.518863 0.480397 0.000000 0.707107
End
3.021945 -0.241075 0.088352 -0.518863 0.480397 0.000000 0.707107
3.031335 -0.249770 0.093224 -0.518830 0.480432 0.000000 0.707107
3.040254 -0.258028 0.098843 -0.518863 0.480397 0.000000 0.707107
3.048154 -0.265344 0.105660 -0.518795 0.480470 0.000000 0.707107
3.055508 -0.273103 0.111937 -0.308998 0.636019 0.000000 0.707107
3.059014 -0.281274 0.117713 -0.189316 0.681292 0.000000 0.707107
3.059421 -0.289871 0.122808 0.000000 0.707107 -0.000000 0.707107
3.059421 -0.284673 0.120964 0.000000 0.707107 -0.000000 0.707107
3.057204 -0.276605 0.115045 -0.278188 0.650086 0.000000 0.707107
3.051540 -0.268479 0.109204 -0.518795 0.480470 0.000000 0.707107
3.042814 -0.260399 0.103329 -0.518863 0.480397 0.000000 0.707107
3.034085 -0.252316 0.097431 -0.518830 0.480432 0.000000 0.707107
3.025366 -0.244243 0.091520 -0.518863 0.480397 0.000000 0.707107
3.023386 -0.242410 0.087000 -0.518863 0.480397 0.000000 0.707107
3.030324 -0.248834 0.091789 -0.518830 0.480432 0.000000 0.707107
3.022250 -0.241358 0.085883 -0.518863 0.480397 0.000000 0.707107
3.031957 -0.250346 0.088780 -0.518830 0.480432 0.000000 0.707107
3.039846 -0.257651 0.095613 -0.518863 0.480397 0.000000 0.707107
3.049248 -0.266357 0.100389 -0.518795 0.480470 0.000000 0.707107
3.055739 -0.273548 0.106991 -0.309006 0.636015 0.000000 0.707107
3.058903 -0.280936 0.113656 -0.189306 0.681295 0.000000 0.707107
3.059421 -0.288657 0.120022 0.000000 0.707107 -0.000000 0.707107
3.059421 -0.285083 0.116342 0.000000 0.707107 -0.000000 0.707107
3.058398 -0.279513 0.108043 -0.219833 0.672067 0.000000 0.707107
3.055433 -0.272961 0.100495 -0.308996 0.636020 0.000000 0.707107
3.048351 -0.265526 0.093839 -0.518795 0.480470 0.000000 0.707107
3.039645 -0.257464 0.087906 -0.518863 0.480397 0.000000 0.707107
3.030644 -0.249131 0.082399 -0.518830 0.480432 0.000000 0.707107
3.022869 -0.241931 0.084309 -0.518863 0.480397 0.000000 0.707107
3.032823 -0.251148 0.087263 -0.518830 0.480432 0.000000 0.707107
3.040383 -0.258148 0.094263 -0.518863 0.480397 0.000000 0.707107
3.049529 -0.266617 0.099559 -0.518795 0.480470 0.000000 0.707107
3.056198 -0.274458 0.105774 -0.293807 0.643177 0.000000 0.707107
3.059161 -0.281749 0.112610 -0.143584 0.692375 0.000000 0.707107
3.059094 -0.281519 0.112614 -0.189324 0.681290 0.000000 0.707107
3.056489 -0.275056 0.105116 -0.293816 0.643173 0.000000 0.707107
3.055972 -0.273994 0.103340 -0.309014 0.636011 0.000000 0.707107
3.056184 -0.274427 0.105411 -0.293807 0.643178 0.000000 0.707107
3.051767 -0.268688 0.097328 -0.518795 0.480470 0.000000 0.707107
3.045013 -0.262436 0.092672 -0.518863 0.480397 0.000000 0.707107
3.051683 -0.268611 0.099598 -0.518795 0.480470 0.000000 0.707107
3.041931 -0.259582 0.095805 -0.518863 0.480397 0.000000 0.707107
3.033769 -0.252024 0.089339 -0.518830 0.480432 0.000000 0.707107
3.031990 -0.250377 0.084897 -0.518830 0.480432 0.000000 0.707107
3.041160 -0.258867 0.090041 -0.518863 0.480397 0.000000 0.707107
3.036117 -0.254198 0.088467 -0.518830 0.480432 0.000000 0.707107
3.032454 -0.250807 0.082896 -0.518830 0.480432 0.000000 0.707107
3.041989 -0.259635 0.087579 -0.518863 0.480397 0.000000 0.707107
3.040235 -0.258010 0.088960 -0.518863 0.480397 0.000000 0.707107
3.030970 -0.249433 0.084244 -0.518830 0.480432 0.000000 0.707107
3.038915 -0.256789 0.088103 -0.518830 0.480432 0.000000 0.707107
3.037352 -0.255341 0.089777 -0.518830 0.480432 0.000000 0.707107
3.030330 -0.248840 0.084471 -0.518830 0.480432 0.000000 0.707107
3.038344 -0.256260 0.090937 -0.518830 0.480432 0.000000 0.707107
3.047437 -0.264680 0.096263 -0.518795 0.480470 0.000000 0.707107
3.047095 -0.264363 0.096612 -0.518795 0.480470 0.000000 0.707107
3.048015 -0.265215 0.093393 -0.518795 0.480470 0.000000 0.707107
3.055541 -0.273167 0.099126 -0.309000 0.636018 0.000000 0.707107
3.057571 -0.277459 0.108010 -0.262004 0.656775 0.000000 0.707107
3.053584 -0.270372 0.102623 -0.426066 0.564329 0.000000 0.707107
3.057608 -0.277547 0.104480 -0.262006 0.656775 0.000000 0.707107
3.059421 -0.283631 0.112321 0.000000 0.707107 -0.000000 0.707107
3.058801 -0.280623 0.114247 -0.189296 0.681298 0.000000 0.707107
3.055632 -0.273342 0.107391 -0.309003 0.636017 0.000000 0.707107
3.048331 -0.265508 0.101164 -0.518795 0.480470 0.000000 0.707107
3.039205 -0.257057 0.095855 -0.518830 0.480432 0.000000 0.707107
3.031607 -0.250022 0.088889 -0.518830 0.480432 0.000000 0.707107
3.021581 -0.240739 0.085533 -0.518863 0.480397 0.000000 0.707107
3.029078 -0.247681 0.079712 -0.518863 0.480397 0.000000 0.707107
3.038393 -0.256305 0.084665 -0.518830 0.480432 0.000000 0.707107
3.047216 -0.264476 0.090427 -0.518795 0.480470 0.000000 0.707107
3.054958 -0.272110 0.096884 -0.326540 0.627193 0.000000 0.707107
3.058192 -0.278977 0.104148 -0.243256 0.663948 0.000000 0.707107
3.059421 -0.284906 0.112191 0.000000 0.707107 -0.000000 0.707107
3.059421 -0.289819 0.120892 0.000000 0.707107 -0.000000 0.707107
3.059421 -0.283021 0.117930 0.000000 0.707107 -0.000000 0.707107
3.056771 -0.275656 0.111190 -0.278173 0.650092 0.000000 0.707107
3.050601 -0.267609 0.105434 -0.518795 0.480470 0.000000 0.707107
3.042440 -0.260053 0.099410 -0.518863 0.480397 0.000000 0.707107
3.034054 -0.252288 0.093195 -0.518830 0.480432 0.000000 0.707107
3.025155 -0.244048 0.087710 -0.518863 0.480397 0.000000 0.707107
3.029398 -0.247977 0.088879 -0.518863 0.480397 0.000000 0.707107
3.025711 -0.244562 0.089843 -0.518863 0.480397 0.000000 0.707107
3.024745 -0.243668 0.088599 -0.518863 0.480397 0.000000 0.707107
3.033466 -0.251743 0.094519 -0.518830 0.480432 0.000000 0.707107
3.042187 -0.259818 0.100412 -0.518863 0.480397 0.000000 0.707107
3.050905 -0.267890 0.106293 -0.518795 0.480470 0.000000 0.707107
3.056934 -0.276013 0.112142 -0.278178 0.650090 0.000000 0.707107
3.059421 -0.284094 0.118029 0.000000 0.707107 -0.000000 0.707107
3.059421 -0.291672 0.124337 0.000000 0.707107 -0.000000 0.707107
3.059421 -0.283092 0.121269 0.000000 0.707107 -0.000000 0.707107
3.056378 -0.274828 0.115654 -0.293813 0.643175 0.000000 0.707107
3.049804 -0.266872 0.109591 -0.518795 0.480470 0.000000 0.707107
3.041938 -0.259588 0.102739 -0.518863 0.480397 0.000000 0.707107
3.033241 -0.251535 0.096836 -0.518830 0.480432 0.000000 0.707107
3.024195 -0.243159 0.091395 -0.518863 0.480397 0.000000 0.707107
End
3.034562 -0.252758 0.093485 -0.518830 0.480432 0.000000 0.707107
3.043618 -0.261144 0.098890 -0.518863 0.480397 0.000000 0.707107
3.035436 -0.253567 0.096353 -0.518830 0.480432 0.000000 0.707107
End
3.047930 -0.265137 0.102456 -0.518795 0.480470 0.000000 0.707107
3.055198 -0.272537 0.108950 -0.326548 0.627189 0.000000 0.707107
3.047504 -0.264742 0.104729 -0.518795 0.480470 0.000000 0.707107
End
3.033815 -0.252066 0.082541 -0.518830 0.480432 0.000000 0.707107
3.043192 -0.260749 0.087287 -0.518863 0.480397 0.000000 0.707107
3.051753 -0.268676 0.093402 -0.518795 0.480470 0.000000 0.707107
3.056920 -0.275982 0.100214 -0.278178 0.650090 0.000000 0.707107
3.059351 -0.282454 0.107829 -0.067015 0.703924 0.000000 0.707107
3.059421 -0.286604 0.116203 0.000000 0.707107 -0.000000 0.707107
3.058807 -0.280641 0.108748 -0.189297 0.681298 0.000000 0.707107
3.056034 -0.274118 0.101164 -0.293802 0.643180 0.000000 0.707107
3.049682 -0.266758 0.094397 -0.518795 0.480470 0.000000 0.707107
3.041098 -0.258810 0.088360 -0.518863 0.480397 0.000000 0.707107
3.032568 -0.250912 0.083199 -0.518830 0.480432 0.000000 0.707107
End
3.059421 -0.428140 0.085422 0.000000 0.707107 -0.000000 0.707107
3.059421 -0.433105 0.077096 0.000000 0.707107 -0.000000 0.707107
3.059421 -0.440565 0.070449 0.000000 0.707107 -0.000000 0.707107
3.059421 -0.447819 0.063568 0.000000 0.707107 -0.000000 0.707107
3.059421 -0.456037 0.057867 0.000000 0.707107 -0.000000 0.707107
3.059421 -0.464738 0.052947 0.000000 0.707107 -0.000000 0.707107
3.059421 -0.473567 0.048260 0.000000 0.707107 -0.000000 0.707107
3.059421 -0.482695 0.044187 0.000000 0.707107 -0.000000 0.707107
3.059421 -0.492243 0.041276 0.000000 0.707107 -0.000000 0.707107
3.059421 -0.498868 0.041945 0.000000 0.707107 -0.000000 0.707107
3.059421 -0.489162 0.042690 0.000000 0.707107 -0.000000 0.707107
3.059421 -0.480080 0.046889 0.000000 0.707107 -0.000000 0.707107
3.059421 -0.470889 0.050799 0.000000 0.707107 -0.000000 0.707107
3.059421 -0.462004 0.055391 0.000000 0.707107 -0.000000 0.707107
3.059421 -0.453544 0.060729 0.000000 0.707107 -0.000000 0.707107
3.059421 -0.445568 0.066740 0.000000 0.707107 -0.000000 0.707107
3.059421 -0.438109 0.073404 0.000000 0.707107 -0.000000 0.707107
3.059421 -0.431236 0.080655 0.000000 0.707107 -0.000000 0.707107
3.059421 -0.427286 0.080196 0.000000 0.707107 -0.000000 0.707107
3.059421 -0.434265 0.073037 0.000000 0.707107 -0.000000 0.707107
3.059421 -0.441475 0.066105 0.000000 0.707107 -0.000000 0.707107
3.059421 -0.448914 0.059416 0.000000 0.707107 -0.000000 0.707107
3.059421 -0.457064 0.053669 0.000000 0.707107 -0.000000 0.707107
3.059421 -0.465859 0.048881 0.000000 0.707107 -0.000000 0.707107
3.059421 -0.474842 0.044496 0.000000 0.707107 -0.000000 0.707107
3.059421 -0.484147 0.040875 0.000000 0.707107 -0.000000 0.707107
3.059421 -0.493887 0.038605 0.000000 0.707107 -0.000000 0.707107
3.059421 -0.493431 0.038880 0.000000 0.707107 -0.000000 0.707107
3.059421 -0.483720 0.041165 0.000000 0.707107 -0.000000 0.707107
3.059421 -0.474650 0.045334 0.000000 0.707107 -0.000000 0.707107
3.059421 -0.465880 0.050163 0.000000 0.707107 -0.000000 0.707107
3.059421 -0.457253 0.055196 0.000000 0.707107 -0.000000 0.707107
3.059421 -0.449156 0.061058 0.000000 0.707107 -0.000000 0.707107
3.059421 -0.441622 0.067631 0.000000 0.707107 -0.000000 0.707107
3.059421 -0.434100 0.074215 0.000000 0.707107 -0.000000 0.707107
3.059421 -0.427133 0.081357 0.000000 0.707107 -0.000000 0.707107
3.059421 -0.428179 0.075498 0.000000 0.707107 -0.000000 0.707107
3.059421 -0.435340 0.068531 0.000000 0.707107 -0.000000 0.707107
3.059421 -0.443107 0.062234 0.000000 0.707107 -0.000000 0.707107
3.059421 -0.451160 0.056326 0.000000 0.707107 -0.000000 0.707107
3.059421 -0.458404 0.049452 0.000000 0.707107 -0.000000 0.707107
3.059421 -0.467201 0.044741 0.000000 0.707107 -0.000000 0.707107
3.059421 -0.476395 0.040812 0.000000 0.707107 -0.000000 0.707107
3.059421 -0.485832 0.037554 0.000000 0.707107 -0.000000 0.707107
3.059421 -0.495656 0.035762 0.000000 0.707107 -0.000000 0.707107
3.059421 -0.492918 0.037403 0.000000 0.707107 -0.000000 0.707107
3.059421 -0.483419 0.040513 0.000000 0.707107 -0.000000 0.707107
3.059421 -0.474317 0.044648 0.000000 0.707107 -0.000000 0.707107
3.059421 -0.465445 0.049266 0.000000 0.707107 -0.000000 0.707107
3.059421 -0.456733 0.054172 0.000000 0.707107 -0.000000 0.707107
3.059421 -0.448302 0.059548 0.000000 0.707107 -0.000000 0.707107
3.059421 -0.440294 0.065523 0.000000 0.707107 -0.000000 0.707107
3.059421 -0.432867 0.072223 0.000000 0.707107 -0.000000 0.707107
3.059421 -0.426169 0.079605 0.000000 0.707107 -0.000000 0.707107
3.059421 -0.428956 0.072279 0.000000 0.707107 -0.000000 0.707107
3.059421 -0.435872 0.065052 0.000000 0.707107 -0.000000 0.707107
3.059421 -0.443327 0.058406 0.000000 0.707107 -0.000000 0.707107
3.059421 -0.451800 0.053094 0.000000 0.707107 -0.000000 0.707107
3.059421 -0.459903 0.047248 0.000000 0.707107 -0.000000 0.707107
3.059421 -0.468480 0.042180 0.000000 0.707107 -0.000000 0.707107
3.059421 -0.477804 0.038540 0.000000 0.707107 -0.000000 0.707107
3.059421 -0.487150 0.035004 0.000000 0.707107 -0.000000 0.707107
3.059421 -0.496752 0.032259 0.000000 0.707107 -0.000000 0.707107
3.059421 -0.493788 0.035827 0.000000 0.707107 -0.000000 0.707107
3.059421 -0.484349 0.039150 0.000000 0.707107 -0.000000 0.707107
3.059421 -0.474636 0.041504 0.000000 0.707107 -0.000000 0.707107
3.059421 -0.465574 0.045694 0.000000 0.707107 -0.000000 0.707107
3.059421 -0.456800 0.050496 0.000000 0.707107 -0.000000 0.707107
3.059421 -0.448369 0.055858 0.000000 0.707107 -0.000000 0.707107
3.059421 -0.440456 0.061964 0.000000 0.707107 -0.000000 0.707107
3.059421 -0.433411 0.069039 0.000000 0.707107 -0.000000 0.707107
3.059421 -0.428143 0.077521 0.000000 0.707107 -0.000000 0.707107
3.059421 -0.428521 0.072516 0.000000 0.707107 -0.000000 0.707107
3.059421 -0.434688 0.064654 0.000000 0.707107 -0.000000 0.707107
3.059421 -0.442176 0.058051 0.000000 0.707107 -0.000000 0.707107
3.059421 -0.450332 0.052276 0.000000 0.707107 -0.000000 0.707107
3.059421 -0.458876 0.047057 0.000000 0.707107 -0.000000 0.707107
3.059421 -0.467712 0.042410 0.000000 0.707107 -0.000000 0.707107
3.059421 -0.476980 0.038689 0.000000 0.707107 -0.000000 0.707107
3.059421 -0.486684 0.036294 0.000000 0.707107 -0.000000 0.707107
3.059421 -0.496059 0.032845 0.000000 0.707107 -0.000000 0.707107
3.059421 -0.493318 0.035170 0.000000 0.707107 -0.000000 0.707107
3.059421 -0.483846 0.038341 0.000000 0.707107 -0.000000 0.707107
3.059421 -0.474520 0.041982 0.000000 0.707107 -0.000000 0.707107
3.059421 -0.465367 0.045962 0.000000 0.707107 -0.000000 0.707107
3.059421 -0.457247 0.051784 0.000000 0.707107 -0.000000 0.707107
3.059421 -0.448817 0.057151 0.000000 0.707107 -0.000000 0.707107
3.059421 -0.440781 0.063058 0.000000 0.707107 -0.000000 0.707107
3.059421 -0.433737 0.070144 0.000000 0.707107 -0.000000 0.707107
3.059421 -0.426828 0.077377 0.000000 0.707107 -0.000000 0.707107
3.059421 -0.429963 0.072335 0.000000 0.707107 -0.000000 0.707107
3.059421 -0.437233 0.065486 0.000000 0.707107 -0.000000 0.707107
3.059421 -0.445124 0.059342 0.000000 0.707107 -0.000000 0.707107
3.059421 -0.453454 0.053812 0.000000 0.707107 -0.000000 0.707107
3.059421 -0.462062 0.048734 0.000000 0.707107 -0.000000 0.707107
3.059421 -0.470920 0.044073 0.000000 0.707107 -0.000000 0.707107
3.059421 -0.479985 0.039846 0.000000 0.707107 -0.000000 0.707107
3.059421 -0.489343 0.036365 0.000000 0.707107 -0.000000 0.707107
3.059421 -0.499090 0.034404 0.000000 0.707107 -0.000000 0.707107
3.059421 -0.491784 0.038219 0.000000 0.707107 -0.000000 0.707107
3.059421 -0.482116 0.040803 0.000000 0.707107 -0.000000 0.707107
3.059421 -0.472827 0.044463 0.000000 0.707107 -0.000000 0.707107
3.059421 -0.463724 0.048588 0.000000 0.707107 -0.000000 0.707107
3.059421 -0.455734 0.054502 0.000000 0.707107 -0.000000 0.707107
3.059421 -0.448234 0.061082 0.000000 0.707107 -0.000000 0.707107
3.059421 -0.440144 0.066973 0.000000 0.707107 -0.000000 0.707107
3.059421 -0.432773 0.073718 0.000000 0.707107 -0.000000 0.707107
3.059421 -0.426558 0.080961 0.000000 0.707107 -0.000000 0.707107
3.059421 -0.430749 0.074394 0.000000 0.707107 -0.000000 0.707107
3.059421 -0.438317 0.067861 0.000000 0.707107 -0.000000 0.707107
3.059421 -0.445824 0.061252 0.000000 0.707107 -0.000000 0.707107
3.059421 -0.453716 0.055110 0.000000 0.707107 -0.000000 0.707107
3.059421 -0.462247 0.049911 0.000000 0.707107 -0.000000 0.707107
3.059421 -0.470966 0.045010 0.000000 0.707107 -0.000000 0.707107
3.059421 -0.479923 0.040583 0.000000 0.707107 -0.000000 0.707107
3.059421 -0.489402 0.037439 0.000000 0.707107 -0.000000 0.707107
3.059421 -0.499177 0.037140 0.000000 0.707107 -0.000000 0.707107
3.059421 -0.492310 0.040855 0.000000 0.707107 -0.000000 0.707107
3.059421 -0.482662 0.043449 0.000000 0.707107 -0.000000 0.707107
3.059421 -0.473441 0.047301 0.000000 0.707107 -0.000000 0.707107
3.059421 -0.464485 0.051752 0.000000 0.707107 -0.000000 0.707107
3.059421 -0.455785 0.056685 0.000000 0.707107 -0.000000 0.707107
3.059421 -0.447928 0.062855 0.000000 0.707107 -0.000000 0.707107
3.059421 -0.440600 0.069651 0.000000 0.707107 -0.000000 0.707107
3.059421 -0.433434 0.076621 0.000000 0.707107 -0.000000 0.707107
3.059421 -0.427473 0.081971 0.000000 0.707107 -0.000000 0.707107
3.059421 -0.434138 0.074517 0.000000 0.707107 -0.000000 0.707107
3.059421 -0.441389 0.067637 0.000000 0.707107 -0.000000 0.707107
3.059421 -0.449178 0.061366 0.000000 0.707107 -0.000000 0.707107
3.059421 -0.457447 0.055755 0.000000 0.707107 -0.000000 0.707107
3.059421 -0.466154 0.050838 0.000000 0.707107 -0.000000 0.707107
3.059421 -0.475258 0.046715 0.000000 0.707107 -0.000000 0.707107
3.059421 -0.484433 0.042719 0.000000 0.707107 -0.000000 0.707107
3.059421 -0.493761 0.039315 0.000000 0.707107 -0.000000 0.707107
3.059421 -0.498674 0.042223 0.000000 0.707107 -0.000000 0.707107
3.059421 -0.488879 0.044158 0.000000 0.707107 -0.000000 0.707107
3.059421 -0.479511 0.047622 0.000000 0.707107 -0.000000 0.707107
3.059421 -0.470530 0.052023 0.000000 0.707107 -0.000000 0.707107
3.059421 -0.461761 0.056812 0.000000 0.707107 -0.000000 0.707107
3.059421 -0.453203 0.061992 0.000000 0.707107 -0.000000 0.707107
3.059421 -0.445476 0.068325 0.000000 0.707107 -0.000000 0.707107
3.059421 -0.438271 0.075256 0.000000 0.707107 -0.000000 0.707107
3.059421 -0.431109 0.082179 0.000000 0.707107 -0.000000 0.707107
End
3.059421 -0.504719 0.040637 0.000000 0.707107 -0.000000 0.707107
3.059421 -0.514655 0.040004 0.000000 0.707107 -0.000000 0.707107
3.059421 -0.524629 0.040617 0.000000 0.707107 -0.000000 0.707107
3.059421 -0.516892 0.042049 0.000000 0.707107 -0.000000 0.707107
3.059421 -0.506890 0.041856 0.000000 0.707107 -0.000000 0.707107
3.059421 -0.508493 0.038438 0.000000 0.707107 -0.000000 0.707107
3.059421 -0.518466 0.039222 0.000000 0.707107 -0.000000 0.707107
3.059421 -0.523737 0.041390 0.000000 0.707107 -0.000000 0.707107
3.059421 -0.513834 0.039962 0.000000 0.707107 -0.000000 0.707107
3.059421 -0.507977 0.037624 0.000000 0.707107 -0.000000 0.707107
3.059421 -0.517966 0.037226 0.000000 0.707107 -0.000000 0.707107
3.059421 -0.525390 0.039483 0.000000 0.707107 -0.000000 0.707107
3.059421 -0.515531 0.038609 0.000000 0.707107 -0.000000 0.707107
3.059421 -0.505588 0.037656 0.000000 0.707107 -0.000000 0.707107
3.059421 -0.507929 0.035139 0.000000 0.707107 -0.000000 0.707107
3.059421 -0.517910 0.035576 0.000000 0.707107 -0.000000 0.707107
3.059421 -0.523098 0.037628 0.000000 0.707107 -0.000000 0.707107
3.059421 -0.513180 0.036252 0.000000 0.707107 -0.000000 0.707107
3.059421 -0.503215 0.035587 0.000000 0.707107 -0.000000 0.707107
3.059421 -0.510843 0.033482 0.000000 0.707107 -0.000000 0.707107
3.059421 -0.520850 0.033728 0.000000 0.707107 -0.000000 0.707107
3.059421 -0.522547 0.036462 0.000000 0.707107 -0.000000 0.707107
3.059421 -0.512590 0.035491 0.000000 0.707107 -0.000000 0.707107
3.059421 -0.503104 0.033454 0.000000 0.707107 -0.000000 0.707107
3.059421 -0.512327 0.032538 0.000000 0.707107 -0.000000 0.707107
3.059421 -0.522279 0.033395 0.000000 0.707107 -0.000000 0.707107
3.059421 -0.518071 0.034267 0.000000 0.707107 -0.000000 0.707107
3.059421 -0.508173 0.032885 0.000000 0.707107 -0.000000 0.707107
3.059421 -0.505365 0.030826 0.000000 0.707107 -0.000000 0.707107
3.059421 -0.515323 0.031706 0.000000 0.707107 -0.000000 0.707107
3.059421 -0.524998 0.033981 0.000000 0.707107 -0.000000 0.707107
3.059421 -0.516551 0.034824 0.000000 0.707107 -0.000000 0.707107
3.059421 -0.506557 0.034287 0.000000 0.707107 -0.000000 0.707107
3.059421 -0.509797 0.033136 0.000000 0.707107 -0.000000 0.707107
3.059421 -0.519740 0.034211 0.000000 0.707107 -0.000000 0.707107
3.059421 -0.521061 0.035740 0.000000 0.707107 -0.000000 0.707107
3.059421 -0.511079 0.035486 0.000000 0.707107 -0.000000 0.707107
3.059421 -0.504043 0.033655 0.000000 0.707107 -0.000000 0.707107
3.059421 -0.514012 0.034341 0.000000 0.707107 -0.000000 0.707107
3.059421 -0.523908 0.035745 0.000000 0.707107 -0.000000 0.707107
3.059421 -0.518482 0.037592 0.000000 0.707107 -0.000000 0.707107
3.059421 -0.508491 0.037155 0.000000 0.707107 -0.000000 0.707107
3.059421 -0.506369 0.035771 0.000000 0.707107 -0.000000 0.707107
3.059421 -0.516310 0.036696 0.000000 0.707107 -0.000000 0.707107
3.059421 -0.525024 0.038873 0.000000 0.707107 -0.000000 0.707107
3.059421 -0.515753 0.039213 0.000000 0.707107 -0.000000 0.707107
3.059421 -0.507440 0.037963 0.000000 0.707107 -0.000000 0.707107
3.059421 -0.517099 0.038220 0.000000 0.707107 -0.000000 0.707107
3.059421 -0.526134 0.040951 0.000000 0.707107 -0.000000 0.707107
3.059421 -0.516568 0.041052 0.000000 0.707107 -0.000000 0.707107
3.059421 -0.506606 0.040630 0.000000 0.707107 -0.000000 0.707107
3.059421 -0.510785 0.039855 0.000000 0.707107 -0.000000 0.707107
3.059421 -0.520776 0.040240 0.000000 0.707107 -0.000000 0.707107
3.059421 -0.521779 0.042327 0.000000 0.707107 -0.000000 0.707107
3.059421 -0.511782 0.041906 0.000000 0.707107 -0.000000 0.707107
End
3.059421 -0.529058 0.041860 0.000000 0.707107 -0.000000 0.707107
3.059421 -0.538127 0.044590 0.000000 0.707107 -0.000000 0.707107
3.059421 -0.529023 0.042970 0.000000 0.707107 -0.000000 0.707107
3.059421 -0.536607 0.041428 0.000000 0.707107 -0.000000 0.707107
3.059421 -0.530334 0.042252 0.000000 0.707107 -0.000000 0.707107
3.059421 -0.534579 0.040054 0.000000 0.707107 -0.000000 0.707107
3.059421 -0.530856 0.040456 0.000000 0.707107 -0.000000 0.707107
3.059421 -0.536762 0.039382 0.000000 0.707107 -0.000000 0.707107
3.059421 -0.528702 0.037990 0.000000 0.707107 -0.000000 0.707107
3.059421 -0.537304 0.038610 0.000000 0.707107 -0.000000 0.707107
3.059421 -0.528205 0.036650 0.000000 0.707107 -0.000000 0.707107
3.059421 -0.531321 0.037332 0.000000 0.707107 -0.000000 0.707107
3.059421 -0.532887 0.036143 0.000000 0.707107 -0.000000 0.707107
3.059421 -0.532021 0.039109 0.000000 0.707107 -0.000000 0.707107
3.059421 -0.535340 0.038796 0.000000 0.707107 -0.000000 0.707107
3.059421 -0.528966 0.039181 0.000000 0.707107 -0.000000 0.707107
3.059421 -0.537524 0.041291 0.000000 0.707107 -0.000000 0.707107
3.059421 -0.529212 0.040597 0.000000 0.707107 -0.000000 0.707107
3.059421 -0.536850 0.042814 0.000000 0.707107 -0.000000 0.707107
3.059421 -0.529662 0.041141 0.000000 0.707107 -0.000000 0.707107
3.059421 -0.536295 0.045198 0.000000 0.707107 -0.000000 0.707107
3.059421 -0.528561 0.041972 0.000000 0.707107 -0.000000 0.707107
End
3.059421 -0.541256 0.045664 0.000000 0.707107 -0.000000 0.707107
3.059421 -0.550823 0.048090 0.000000 0.707107 -0.000000 0.707107
3.059421 -0.560637 0.046398 0.000000 0.707107 -0.000000 0.707107
3.059421 -0.568479 0.045672 0.000000 0.707107 -0.000000 0.707107
3.059421 -0.558596 0.047129 0.000000 0.707107 -0.000000 0.707107
3.059421 -0.548717 0.048625 0.000000 0.707107 -0.000000 0.707107
3.059421 -0.539657 0.045495 0.000000 0.707107 -0.000000 0.707107
3.059421 -0.548384 0.044794 0.000000 0.707107 -0.000000 0.707107
3.059421 -0.558374 0.044515 0.000000 0.707107 -0.000000 0.707107
3.059421 -0.567969 0.042407 0.000000 0.707107 -0.000000 0.707107
3.059421 -0.560098 0.045085 0.000000 0.707107 -0.000000 0.707107
3.059421 -0.550126 0.045693 0.000000 0.707107 -0.000000 0.707107
3.059421 -0.540357 0.044590 0.000000 0.707107 -0.000000 0.707107
3.059421 -0.548796 0.042688 0.000000 0.707107 -0.000000 0.707107
3.059421 -0.558767 0.042402 0.000000 0.707107 -0.000000 0.707107
3.059421 -0.566368 0.042842 0.000000 0.707107 -0.000000 0.707107
3.059421 -0.556366 0.043026 0.000000 0.707107 -0.000000 0.707107
3.059421 -0.546365 0.043212 0.000000 0.707107 -0.000000 0.707107
3.059421 -0.543667 0.041149 0.000000 0.707107 -0.000000 0.707107
3.059421 -0.553648 0.040638 0.000000 0.707107 -0.000000 0.707107
3.059421 -0.563639 0.040472 0.000000 0.707107 -0.000000 0.707107
3.059421 -0.560388 0.042435 0.000000 0.707107 -0.000000 0.707107
3.059421 -0.550424 0.041689 0.000000 0.707107 -0.000000 0.707107
3.059421 -0.540538 0.042296 0.000000 0.707107 -0.000000 0.707107
3.059421 -0.547993 0.040154 0.000000 0.707107 -0.000000 0.707107
3.059421 -0.557160 0.041142 0.000000 0.707107 -0.000000 0.707107
3.059421 -0.547561 0.041851 0.000000 0.707107 -0.000000 0.707107
3.059421 -0.541613 0.039290 0.000000 0.707107 -0.000000 0.707107
3.059421 -0.551587 0.039996 0.000000 0.707107 -0.000000 0.707107
3.059421 -0.552852 0.042027 0.000000 0.707107 -0.000000 0.707107
3.059421 -0.542864 0.042288 0.000000 0.707107 -0.000000 0.707107
3.059421 -0.546956 0.039630 0.000000 0.707107 -0.000000 0.707107
3.059421 -0.556912 0.040273 0.000000 0.707107 -0.000000 0.707107
3.059421 -0.565480 0.041917 0.000000 0.707107 -0.000000 0.707107
3.059421 -0.556048 0.042571 0.000000 0.707107 -0.000000 0.707107
3.059421 -0.546064 0.042997 0.000000 0.707107 -0.000000 0.707107
3.059421 -0.545120 0.041236 0.000000 0.707107 -0.000000 0.707107
3.059421 -0.555108 0.041050 0.000000 0.707107 -0.000000 0.707107
3.059421 -0.565098 0.040866 0.000000 0.707107 -0.000000 0.707107
3.059421 -0.561132 0.043987 0.000000 0.707107 -0.000000 0.707107
3.059421 -0.551181 0.044724 0.000000 0.707107 -0.000000 0.707107
3.059421 -0.541180 0.044894 0.000000 0.707107 -0.000000 0.707107
3.059421 -0.549843 0.043678 0.000000 0.707107 -0.000000 0.707107
3.059421 -0.559819 0.043087 0.000000 0.707107 -0.000000 0.707107
3.059421 -0.569213 0.043105 0.000000 0.707107 -0.000000 0.707107
3.059421 -0.560143 0.046267 0.000000 0.707107 -0.000000 0.707107
3.059421 -0.550174 0.046811 0.000000 0.707107 -0.000000 0.707107
3.059421 -0.540372 0.045840 0.000000 0.707107 -0.000000 0.707107
3.059421 -0.549039 0.046657 0.000000 0.707107 -0.000000 0.707107
3.059421 -0.558893 0.045017 0.000000 0.707107 -0.000000 0.707107
3.059421 -0.568790 0.043656 0.000000 0.707107 -0.000000 0.707107
3.059421 -0.561803 0.048071 0.000000 0.707107 -0.000000 0.707107
3.059421 -0.552009 0.049973 0.000000 0.707107 -0.000000 0.707107
3.059421 -0.542243 0.048320 0.000000 0.707107 -0.000000 0.707107
End
