2.000000 0.500000
2.924421 0.875237 1.287337 -0.000000 0.707107 0.000000 0.707107
2.924421 0.881379 1.281631 -0.000000 0.707107 0.000000 0.707107
2.924421 0.879942 1.272314 -0.000000 0.707107 0.000000 0.707107
2.924421 0.870996 1.269565 -0.000000 0.707107 0.000000 0.707107
2.924421 0.867779 1.278308 -0.000000 0.707107 0.000000 0.707107
2.924421 0.872822 1.286598 -0.000000 0.707107 0.000000 0.707107
2.924421 0.880242 1.282852 -0.000000 0.707107 0.000000 0.707107
2.924421 0.879940 1.273505 -0.000000 0.707107 0.000000 0.707107
2.924421 0.871207 1.272379 -0.000000 0.707107 0.000000 0.707107
2.924421 0.867912 1.281448 -0.000000 0.707107 0.000000 0.707107
2.924421 0.874183 1.287953 -0.000000 0.707107 0.000000 0.707107
2.924421 0.880910 1.281155 -0.000000 0.707107 0.000000 0.707107
2.924421 0.876769 1.272825 -0.000000 0.707107 0.000000 0.707107
2.924421 0.870104 1.278019 -0.000000 0.707107 0.000000 0.707107
2.924421 0.875720 1.284925 -0.000000 0.707107 0.000000 0.707107
2.924421 0.880512 1.277773 -0.000000 0.707107 0.000000 0.707107
2.924421 0.871898 1.273626 -0.000000 0.707107 0.000000 0.707107
2.924421 0.878308 1.277924 -0.000000 0.707107 0.000000 0.707107
2.924421 0.873027 1.281405 -0.000000 0.707107 0.000000 0.707107
2.924421 0.876179 1.274716 -0.000000 0.707107 0.000000 0.707107
2.924421 0.877593 1.283293 -0.000000 0.707107 0.000000 0.707107
2.924421 0.870253 1.282703 -0.000000 0.707107 0.000000 0.707107
2.924421 0.872889 1.273626 -0.000000 0.707107 0.000000 0.707107
2.924421 0.879672 1.278158 -0.000000 0.707107 0.000000 0.707107
2.924421 0.874511 1.285215 -0.000000 0.707107 0.000000 0.707107
2.924421 0.869554 1.277037 -0.000000 0.707107 0.000000 0.707107
2.924421 0.875292 1.271401 -0.000000 0.707107 0.000000 0.707107
2.924421 0.879663 1.279204 -0.000000 0.707107 0.000000 0.707107
2.924421 0.874727 1.285723 -0.000000 0.707107 0.000000 0.707107
End
2.924421 0.773805 1.290036 -0.000000 0.707107 0.000000 0.707107
2.924421 0.782300 1.285922 -0.000000 0.707107 0.000000 0.707107
2.924421 0.779816 1.277410 -0.000000 0.707107 0.000000 0.707107
2.924421 0.770597 1.278847 -0.000000 0.707107 0.000000 0.707107
2.924421 0.772345 1.287631 -0.000000 0.707107 0.000000 0.707107
2.924421 0.781803 1.288840 -0.000000 0.707107 0.000000 0.707107
2.924421 0.784821 1.279874 -0.000000 0.707107 0.000000 0.707107
2.924421 0.776728 1.275222 -0.000000 0.707107 0.000000 0.707107
2.924421 0.768237 1.279437 -0.000000 0.707107 0.000000 0.707107
2.924421 0.770349 1.288436 -0.000000 0.707107 0.000000 0.707107
2.924421 0.779449 1.291668 -0.000000 0.707107 0.000000 0.707107
2.924421 0.786432 1.285248 -0.000000 0.707107 0.000000 0.707107
2.924421 0.784251 1.275904 -0.000000 0.707107 0.000000 0.707107
2.924421 0.774981 1.273675 -0.000000 0.707107 0.000000 0.707107
2.924421 0.767664 1.279954 -0.000000 0.707107 0.000000 0.707107
2.924421 0.768892 1.289102 -0.000000 0.707107 0.000000 0.707107
2.924421 0.778073 1.292363 -0.000000 0.707107 0.000000 0.707107
2.924421 0.786022 1.287206 -0.000000 0.707107 0.000000 0.707107
2.924421 0.785017 1.277422 -0.000000 0.707107 0.000000 0.707107
2.924421 0.777332 1.271852 -0.000000 0.707107 0.000000 0.707107
2.924421 0.768487 1.275619 -0.000000 0.707107 0.000000 0.707107
2.924421 0.765398 1.284853 -0.000000 0.707107 0.000000 0.707107
2.924421 0.771644 1.292150 -0.000000 0.707107 0.000000 0.707107
2.924421 0.778884 1.291713 -0.000000 0.707107 0.000000 0.707107
2.924421 0.769756 1.288390 -0.000000 0.707107 0.000000 0.707107
2.924421 0.768426 1.279405 -0.000000 0.707107 0.000000 0.707107
2.924421 0.776151 1.273795 -0.000000 0.707107 0.000000 0.707107
2.924421 0.783535 1.279288 -0.000000 0.707107 0.000000 0.707107
2.924421 0.782614 1.288589 -0.000000 0.707107 0.000000 0.707107
2.924421 0.773137 1.289516 -0.000000 0.707107 0.000000 0.707107
2.924421 0.769157 1.281651 -0.000000 0.707107 0.000000 0.707107
2.924421 0.776323 1.275430 -0.000000 0.707107 0.000000 0.707107
2.924421 0.784349 1.279791 -0.000000 0.707107 0.000000 0.707107
2.924421 0.781610 1.288738 -0.000000 0.707107 0.000000 0.707107
2.924421 0.772367 1.287523 -0.000000 0.707107 0.000000 0.707107
2.924421 0.771052 1.279004 -0.000000 0.707107 0.000000 0.707107
2.924421 0.780512 1.278056 -0.000000 0.707107 0.000000 0.707107
2.924421 0.781465 1.286603 -0.000000 0.707107 0.000000 0.707107
2.924421 0.772524 1.284982 -0.000000 0.707107 0.000000 0.707107
2.924421 0.776379 1.278528 -0.000000 0.707107 0.000000 0.707107
2.924421 0.780224 1.285395 -0.000000 0.707107 0.000000 0.707107
End
3.059421 0.336227 1.346672 -0.000000 0.707107 0.000000 0.707107
3.059421 0.338587 1.338556 -0.000000 0.707107 0.000000 0.707107
3.059421 0.333077 1.343751 -0.000000 0.707107 0.000000 0.707107
3.059421 0.340910 1.345716 -0.000000 0.707107 0.000000 0.707107
3.059421 0.340114 1.336704 -0.000000 0.707107 0.000000 0.707107
3.059421 0.331867 1.337762 -0.000000 0.707107 0.000000 0.707107
3.059421 0.334253 1.346275 -0.000000 0.707107 0.000000 0.707107
3.059421 0.343323 1.344231 -0.000000 0.707107 0.000000 0.707107
3.059421 0.342993 1.335250 -0.000000 0.707107 0.000000 0.707107
3.059421 0.333734 1.332666 -0.000000 0.707107 0.000000 0.707107
3.059421 0.330216 1.341077 -0.000000 0.707107 0.000000 0.707107
3.059421 0.337769 1.346185 -0.000000 0.707107 0.000000 0.707107
3.059421 0.343716 1.339264 -0.000000 0.707107 0.000000 0.707107
3.059421 0.339558 1.331156 -0.000000 0.707107 0.000000 0.707107
3.059421 0.330221 1.333064 -0.000000 0.707107 0.000000 0.707107
3.059421 0.330006 1.342511 -0.000000 0.707107 0.000000 0.707107
3.059421 0.331604 1.341286 -0.000000 0.707107 0.000000 0.707107
3.059421 0.334105 1.332979 -0.000000 0.707107 0.000000 0.707107
3.059421 0.341676 1.336933 -0.000000 0.707107 0.000000 0.707107
3.059421 0.337008 1.344245 -0.000000 0.707107 0.000000 0.707107
3.059421 0.332138 1.337186 -0.000000 0.707107 0.000000 0.707107
3.059421 0.340470 1.335850 -0.000000 0.707107 0.000000 0.707107
3.059421 0.340682 1.343990 -0.000000 0.707107 0.000000 0.707107
3.059421 0.333115 1.341208 -0.000000 0.707107 0.000000 0.707107
3.059421 0.339421 1.338939 -0.000000 0.707107 0.000000 0.707107
3.059421 0.335717 1.344629 -0.000000 0.707107 0.000000 0.707107
3.059421 0.337355 1.343289 -0.000000 0.707107 0.000000 0.707107
End
3.023337 0.257367 1.350463 0.518863 0.480397 -0.000000 0.707107
3.024381 0.258334 1.342745 0.518863 0.480397 -0.000000 0.707107
3.015520 0.250130 1.345075 0.518863 0.480397 -0.000000 0.707107
3.022255 0.256365 1.351524 0.518863 0.480397 -0.000000 0.707107
3.030480 0.263981 1.346317 0.518863 0.480397 -0.000000 0.707107
3.024236 0.258200 1.339459 0.518863 0.480397 -0.000000 0.707107
3.014589 0.249267 1.342748 0.518863 0.480397 -0.000000 0.707107
3.017248 0.251729 1.351222 0.518863 0.480397 -0.000000 0.707107
3.026861 0.260630 1.348834 0.518863 0.480397 -0.000000 0.707107
3.026478 0.260275 1.339883 0.518863 0.480397 -0.000000 0.707107
3.016006 0.250579 1.339459 0.518863 0.480397 -0.000000 0.707107
3.012250 0.247102 1.347867 0.518863 0.480397 -0.000000 0.707107
3.021030 0.255231 1.352385 0.518863 0.480397 -0.000000 0.707107
3.029847 0.263395 1.347372 0.518863 0.480397 -0.000000 0.707107
3.027803 0.261502 1.338383 0.518863 0.480397 -0.000000 0.707107
3.017529 0.251989 1.337898 0.518863 0.480397 -0.000000 0.707107
3.010263 0.245261 1.344892 0.518863 0.480397 -0.000000 0.707107
3.014642 0.249316 1.352755 0.518863 0.480397 -0.000000 0.707107
3.012049 0.246915 1.347040 0.518863 0.480397 -0.000000 0.707107
3.018549 0.252934 1.339712 0.518863 0.480397 -0.000000 0.707107
3.028070 0.261749 1.341656 0.518863 0.480397 -0.000000 0.707107
3.023994 0.257975 1.349705 0.518863 0.480397 -0.000000 0.707107
3.014436 0.249125 1.347534 0.518863 0.480397 -0.000000 0.707107
3.019634 0.253938 1.340723 0.518863 0.480397 -0.000000 0.707107
3.026219 0.260035 1.345723 0.518863 0.480397 -0.000000 0.707107
3.017645 0.252097 1.349159 0.518863 0.480397 -0.000000 0.707107
3.019868 0.254155 1.341641 0.518863 0.480397 -0.000000 0.707107
3.028419 0.262073 1.345399 0.518863 0.480397 -0.000000 0.707107
3.019975 0.254254 1.348848 0.518863 0.480397 -0.000000 0.707107
3.022708 0.256785 1.344232 0.518863 0.480397 -0.000000 0.707107
End
3.059421 -0.557717 1.326751 -0.000000 0.707107 0.000000 0.707107
3.059421 -0.565705 1.322165 -0.000000 0.707107 0.000000 0.707107
3.059421 -0.568492 1.329376 -0.000000 0.707107 0.000000 0.707107
3.059421 -0.559030 1.330346 -0.000000 0.707107 0.000000 0.707107
3.059421 -0.558508 1.322779 -0.000000 0.707107 0.000000 0.707107
3.059421 -0.567978 1.322124 -0.000000 0.707107 0.000000 0.707107
3.059421 -0.569267 1.328975 -0.000000 0.707107 0.000000 0.707107
3.059421 -0.565007 1.322472 -0.000000 0.707107 0.000000 0.707107
3.059421 -0.556138 1.325646 -0.000000 0.707107 0.000000 0.707107
3.059421 -0.557538 1.319974 -0.000000 0.707107 0.000000 0.707107
3.059421 -0.567024 1.319998 -0.000000 0.707107 0.000000 0.707107
3.059223 -0.572973 1.327326 0.217496 0.672826 -0.000000 0.707107
3.059421 -0.570339 1.325137 -0.000000 0.707107 0.000000 0.707107
3.059421 -0.561846 1.320601 -0.000000 0.707107 0.000000 0.707107
3.059421 -0.554327 1.324876 -0.000000 0.707107 0.000000 0.707107
3.059421 -0.562479 1.320100 -0.000000 0.707107 0.000000 0.707107
3.059421 -0.571450 1.323857 0.067545 0.703873 -0.000000 0.707107
3.059421 -0.567809 1.328775 -0.000000 0.707107 0.000000 0.707107
3.059421 -0.563129 1.323118 -0.000000 0.707107 0.000000 0.707107
3.059421 -0.560275 1.328679 -0.000000 0.707107 0.000000 0.707107
3.059421 -0.567704 1.325345 -0.000000 0.707107 0.000000 0.707107
3.059421 -0.559729 1.327554 -0.000000 0.707107 0.000000 0.707107
End
3.006624 -0.628107 1.331426 0.518830 0.480432 -0.000000 0.707107
3.003037 -0.631429 1.336144 0.518830 0.480432 -0.000000 0.707107
3.008042 -0.626795 1.330166 0.518863 0.480397 -0.000000 0.707107
3.001897 -0.632484 1.336792 0.518830 0.480432 -0.000000 0.707107
3.007216 -0.627559 1.330826 0.518863 0.480397 -0.000000 0.707107
3.001086 -0.633236 1.337159 0.518830 0.480432 -0.000000 0.707107
3.007759 -0.627057 1.331777 0.518863 0.480397 -0.000000 0.707107
End
