6.21951278788592 -6.9277463283219864 3.4739362132391136 0.6073 -0.74 0.289
6.267838612229479 -6.8507086664006795 3.569645368315962 0.6073 -0.74 0.289
6.316164436573037 -6.773671004479373 3.6653545233928106 0.6073 -0.74 0.289
6.364490260916597 -6.696633342558064 3.76106367846966 0.6073 -0.74 0.289
6.408224338019263 -6.613402070803339 3.858299593497668 0.5601 -0.6825 0.4696
6.448602442214579 -6.5106197025431864 3.959506897188923 0.5601 -0.6825 0.4696
6.4897530234682534 -6.3985381205188405 4.049538218300327 0.6825 -0.5601 0.4696
6.5247074554509155 -6.286681091188939 4.132145552607671 0.6825000000000001 -0.5601 0.4696000000000001
6.559661887433577 -6.1748240618590335 4.214752886915015 0.6825 -0.5601 0.4696
6.5946163194162395 -6.062967032529129 4.297360221222359 0.6825000000000001 -0.5601 0.4696
6.629570751398901 -5.951110003199225 4.379967555529703 0.6825 -0.5601 0.4696
6.664525183381562 -5.8392529738693195 4.462574889837048 0.6824999999999999 -0.5601 0.46959999999999996
6.699479615364225 -5.727395944539415 4.5451822241443915 0.6825 -0.5601 0.4696
6.7344340473468876 -5.615538915209511 4.6277895584517355 0.6825000000000001 -0.5601 0.4696000000000001
6.770413912777418 -5.502349235939609 4.710495791409588 0.6825000000000001 -0.5601 0.4696
6.81955083927949 -5.37206068332596 4.794470966381511 0.6825 -0.5601 0.4696
6.868687765781564 -5.241772130712311 4.878446141353435 0.6825 -0.5601 0.4696
6.917824692283637 -5.111483578098663 4.962421316325358 0.6825000000000001 -0.5601 0.4696000000000001
6.966961618785709 -4.981195025485014 5.046396491297281 0.6825 -0.5601 0.4696
7.016098545287782 -4.850906472871367 5.130371666269204 0.6825 -0.5601 0.4696
7.065210233256914 -4.720623506146572 5.214316530691935 0.7786 -0.4162 0.4696000000000001
7.095576144659812 -4.594489426546752 5.275748407372188 0.7786 -0.41619999999999996 0.4696
7.126795461642436 -4.466661945032436 5.337266371789193 0.7786 -0.41619999999999996 0.4696
7.16716858020059 -4.3206706906518715 5.399707730755093 0.7786 -0.4162 0.4696
7.207541698758742 -4.174679436271306 5.4621490897209934 0.7786 -0.4162 0.4696
7.247914817316895 -4.028688181890741 5.524590448686895 0.7786 -0.4162 0.4696
7.28069461159966 -3.8797473056517164 5.58600833225038 0.6831 -0.3651 0.6326
7.305934945861477 -3.7278777310887117 5.646410000570176 0.6831 -0.3651 0.6326
7.3311752801232934 -3.576008156525707 5.706811668889973 0.6831 -0.3651 0.6326
7.356415614385111 -3.424138581962702 5.767213337209769 0.6831000000000002 -0.3651 0.6326
7.381655948646927 -3.2722690073996965 5.827615005529565 0.6831 -0.3651 0.6326
7.406896282908745 -3.120399432836692 5.888016673849362 0.6831000000000002 -0.36510000000000004 0.6326
7.428223854765418 -2.9564615039003117 5.932908881145101 0.7411999999999999 -0.2248 0.6326
7.447687933954866 -2.786775899140145 5.9704145507729915 0.7412 -0.22479999999999997 0.6326
7.466515356273929 -2.6193688405524163 6.007856146835488 0.7412 -0.2248 0.6326000000000002
7.483022083511614 -2.46026737190021 6.045064186621471 0.7412 -0.2248 0.6326
7.499528810749297 -2.3011659032480045 6.082272226407455 0.7412 -0.22480000000000003 0.6326
7.516035537986981 -2.142064434595798 6.119480266193438 0.7412 -0.2248 0.6326
7.532542265224665 -1.9829629659435926 6.156688305979422 0.7412 -0.2248 0.6326
7.5490489924623505 -1.8238614972913867 6.193896345765405 0.7412000000000001 -0.2248 0.6326
7.5655557197000345 -1.6647600286391806 6.231104385551388 0.7412 -0.2248 0.6326
7.58189291926372 -1.5056209612141669 6.2679324472722335 0.7708 -0.0759 0.6326
7.587435120372581 -1.3440877201135868 6.280564679903259 0.7708000000000002 -0.0759 0.6326
7.592977321481442 -1.1825544790130067 6.293196912534283 0.7708 -0.0759 0.6326
7.598519522590301 -1.0210212379124282 6.3058291451653075 0.7708 -0.0759 0.6326
7.604061723699161 -0.8594879968118481 6.318461377796332 0.7707999999999999 -0.0759 0.6326
7.60966699682421 -0.6972340538014066 6.331103287463323 0.7708000000000002 -0.0759 0.6326
7.616587851673885 -0.5199474177072264 6.343947044675952 0.7708000000000002 -0.0759 0.6326
7.623508706523562 -0.34266078161304653 6.356790801888581 0.7708 -0.0759 0.6326
7.630429561373237 -0.1653741455188666 6.369634559101209 0.7708 -0.0759 0.6325999999999999
7.636395428799641 0.011906683190021668 6.380783342547254 0.7707999999999999 0.0759 0.6326
7.629103763881625 0.18910689136248626 6.36840179566029 0.7708 0.0759 0.6326
7.621812098963608 0.366307099534951 6.356020248773328 0.7707999999999999 0.0759 0.6326
7.614520434045591 0.5435073077074156 6.343638701886366 0.7708000000000002 0.0759 0.6326
7.607348366896442 0.7194832333735277 6.331258417139284 0.7708000000000002 0.0759 0.6326
7.601591362205277 0.8809736361983205 6.318893065837695 0.7708000000000002 0.0759 0.6326000000000002
7.5958343575141125 1.0424640390231135 6.306527714536104 0.7708000000000002 0.0759 0.6326
7.590077352822946 1.203954441847906 6.2941623632345145 0.7707999999999999 0.0759 0.6326
7.584320348131781 1.365444844672699 6.281797011932925 0.7708000000000002 0.0759 0.6326
7.577254471235566 1.5266291288173583 6.266492377034713 0.7412000000000001 0.2248 0.6326
7.560559783294967 1.6855614292184649 6.229564694257174 0.7412 0.2248 0.6326
7.543865095354368 1.8444937296195716 6.1926370114796345 0.7412 0.2248 0.6326000000000002
7.527170407413769 2.0034260300206785 6.155709328702095 0.7411999999999999 0.2248 0.6326
7.510475719473171 2.1623583304217813 6.118781645924557 0.7412 0.2248 0.6326
7.4937810315325715 2.3212906308228884 6.081853963147017 0.7411999999999999 0.2248 0.6326
7.477086343591973 2.4802229312239947 6.044926280369477 0.7412 0.2248 0.6326
7.4603916556513745 2.6391552316251015 6.007998597591937 0.7412 0.22480000000000003 0.6326
7.44074958031346 2.8082311342677597 5.9709192809919465 0.7412 0.2248 0.6326
7.420980025639495 2.977745764333921 5.9338334059805895 0.7412000000000001 0.22479999999999997 0.6326
7.398645463066488 3.139041936895105 5.8861685255445755 0.6831 0.3651 0.6326
7.373288962680876 3.2906556178332176 5.8260400981056595 0.6831 0.3651 0.6326
7.347932462295263 3.44226929877133 5.765911670666743 0.6831 0.3651 0.6326
7.322575961909651 3.5938829797094427 5.7057832432278275 0.6831 0.3651 0.6326
7.297219461524036 3.745496660647555 5.645654815788911 0.6831 0.3651 0.6326
7.2718629611384245 3.8971103415856683 5.5855263883499955 0.6831 0.3651 0.6326
7.238927879026736 4.045742751510816 5.5243817602273 0.7786000000000001 0.4162 0.4696
7.1985331760941245 4.19144068739782 5.462236882710596 0.7786000000000001 0.4162 0.4696
7.1581384731615145 4.337138623284823 5.400092005193892 0.7786 0.4162 0.4696
7.117743770228904 4.482836559171826 5.3379471276771895 0.7786 0.41619999999999996 0.46959999999999996
7.087433945925398 4.60876049532094 5.276608107686566 0.7786 0.41619999999999996 0.46959999999999996
7.055852776322185 4.733671848994516 5.2124225163586475 0.6824999999999999 0.5601 0.4696
7.01587289249329 4.85194252376228 5.129470073056902 0.6825 0.5601 0.4696
6.975893008664391 4.970213198530045 5.046517629755156 0.6825 0.5601 0.4696
6.935913124835496 5.08848387329781 4.963565186453411 0.6825 0.5601 0.4696
6.895933241006599 5.206754548065574 4.880612743151665 0.6825 0.5601 0.4696
6.855953357177704 5.3250252228333395 4.7976602998499205 0.6825 0.5600999999999999 0.46959999999999996
6.815973473348809 5.4432958976011045 4.714707856548175 0.6825 0.5601 0.4696
6.775993589519912 5.56156657236887 4.63175541324643 0.6825 0.5601 0.46959999999999996
6.7360137056910165 5.679837247136631 4.548802969944686 0.6825 0.5601 0.4696
6.6960338218621205 5.798107921904397 4.4658505266429405 0.6825 0.5601 0.4696
6.656053938033224 5.916378596672161 4.382898083341194 0.6825 0.5601 0.4696
6.613625326876471 6.037799716285277 4.2997472145845705 0.6825 0.5601 0.4696
6.571099703260948 6.159345648652017 4.216588484707175 0.6825 0.5601 0.4696
6.528574079645426 6.280891581018754 4.133429754829779 0.6824999999999999 0.5601 0.4696
6.486048456029905 6.402437513385494 4.050271024952384 0.6824999999999999 0.5601 0.4696
6.4393254329228435 6.519336399077543 3.957903177173205 0.5601 0.6825 0.4696
6.400380107602511 6.620788666551025 3.8569203083638577 0.5601000000000002 0.6825 0.4696
6.348590198115489 6.7104852742275725 3.7590089886650344 0.6072999999999998 0.74 0.289
6.288933896554839 6.797243483192408 3.662222410199936 0.6073 0.74 0.289
6.2292775949941905 6.884001692157242 3.565435831734837 0.6073 0.7400000000000001 0.28900000000000003
6.16962129343354 6.9707599011220776 3.4686492532697386 0.6073000000000001 0.74 0.289
End
5.106528040103665 -7.355937619237863 4.331671793158828 0.5601 -0.6825 0.4696000000000001
5.140176821672712 -7.259102727267792 4.432261077723213 0.5601 -0.6824999999999999 0.4696
5.173825603241759 -7.162267835297721 4.532850362287598 0.5601 -0.6825 0.4696
5.207474384810806 -7.06543294332765 4.633439646851983 0.5601 -0.6825 0.4696
5.241123166379852 -6.968598051357579 4.734028931416367 0.5601 -0.6824999999999999 0.4696
5.274771947948899 -6.871763159387509 4.834618215980751 0.5601 -0.6825000000000001 0.4696
5.308700625800881 -6.774680890883587 4.935233206142267 0.5601 -0.6825 0.4696
5.360017261853315 -6.662230884068771 5.037445101570761 0.5601 -0.6825 0.4696
5.411333897905749 -6.549780877253953 5.139656996999255 0.5601 -0.6824999999999999 0.4696
5.4626505339581835 -6.437330870439137 5.241868892427749 0.5601 -0.6825 0.4696
5.513967170010618 -6.324880863624319 5.344080787856243 0.5601000000000002 -0.6825 0.4696
5.565283806063052 -6.212430856809501 5.446292683284737 0.5601 -0.6825 0.4696
5.6166004421154865 -6.099980849994683 5.548504578713231 0.5601 -0.6824999999999999 0.4696
5.649604302434868 -5.9705198968012665 5.647909783484501 0.49129999999999996 -0.5987 0.6325999999999999
5.681221370226747 -5.839770736201858 5.747102442780024 0.4913 -0.5987 0.6326
5.712721152852031 -5.708881073414138 5.845868513466272 0.5987 -0.4913 0.6326
5.739340522536006 -5.57214490234203 5.926883587758111 0.5987 -0.4913 0.6326
5.765959892219982 -5.4354087312699235 6.00789866204995 0.5987 -0.49130000000000007 0.6326
5.792579261903957 -5.298672560197815 6.088913736341789 0.5987 -0.4913 0.6326
5.819198631587931 -5.16193638912571 6.169928810633626 0.5987 -0.49129999999999996 0.6326
5.845818001271907 -5.025200218053603 6.250943884925467 0.5987 -0.4913 0.6326
5.872437370955882 -4.888464046981495 6.331958959217304 0.5987 -0.49129999999999996 0.6326
5.9052674651597545 -4.743505712602528 6.413482822331065 0.5987 -0.4913 0.6326
5.943643906219171 -4.591204761519718 6.495461047777843 0.5987 -0.49129999999999996 0.6326
5.9820203472785884 -4.438903810436907 6.577439273224622 0.5987 -0.4913 0.6326
6.0203967883380045 -4.286602859354097 6.6594174986714005 0.5987000000000001 -0.4913 0.6326
6.058773229397422 -4.1343019082712855 6.7413957241181794 0.5987 -0.4913 0.6326
6.092185993702121 -3.978523645633351 6.8123841521014885 0.6831 -0.3651 0.6326
6.120959637403464 -3.8194954397624405 6.873101364137661 0.6831 -0.3651 0.6326
6.1497332811048055 -3.6604672338915316 6.9338185761738345 0.6831 -0.3651 0.6326
6.178506924806149 -3.501439028020622 6.994535788210007 0.6831 -0.36510000000000004 0.6326
6.207280568507492 -3.342410822149713 7.05525300024618 0.6831 -0.3651 0.6326
6.227106298637734 -3.175102317384244 7.111037263798104 0.5611 -0.2999 0.7715
6.243779946861074 -3.0048769113633127 7.1650837973707056 0.5611 -0.2999 0.7715
6.260453595084414 -2.8346515053423813 7.219130330943308 0.5611 -0.2999 0.7714999999999999
6.277127243307752 -2.6644260993214504 7.27317686451591 0.5611 -0.2999 0.7714999999999999
6.2916915744489135 -2.485343986139283 7.314163927673459 0.6088 -0.1847 0.7715
6.3042700449684625 -2.304063876593623 7.347633131741533 0.6087999999999999 -0.1847 0.7715
6.315132053022449 -2.129049868128422 7.3809575167417485 0.6087999999999999 -0.1847 0.7715
6.325994061076436 -1.9540358596632204 7.414281901741965 0.6088 -0.1847 0.7715
6.336856069130421 -1.779021851198019 7.447606286742182 0.6088 -0.1847 0.7715000000000001
6.347718077184408 -1.6040078427328173 7.480930671742398 0.6088 -0.1847 0.7715
6.358580085238395 -1.428993834267616 7.5142550567426145 0.6088 -0.1847 0.7715
6.368905578345334 -1.2538609250861565 7.545971067818978 0.6332 -0.0624 0.7714999999999999
6.372445077057859 -1.077224125661825 7.557343905808561 0.6332 -0.0624 0.7715
6.375984575770382 -0.9005873262374915 7.568716743798144 0.6332 -0.0624 0.7715000000000001
6.379524074482905 -0.7239505268131579 7.580089581787727 0.6332 -0.0624 0.7715
6.38306357319543 -0.5473137273888242 7.591462419777311 0.6332 -0.0624 0.7714999999999999
6.387124168464129 -0.3643495332653408 7.602918926043785 0.6332 -0.0624 0.7715000000000001
6.391711501941591 -0.17498944089521795 7.614460006421869 0.6332 -0.06239999999999999 0.7715
6.395546647000207 0.014363669995810697 7.624295752418563 0.6332 0.06239999999999999 0.7714999999999999
6.390222804693576 0.20363177123073078 7.613366573482475 0.6332 0.0624 0.7715000000000001
6.384898962386944 0.39289987246565083 7.602437394546385 0.6332 0.06239999999999999 0.7714999999999999
6.380418371405842 0.5739783556474796 7.591477966458859 0.6332 0.0624 0.7715
6.376398141903185 0.7505858293441257 7.580502024262597 0.6332 0.0624 0.7715000000000001
6.3723779124005295 0.9271933030407717 7.5695260820663375 0.6332 0.062400000000000004 0.7715000000000001
6.368357682897872 1.1038007767374174 7.558550139870077 0.6332 0.0624 0.7714999999999999
6.363463992455305 1.2812071869514443 7.54577919524357 0.6088 0.1847 0.7715
6.348729178918357 1.4676150673547874 7.5127842897464605 0.6088 0.1847 0.7714999999999999
6.3345503564696894 1.65213922075284 7.47980159443942 0.6088000000000001 0.18470000000000003 0.7714999999999999
6.323747094777411 1.8252267970386682 7.446893030245793 0.6088 0.1847 0.7715
6.312943833085132 1.998314373324497 7.413984466052165 0.6088 0.1847 0.7714999999999999
6.302140571392853 2.171401949610326 7.381075901858539 0.6088 0.1847 0.7715
6.291337309700575 2.34448952589615 7.348167337664913 0.6088 0.18469999999999998 0.7714999999999999
6.280534048008296 2.517577102181979 7.315258773471287 0.6088 0.1847 0.7715
6.266419242811059 2.6890372895146495 7.271402326122445 0.5611 0.2999 0.7715
6.249337913237138 2.859039640345199 7.217738620555673 0.5611000000000002 0.2999 0.7715
6.232256583663217 3.029041991175749 7.164074914988903 0.5611 0.2999 0.7715
6.215175254089296 3.1990443420062986 7.110411209422132 0.5611000000000002 0.29990000000000006 0.7715000000000001
6.194919713225888 3.366044654579805 7.054964806319106 0.6831 0.3651 0.6326
6.165945209562379 3.5247989313666106 6.994621667591101 0.6831 0.3651 0.6326
6.136970705898869 3.683553208153416 6.934278528863097 0.6831 0.3651 0.6326
6.107996202235359 3.842307484940221 6.873935390135092 0.6830999999999999 0.3651 0.6325999999999999
6.079021698571849 4.001061761727027 6.813592251407087 0.6830999999999999 0.3651 0.6326
6.043781680234725 4.155292609948031 6.739281998935284 0.5987 0.49130000000000007 0.6326
6.005293896154768 4.307178712828638 6.657731812330959 0.5987 0.49129999999999996 0.6326
