0.543084 0.500000
2.924421 0.152596 1.229412 -0.000000 0.707107 0.000000 0.707107
2.924421 0.145098 1.235634 -0.000000 0.707107 0.000000 0.707107
2.924421 0.152469 1.240261 -0.000000 0.707107 0.000000 0.707107
2.924421 0.144874 1.244562 -0.000000 0.707107 0.000000 0.707107
2.924421 0.147048 1.251735 -0.000000 0.707107 0.000000 0.707107
2.924421 0.143807 1.259336 -0.000000 0.707107 0.000000 0.707107
2.924421 0.140186 1.266617 -0.000000 0.707107 0.000000 0.707107
2.924421 0.135631 1.275393 -0.000000 0.707107 0.000000 0.707107
2.924421 0.128849 1.274882 -0.000000 0.707107 0.000000 0.707107
2.924421 0.123389 1.277542 -0.000000 0.707107 0.000000 0.707107
2.924421 0.128210 1.283727 -0.000000 0.707107 0.000000 0.707107
2.924421 0.120942 1.288199 -0.000000 0.707107 0.000000 0.707107
2.924421 0.116544 1.294711 -0.000000 0.707107 0.000000 0.707107
2.924421 0.111362 1.291776 -0.000000 0.707107 0.000000 0.707107
2.924421 0.107742 1.299679 -0.000000 0.707107 0.000000 0.707107
2.924421 0.100608 1.299276 -0.000000 0.707107 0.000000 0.707107
2.924421 0.095752 1.304170 -0.000000 0.707107 0.000000 0.707107
2.924421 0.087390 1.306885 -0.000000 0.707107 0.000000 0.707107
2.924421 0.078954 1.307554 -0.000000 0.707107 0.000000 0.707107
2.924421 0.072679 1.301999 -0.000000 0.707107 0.000000 0.707107
2.924421 0.067484 1.309027 -0.000000 0.707107 0.000000 0.707107
2.924421 0.054141 1.307294 -0.000000 0.707107 0.000000 0.707107
2.924421 0.062263 1.300591 -0.000000 0.707107 0.000000 0.707107
2.924421 0.054796 1.294905 -0.000000 0.707107 0.000000 0.707107
2.924421 0.045520 1.299990 -0.000000 0.707107 0.000000 0.707107
2.924421 0.035038 1.301739 -0.000000 0.707107 0.000000 0.707107
2.924421 0.034960 1.291779 -0.000000 0.707107 0.000000 0.707107
2.924421 0.047787 1.286810 -0.000000 0.707107 0.000000 0.707107
2.924421 0.037898 1.279748 -0.000000 0.707107 0.000000 0.707107
2.924421 0.025583 1.282823 -0.000000 0.707107 0.000000 0.707107
2.924421 0.017952 1.289438 -0.000000 0.707107 0.000000 0.707107
2.924421 0.006780 1.272644 -0.000000 0.707107 0.000000 0.707107
2.924421 0.017627 1.263785 -0.000000 0.707107 0.000000 0.707107
2.924421 0.026023 1.272076 -0.000000 0.707107 0.000000 0.707107
2.924421 0.038374 1.265477 -0.000000 0.707107 0.000000 0.707107
2.924421 0.049272 1.272348 -0.000000 0.707107 0.000000 0.707107
2.924421 0.058397 1.278938 -0.000000 0.707107 0.000000 0.707107
2.924421 0.062973 1.287536 -0.000000 0.707107 0.000000 0.707107
2.924421 0.070487 1.294439 -0.000000 0.707107 0.000000 0.707107
2.924421 0.074552 1.286964 -0.000000 0.707107 0.000000 0.707107
2.924421 0.080681 1.278604 -0.000000 0.707107 0.000000 0.707107
2.924421 0.070277 1.275122 -0.000000 0.707107 0.000000 0.707107
2.924421 0.061912 1.265405 -0.000000 0.707107 0.000000 0.707107
2.924421 0.049885 1.254700 -0.000000 0.707107 0.000000 0.707107
2.924421 0.035917 1.244071 -0.000000 0.707107 0.000000 0.707107
2.924421 0.028534 1.254397 -0.000000 0.707107 0.000000 0.707107
2.924421 0.012043 1.250403 -0.000000 0.707107 0.000000 0.707107
2.924421 0.020737 1.234632 -0.000000 0.707107 0.000000 0.707107
2.924421 0.032912 1.223631 -0.000000 0.707107 0.000000 0.707107
2.924421 0.047782 1.232966 -0.000000 0.707107 0.000000 0.707107
2.924421 0.061245 1.237566 -0.000000 0.707107 0.000000 0.707107
2.924421 0.078146 1.239249 -0.000000 0.707107 0.000000 0.707107
2.924421 0.068903 1.252659 -0.000000 0.707107 0.000000 0.707107
2.924421 0.078700 1.264894 -0.000000 0.707107 0.000000 0.707107
2.924421 0.089929 1.268045 -0.000000 0.707107 0.000000 0.707107
2.924421 0.101846 1.266642 -0.000000 0.707107 0.000000 0.707107
2.924421 0.107175 1.275070 -0.000000 0.707107 0.000000 0.707107
2.924421 0.096634 1.275901 -0.000000 0.707107 0.000000 0.707107
2.924421 0.090304 1.282095 -0.000000 0.707107 0.000000 0.707107
2.924421 0.085499 1.289864 -0.000000 0.707107 0.000000 0.707107
2.924421 0.080665 1.297449 -0.000000 0.707107 0.000000 0.707107
2.924421 0.089545 1.298687 -0.000000 0.707107 0.000000 0.707107
2.924421 0.095677 1.291033 -0.000000 0.707107 0.000000 0.707107
2.924421 0.104363 1.291144 -0.000000 0.707107 0.000000 0.707107
2.924421 0.102246 1.283269 -0.000000 0.707107 0.000000 0.707107
2.924421 0.111290 1.283726 -0.000000 0.707107 0.000000 0.707107
2.924421 0.117139 1.280281 -0.000000 0.707107 0.000000 0.707107
2.924421 0.117051 1.272959 -0.000000 0.707107 0.000000 0.707107
2.924421 0.113816 1.266238 -0.000000 0.707107 0.000000 0.707107
2.924421 0.123082 1.266388 -0.000000 0.707107 0.000000 0.707107
2.924421 0.131729 1.267494 -0.000000 0.707107 0.000000 0.707107
2.924421 0.133508 1.260114 -0.000000 0.707107 0.000000 0.707107
2.924421 0.136677 1.253871 -0.000000 0.707107 0.000000 0.707107
2.924421 0.134343 1.247709 -0.000000 0.707107 0.000000 0.707107
2.924421 0.125379 1.247610 -0.000000 0.707107 0.000000 0.707107
2.924421 0.124944 1.257569 -0.000000 0.707107 0.000000 0.707107
2.924421 0.116122 1.253970 -0.000000 0.707107 0.000000 0.707107
2.924421 0.108788 1.259089 -0.000000 0.707107 0.000000 0.707107
2.924421 0.098956 1.255688 -0.000000 0.707107 0.000000 0.707107
2.924421 0.087330 1.253315 -0.000000 0.707107 0.000000 0.707107
2.924421 0.095644 1.240988 -0.000000 0.707107 0.000000 0.707107
2.924421 0.107301 1.245818 -0.000000 0.707107 0.000000 0.707107
2.924421 0.116981 1.242267 -0.000000 0.707107 0.000000 0.707107
2.924421 0.125989 1.236829 -0.000000 0.707107 0.000000 0.707107
2.924421 0.135333 1.240322 -0.000000 0.707107 0.000000 0.707107
2.924421 0.137167 1.232211 -0.000000 0.707107 0.000000 0.707107
2.924421 0.129430 1.228029 -0.000000 0.707107 0.000000 0.707107
2.924421 0.127902 1.220106 -0.000000 0.707107 0.000000 0.707107
2.924421 0.128691 1.211950 -0.000000 0.707107 0.000000 0.707107
2.924421 0.137534 1.204964 -0.000000 0.707107 0.000000 0.707107
2.924421 0.125869 1.202749 -0.000000 0.707107 0.000000 0.707107
2.924421 0.116644 1.205996 -0.000000 0.707107 0.000000 0.707107
2.924421 0.114057 1.215062 -0.000000 0.707107 0.000000 0.707107
2.924421 0.117681 1.223177 -0.000000 0.707107 0.000000 0.707107
2.924421 0.117576 1.231879 -0.000000 0.707107 0.000000 0.707107
2.924421 0.106848 1.232834 -0.000000 0.707107 0.000000 0.707107
2.924421 0.103232 1.221155 -0.000000 0.707107 0.000000 0.707107
2.924421 0.091230 1.227814 -0.000000 0.707107 0.000000 0.707107
2.924421 0.077241 1.221814 -0.000000 0.707107 0.000000 0.707107
2.924421 0.062426 1.215796 -0.000000 0.707107 0.000000 0.707107
2.924421 0.044198 1.209950 -0.000000 0.707107 0.000000 0.707107
2.924421 0.058687 1.194823 -0.000000 0.707107 0.000000 0.707107
2.924421 0.074258 1.193283 -0.000000 0.707107 0.000000 0.707107
2.924421 0.074522 1.175605 -0.000000 0.707107 0.000000 0.707107
2.924421 0.093842 1.174312 -0.000000 0.707107 0.000000 0.707107
2.924421 0.089581 1.159444 -0.000000 0.707107 0.000000 0.707107
2.924421 0.106384 1.159513 -0.000000 0.707107 0.000000 0.707107
2.924421 0.120167 1.151042 -0.000000 0.707107 0.000000 0.707107
2.924421 0.135474 1.157000 -0.000000 0.707107 0.000000 0.707107
2.924421 0.124804 1.165414 -0.000000 0.707107 0.000000 0.707107
2.924421 0.119716 1.176134 -0.000000 0.707107 0.000000 0.707107
2.924421 0.109528 1.176786 -0.000000 0.707107 0.000000 0.707107
2.924421 0.101960 1.186851 -0.000000 0.707107 0.000000 0.707107
2.924421 0.089425 1.190740 -0.000000 0.707107 0.000000 0.707107
2.924421 0.080968 1.205172 -0.000000 0.707107 0.000000 0.707107
2.924421 0.092440 1.211032 -0.000000 0.707107 0.000000 0.707107
2.924421 0.104102 1.207306 -0.000000 0.707107 0.000000 0.707107
2.924421 0.104899 1.197291 -0.000000 0.707107 0.000000 0.707107
2.924421 0.115955 1.191638 -0.000000 0.707107 0.000000 0.707107
2.924421 0.126177 1.191713 -0.000000 0.707107 0.000000 0.707107
2.924421 0.135311 1.191145 -0.000000 0.707107 0.000000 0.707107
2.924421 0.129739 1.181302 -0.000000 0.707107 0.000000 0.707107
2.924421 0.135400 1.173238 -0.000000 0.707107 0.000000 0.707107
2.924421 0.143318 1.167782 -0.000000 0.707107 0.000000 0.707107
2.924421 0.145922 1.180762 -0.000000 0.707107 0.000000 0.707107
2.924421 0.151444 1.191184 -0.000000 0.707107 0.000000 0.707107
2.924421 0.142665 1.194868 -0.000000 0.707107 0.000000 0.707107
2.924421 0.151091 1.202051 -0.000000 0.707107 0.000000 0.707107
2.924512 0.153881 1.210476 0.000039 0.707107 -0.000000 0.707107
2.924421 0.145200 1.213635 -0.000000 0.707107 0.000000 0.707107
2.924421 0.137413 1.217589 -0.000000 0.707107 0.000000 0.707107
2.924421 0.142757 1.224987 -0.000000 0.707107 0.000000 0.707107
2.924479 0.153502 1.220209 0.000062 0.707107 -0.000000 0.707107
End
