0.500000 0.500000
2.924421 0.124480 1.300196 -0.000000 0.707107 0.000000 0.707107
2.924421 0.101560 1.276761 -0.000000 0.707107 0.000000 0.707107
2.924421 0.093230 1.265821 -0.000000 0.707107 0.000000 0.707107
End
2.924421 0.104685 1.293946 -0.000000 0.707107 0.000000 0.707107
End
2.949004 0.188540 1.331446 0.518863 0.480397 -0.000000 0.707107
2.937195 0.177605 1.316861 0.518863 0.480397 -0.000000 0.707107
2.926042 0.159895 1.287176 0.225278 0.670261 -0.000000 0.707107
End
2.924421 -0.067710 1.325716 -0.000000 0.707107 0.000000 0.707107
2.924421 -0.082290 1.324156 -0.000000 0.707107 0.000000 0.707107
2.924421 -0.091145 1.341341 -0.000000 0.707107 0.000000 0.707107
End
2.924492 0.153645 1.301236 0.000053 0.707107 -0.000000 0.707107
2.924421 0.130210 1.274156 -0.000000 0.707107 0.000000 0.707107
2.924421 0.114585 1.235611 -0.000000 0.707107 0.000000 0.707107
End
2.936066 0.176560 1.259571 0.468218 0.529879 -0.000000 0.707107
End
2.924421 0.118750 1.352281 -0.000000 0.707107 0.000000 0.707107
2.924421 0.104685 1.333006 -0.000000 0.707107 0.000000 0.707107
End
2.952835 -0.177085 1.192386 -0.518863 0.480397 0.000000 0.707107
End
2.924421 -0.101560 1.297591 -0.000000 0.707107 0.000000 0.707107
2.924421 -0.124480 1.279881 -0.000000 0.707107 0.000000 0.707107
End
2.924421 0.121355 1.274676 -0.000000 0.707107 0.000000 0.707107
End
2.924421 0.044790 1.276236 -0.000000 0.707107 0.000000 0.707107
2.924421 0.037500 1.290821 -0.000000 0.707107 0.000000 0.707107
2.924421 0.031770 1.297071 -0.000000 0.707107 0.000000 0.707107
End
2.924421 0.115105 1.362176 -0.000000 0.707107 0.000000 0.707107
End
2.924421 0.140105 1.181966 -0.000000 0.707107 0.000000 0.707107
End
2.963522 -0.186980 1.209571 -0.518863 0.480397 0.000000 0.707107
End
2.924421 -0.055730 1.296551 -0.000000 0.707107 0.000000 0.707107
2.924421 -0.067710 1.276761 -0.000000 0.707107 0.000000 0.707107
2.924421 -0.068230 1.254361 -0.000000 0.707107 0.000000 0.707107
End
2.950694 0.190105 1.204881 0.518863 0.480397 -0.000000 0.707107
2.931834 0.171875 1.187696 0.351783 0.613391 -0.000000 0.707107
2.932175 0.172395 1.175196 0.375501 0.599165 -0.000000 0.707107
End
2.929745 0.168230 1.362176 0.318001 0.631566 -0.000000 0.707107
2.926848 0.161980 1.369986 0.250218 0.661355 -0.000000 0.707107
2.925687 0.158855 1.376761 0.191158 0.680778 -0.000000 0.707107
End
2.924421 0.137500 1.390821 -0.000000 0.707107 0.000000 0.707107
2.924421 0.134375 1.386656 -0.000000 0.707107 0.000000 0.707107
2.924421 0.136980 1.378321 -0.000000 0.707107 0.000000 0.707107
End
2.924421 0.130730 1.391341 -0.000000 0.707107 0.000000 0.707107
2.924421 0.116145 1.384571 -0.000000 0.707107 0.000000 0.707107
2.924421 0.108855 1.360611 -0.000000 0.707107 0.000000 0.707107
End
2.924421 0.033855 1.156446 -0.000000 0.707107 0.000000 0.707107
2.924421 0.032290 1.151761 -0.000000 0.707107 0.000000 0.707107
2.924421 0.019790 1.143426 -0.000000 0.707107 0.000000 0.707107
End
2.931187 0.170835 1.274156 0.333595 0.623469 -0.000000 0.707107
End
2.924421 -0.129165 1.320511 -0.000000 0.707107 0.000000 0.707107
End
2.924421 -0.054690 1.312696 -0.000000 0.707107 0.000000 0.707107
2.924421 -0.053645 1.300196 -0.000000 0.707107 0.000000 0.707107
2.924421 -0.076560 1.284051 -0.000000 0.707107 0.000000 0.707107
End
2.924421 0.141665 1.387696 -0.000000 0.707107 0.000000 0.707107
2.924421 0.133335 1.382486 -0.000000 0.707107 0.000000 0.707107
2.924421 0.124480 1.377281 -0.000000 0.707107 0.000000 0.707107
End
2.945068 0.184895 1.280926 0.518863 0.480397 -0.000000 0.707107
2.939446 0.179690 1.251236 0.518863 0.480397 -0.000000 0.707107
2.932544 0.172915 1.228321 0.375484 0.599176 -0.000000 0.707107
End
2.924421 -0.088540 1.343426 -0.000000 0.707107 0.000000 0.707107
2.924421 -0.093230 1.335611 -0.000000 0.707107 0.000000 0.707107
2.924421 -0.119270 1.310611 -0.000000 0.707107 0.000000 0.707107
End
2.928899 -0.151560 1.255926 -0.331714 0.624472 0.000000 0.707107
End
2.925350 0.157810 1.278321 0.141080 0.692890 -0.000000 0.707107
End
2.924421 0.077085 1.383531 -0.000000 0.707107 0.000000 0.707107
End
2.924421 -0.048440 1.290821 -0.000000 0.707107 0.000000 0.707107
2.924421 -0.058335 1.279881 -0.000000 0.707107 0.000000 0.707107
2.924421 -0.068750 1.244466 -0.000000 0.707107 0.000000 0.707107
End
2.935504 0.176040 1.266341 0.468243 0.529857 -0.000000 0.707107
End
2.945068 0.184895 1.295506 0.518863 0.480397 -0.000000 0.707107
2.941131 0.181250 1.247591 0.518863 0.480397 -0.000000 0.707107
2.930023 0.168750 1.224156 0.317993 0.631570 -0.000000 0.707107
End
2.924421 0.078125 1.193426 -0.000000 0.707107 0.000000 0.707107
End
2.924421 -0.060935 1.353321 -0.000000 0.707107 0.000000 0.707107
2.924421 -0.084895 1.343946 -0.000000 0.707107 0.000000 0.707107
2.924421 -0.091665 1.327281 -0.000000 0.707107 0.000000 0.707107
End
2.924421 0.134895 1.388736 -0.000000 0.707107 0.000000 0.707107
2.924421 0.127085 1.391861 -0.000000 0.707107 0.000000 0.707107
2.924421 0.098960 1.376236 -0.000000 0.707107 0.000000 0.707107
End
2.924421 0.128645 1.392386 -0.000000 0.707107 0.000000 0.707107
2.924421 0.100520 1.392386 -0.000000 0.707107 0.000000 0.707107
2.924421 0.072395 1.381966 -0.000000 0.707107 0.000000 0.707107
End
2.924421 -0.054165 1.305406 -0.000000 0.707107 0.000000 0.707107
2.924421 -0.062500 1.307486 -0.000000 0.707107 0.000000 0.707107
2.924421 -0.080730 1.299156 -0.000000 0.707107 0.000000 0.707107
End
2.924421 0.047915 1.242906 -0.000000 0.707107 0.000000 0.707107
2.924421 0.045315 1.256966 -0.000000 0.707107 0.000000 0.707107
2.924421 0.038020 1.291341 -0.000000 0.707107 0.000000 0.707107
End
2.946647 -0.171355 1.274676 -0.518863 0.480397 0.000000 0.707107
End
2.924421 0.101560 1.162696 -0.000000 0.707107 0.000000 0.707107
End
2.926435 0.160935 1.308531 0.225251 0.670270 -0.000000 0.707107
2.924421 0.142185 1.276236 -0.000000 0.707107 0.000000 0.707107
2.924421 0.116665 1.248631 -0.000000 0.707107 0.000000 0.707107
End
2.936521 -0.161980 1.257486 -0.518863 0.480397 0.000000 0.707107
2.935398 -0.160940 1.232486 -0.518863 0.480397 0.000000 0.707107
End
2.956772 -0.180730 1.275196 -0.518863 0.480397 0.000000 0.707107
End
2.924421 -0.109895 1.307486 -0.000000 0.707107 0.000000 0.707107
2.924421 -0.105210 1.294466 -0.000000 0.707107 0.000000 0.707107
2.924421 -0.123960 1.252281 -0.000000 0.707107 0.000000 0.707107
End
2.924421 0.043750 1.274156 -0.000000 0.707107 0.000000 0.707107
2.924421 0.042710 1.246031 -0.000000 0.707107 0.000000 0.707107
2.924421 0.040105 1.233006 -0.000000 0.707107 0.000000 0.707107
End
2.927279 0.163020 1.376761 0.250197 0.661363 -0.000000 0.707107
2.927505 0.163540 1.355926 0.270565 0.653295 -0.000000 0.707107
2.924421 0.142710 1.309051 -0.000000 0.707107 0.000000 0.707107
End
2.945629 0.185415 1.306966 0.518863 0.480397 -0.000000 0.707107
2.952379 0.191665 1.322591 0.518863 0.480397 -0.000000 0.707107
2.934381 0.175000 1.342381 0.468279 0.529826 -0.000000 0.707107
End
2.963632 0.202085 1.301756 0.518830 0.480432 -0.000000 0.707107
2.963632 0.202085 1.262176 0.518830 0.480432 -0.000000 0.707107
2.947319 0.186980 1.237696 0.518863 0.480397 -0.000000 0.707107
End
2.924421 0.112500 1.203841 -0.000000 0.707107 0.000000 0.707107
2.924421 0.105210 1.185091 -0.000000 0.707107 0.000000 0.707107
2.924421 0.086980 1.154881 -0.000000 0.707107 0.000000 0.707107
End
2.924421 0.090105 1.272071 -0.000000 0.707107 0.000000 0.707107
End
2.924421 0.045315 1.240821 -0.000000 0.707107 0.000000 0.707107
2.924421 0.040105 1.265821 -0.000000 0.707107 0.000000 0.707107
2.924421 0.043750 1.278841 -0.000000 0.707107 0.000000 0.707107
End
2.927279 0.163020 1.327801 0.250200 0.661362 -0.000000 0.707107
2.924421 0.142710 1.310611 -0.000000 0.707107 0.000000 0.707107
2.924421 0.119790 1.312696 -0.000000 0.707107 0.000000 0.707107
End
2.930301 0.169270 1.345511 0.317985 0.631574 -0.000000 0.707107
2.926239 0.160415 1.311656 0.225264 0.670266 -0.000000 0.707107
2.926239 0.160415 1.284051 0.225265 0.670265 -0.000000 0.707107
End
2.927926 -0.149480 1.194466 -0.300555 0.640052 0.000000 0.707107
End
2.924421 -0.072915 1.327281 -0.000000 0.707107 0.000000 0.707107
2.924421 -0.080730 1.327281 -0.000000 0.707107 0.000000 0.707107
2.924421 -0.102605 1.331446 -0.000000 0.707107 0.000000 0.707107
End
2.924421 0.107815 1.194466 -0.000000 0.707107 0.000000 0.707107
End
2.924421 0.088020 1.256966 -0.000000 0.707107 0.000000 0.707107
End
2.924421 0.078645 1.192386 -0.000000 0.707107 0.000000 0.707107
2.924421 0.064060 1.180926 -0.000000 0.707107 0.000000 0.707107
2.924421 0.040105 1.173111 -0.000000 0.707107 0.000000 0.707107
End
2.924421 -0.076040 1.330926 -0.000000 0.707107 0.000000 0.707107
2.924421 -0.069270 1.311656 -0.000000 0.707107 0.000000 0.707107
2.924421 -0.081770 1.279881 -0.000000 0.707107 0.000000 0.707107
End
2.930588 0.169790 1.360091 0.333583 0.623476 -0.000000 0.707107
2.924421 0.146875 1.338216 -0.000000 0.707107 0.000000 0.707107
2.924421 0.133335 1.311131 -0.000000 0.707107 0.000000 0.707107
End
2.924421 -0.101040 1.238216 -0.000000 0.707107 0.000000 0.707107
2.924421 -0.109895 1.246551 -0.000000 0.707107 0.000000 0.707107
2.924421 -0.123435 1.244986 -0.000000 0.707107 0.000000 0.707107
End
2.925687 0.158855 1.328841 0.191158 0.680778 -0.000000 0.707107
2.926634 0.161460 1.312696 0.225237 0.670275 -0.000000 0.707107
2.925058 0.156770 1.298636 0.141133 0.692879 -0.000000 0.707107
End
2.924421 0.039060 1.341861 -0.000000 0.707107 0.000000 0.707107
2.924421 0.033855 1.354361 -0.000000 0.707107 0.000000 0.707107
2.924421 0.019790 1.364256 -0.000000 0.707107 0.000000 0.707107
End
2.960819 0.199480 1.315301 0.518830 0.480432 -0.000000 0.707107
2.956883 0.195835 1.317906 0.518863 0.480397 -0.000000 0.707107
2.942821 0.182815 1.314781 0.518863 0.480397 -0.000000 0.707107
End
2.924421 0.152085 1.287696 -0.000000 0.707107 0.000000 0.707107
2.924421 0.131770 1.277801 -0.000000 0.707107 0.000000 0.707107
2.924421 0.130730 1.239781 -0.000000 0.707107 0.000000 0.707107
End
2.924602 0.154690 1.376236 0.060804 0.704488 -0.000000 0.707107
2.924421 0.149480 1.356966 -0.000000 0.707107 0.000000 0.707107
2.924421 0.135415 1.331446 -0.000000 0.707107 0.000000 0.707107
End
2.924421 0.135415 1.229881 -0.000000 0.707107 0.000000 0.707107
2.924421 0.119270 1.196031 -0.000000 0.707107 0.000000 0.707107
End
2.924421 0.032810 1.156446 -0.000000 0.707107 0.000000 0.707107
2.924421 0.029690 1.150716 -0.000000 0.707107 0.000000 0.707107
2.924421 0.020315 1.149156 -0.000000 0.707107 0.000000 0.707107
End
2.924421 -0.054165 1.312696 -0.000000 0.707107 0.000000 0.707107
2.924421 -0.065105 1.315301 -0.000000 0.707107 0.000000 0.707107
2.924421 -0.076040 1.284051 -0.000000 0.707107 0.000000 0.707107
End
3.014708 -0.234375 1.263216 -0.518863 0.480397 0.000000 0.707107
End
2.924421 0.103645 1.300716 -0.000000 0.707107 0.000000 0.707107
End
2.924421 0.021875 1.365301 -0.000000 0.707107 0.000000 0.707107
2.924421 0.026040 1.357486 -0.000000 0.707107 0.000000 0.707107
2.924421 0.014065 1.314781 -0.000000 0.707107 0.000000 0.707107
End
2.924421 -0.044270 1.271551 -0.000000 0.707107 0.000000 0.707107
2.924421 -0.045835 1.283531 -0.000000 0.707107 0.000000 0.707107
2.924421 -0.058335 1.300716 -0.000000 0.707107 0.000000 0.707107
End
2.964756 0.203125 1.282486 0.518830 0.480432 -0.000000 0.707107
2.955193 0.194270 1.316341 0.518863 0.480397 -0.000000 0.707107
2.949004 0.188540 1.331446 0.518863 0.480397 -0.000000 0.707107
End
2.937195 0.177605 1.283531 0.518863 0.480397 -0.000000 0.707107
2.927505 0.163540 1.255926 0.270565 0.653295 -0.000000 0.707107
End
2.924421 0.036980 1.327801 -0.000000 0.707107 0.000000 0.707107
2.924421 0.033335 1.343946 -0.000000 0.707107 0.000000 0.707107
2.924421 0.026040 1.360091 -0.000000 0.707107 0.000000 0.707107
End
2.924421 -0.111980 1.285611 -0.000000 0.707107 0.000000 0.707107
2.924421 -0.135415 1.253841 -0.061082 0.704464 0.000000 0.707107
End
2.924421 -0.063540 1.259051 -0.000000 0.707107 0.000000 0.707107
2.924421 -0.088540 1.233006 -0.000000 0.707107 0.000000 0.707107
2.924421 -0.114585 1.215821 -0.000000 0.707107 0.000000 0.707107
End
2.959585 -0.183335 1.209571 -0.518863 0.480397 0.000000 0.707107
End
2.924421 -0.057810 1.201236 -0.000000 0.707107 0.000000 0.707107
2.924421 -0.059375 1.191341 -0.000000 0.707107 0.000000 0.707107
2.924421 -0.070310 1.171031 -0.000000 0.707107 0.000000 0.707107
End
2.924421 0.031770 1.315301 -0.000000 0.707107 0.000000 0.707107
2.924421 0.038020 1.337696 -0.000000 0.707107 0.000000 0.707107
2.924421 0.031250 1.358531 -0.000000 0.707107 0.000000 0.707107
End
2.924421 -0.060935 1.317381 -0.000000 0.707107 0.000000 0.707107
2.924421 -0.060415 1.311656 -0.000000 0.707107 0.000000 0.707107
2.924421 -0.062500 1.301236 -0.000000 0.707107 0.000000 0.707107
End
2.924421 0.026560 1.314781 -0.000000 0.707107 0.000000 0.707107
2.924421 0.033855 1.343946 -0.000000 0.707107 0.000000 0.707107
2.924421 0.025000 1.361656 -0.000000 0.707107 0.000000 0.707107
End
2.924421 -0.064065 1.188216 -0.000000 0.707107 0.000000 0.707107
2.924421 -0.071355 1.197591 -0.000000 0.707107 0.000000 0.707107
2.924421 -0.066145 1.208011 -0.000000 0.707107 0.000000 0.707107
End
2.924421 -0.047395 1.192386 -0.000000 0.707107 0.000000 0.707107
2.924421 -0.061980 1.203841 -0.000000 0.707107 0.000000 0.707107
2.924421 -0.077605 1.203841 -0.000000 0.707107 0.000000 0.707107
End
2.924421 -0.055730 1.292906 -0.000000 0.707107 0.000000 0.707107
2.924421 -0.074480 1.263736 -0.000000 0.707107 0.000000 0.707107
2.924421 -0.066665 1.241341 -0.000000 0.707107 0.000000 0.707107
End
2.956210 -0.180210 1.224156 -0.518863 0.480397 0.000000 0.707107
End
2.927064 0.162500 1.235091 0.250216 0.661356 -0.000000 0.707107
End
2.959129 0.197915 1.311131 0.518831 0.480432 -0.000000 0.707107
2.949571 0.189065 1.327281 0.518863 0.480397 -0.000000 0.707107
2.945629 0.185415 1.335611 0.518863 0.480397 -0.000000 0.707107
End
2.924421 0.058335 1.176236 -0.000000 0.707107 0.000000 0.707107
End
2.924421 -0.105730 1.237176 -0.000000 0.707107 0.000000 0.707107
2.924421 -0.117190 1.246551 -0.000000 0.707107 0.000000 0.707107
2.924421 -0.136980 1.264256 -0.060987 0.704472 0.000000 0.707107
End
2.924421 0.117190 1.257486 -0.000000 0.707107 0.000000 0.707107
End
2.924421 0.078125 1.186131 -0.000000 0.707107 0.000000 0.707107
2.924421 0.051565 1.171551 -0.000000 0.707107 0.000000 0.707107
End
2.924421 0.080730 1.178841 -0.000000 0.707107 0.000000 0.707107
End
2.924421 -0.101040 1.341341 -0.000000 0.707107 0.000000 0.707107
2.924421 -0.123435 1.303321 -0.000000 0.707107 0.000000 0.707107
2.924421 -0.137500 1.285611 -0.060955 0.704475 0.000000 0.707107
End
2.924421 0.038540 1.297591 -0.000000 0.707107 0.000000 0.707107
2.924421 0.039060 1.278321 -0.000000 0.707107 0.000000 0.707107
2.924421 0.035415 1.255406 -0.000000 0.707107 0.000000 0.707107
End
2.924421 0.101560 1.389256 -0.000000 0.707107 0.000000 0.707107
2.924421 0.095310 1.394986 -0.000000 0.707107 0.000000 0.707107
2.924421 0.070310 1.393426 -0.000000 0.707107 0.000000 0.707107
End
2.979835 -0.202085 1.263216 -0.518830 0.480432 0.000000 0.707107
End
2.924421 0.041665 1.294986 -0.000000 0.707107 0.000000 0.707107
2.924421 0.038020 1.287176 -0.000000 0.707107 0.000000 0.707107
2.924421 0.013020 1.275196 -0.000000 0.707107 0.000000 0.707107
End
2.924421 -0.098440 1.303321 -0.000000 0.707107 0.000000 0.707107
2.924421 -0.116145 1.280406 -0.000000 0.707107 0.000000 0.707107
End
2.924421 -0.036460 1.169986 -0.000000 0.707107 0.000000 0.707107
2.924421 -0.064585 1.166861 -0.000000 0.707107 0.000000 0.707107
End
2.924421 -0.097915 1.342381 -0.000000 0.707107 0.000000 0.707107
2.924421 -0.116145 1.323111 -0.000000 0.707107 0.000000 0.707107
2.924421 -0.122915 1.298636 -0.000000 0.707107 0.000000 0.707107
End
2.924421 0.152605 1.290301 -0.000000 0.707107 0.000000 0.707107
2.924421 0.129685 1.287176 -0.000000 0.707107 0.000000 0.707107
2.924421 0.111980 1.278841 -0.000000 0.707107 0.000000 0.707107
End
2.971957 -0.194790 1.279881 -0.518830 0.480432 0.000000 0.707107
End
2.924421 -0.115105 1.328321 -0.000000 0.707107 0.000000 0.707107
2.924421 -0.135415 1.317381 -0.061082 0.704464 0.000000 0.707107
2.924438 -0.138020 1.284051 -0.141405 0.692824 0.000000 0.707107
End
2.955754 0.194790 1.292381 0.518863 0.480397 -0.000000 0.707107
2.956883 0.195835 1.302801 0.518863 0.480397 -0.000000 0.707107
2.948443 0.188020 1.329361 0.518863 0.480397 -0.000000 0.707107
End
2.933372 0.173960 1.350716 0.409252 0.576639 -0.000000 0.707107
2.929216 0.167190 1.367386 0.302922 0.638935 -0.000000 0.707107
2.925350 0.157810 1.372071 0.141080 0.692890 -0.000000 0.707107
End
2.931761 -0.156770 1.229881 -0.409393 0.576539 0.000000 0.707107
End
2.977132 0.214585 1.279881 0.518863 0.480397 -0.000000 0.707107
2.965317 0.203645 1.271551 0.518830 0.480432 -0.000000 0.707107
2.960819 0.199480 1.259051 0.518830 0.480432 -0.000000 0.707107
End
2.924421 0.141665 1.230926 -0.000000 0.707107 0.000000 0.707107
End
2.929420 -0.152605 1.301756 -0.331697 0.624481 0.000000 0.707107
2.938768 -0.164060 1.287696 -0.518863 0.480397 0.000000 0.707107
2.959585 -0.183335 1.253841 -0.518863 0.480397 0.000000 0.707107
End
2.924421 0.113020 1.390301 -0.000000 0.707107 0.000000 0.707107
2.924421 0.112500 1.349676 -0.000000 0.707107 0.000000 0.707107
2.924421 0.096875 1.313216 -0.000000 0.707107 0.000000 0.707107
End
2.941131 0.181250 1.260091 0.518863 0.480397 -0.000000 0.707107
2.926435 0.160935 1.235611 0.225255 0.670269 -0.000000 0.707107
End
2.929745 0.168230 1.250196 0.318001 0.631566 -0.000000 0.707107
End
2.942821 0.182815 1.216341 0.518863 0.480397 -0.000000 0.707107
2.927064 0.162500 1.190821 0.250219 0.661355 -0.000000 0.707107
2.924421 0.136460 1.174156 -0.000000 0.707107 0.000000 0.707107
End
2.924602 0.154690 1.252801 0.060804 0.704488 -0.000000 0.707107
2.924421 0.130210 1.222591 -0.000000 0.707107 0.000000 0.707107
2.924421 0.101040 1.188216 -0.000000 0.707107 0.000000 0.707107
End
2.924421 -0.076560 1.317381 -0.000000 0.707107 0.000000 0.707107
2.924421 -0.078645 1.335611 -0.000000 0.707107 0.000000 0.707107
2.924421 -0.084375 1.343426 -0.000000 0.707107 0.000000 0.707107
End
2.929216 0.167190 1.294986 0.302917 0.638937 -0.000000 0.707107
End
2.963522 -0.186980 1.246551 -0.518863 0.480397 0.000000 0.707107
End
2.931187 0.170835 1.335091 0.333573 0.623481 -0.000000 0.707107
2.924536 0.154165 1.312696 0.000022 0.707107 -0.000000 0.707107
2.924707 0.155210 1.247071 0.060762 0.704491 -0.000000 0.707107
End
2.924421 0.075520 1.376236 -0.000000 0.707107 0.000000 0.707107
End
2.924421 0.152085 1.164781 -0.000000 0.707107 0.000000 0.707107
2.924421 0.145310 1.164781 -0.000000 0.707107 0.000000 0.707107
2.924421 0.134375 1.159051 -0.000000 0.707107 0.000000 0.707107
End
2.924421 0.122395 1.218946 -0.000000 0.707107 0.000000 0.707107
2.924421 0.101560 1.204361 -0.000000 0.707107 0.000000 0.707107
2.924421 0.081250 1.161656 -0.000000 0.707107 0.000000 0.707107
End
2.924421 -0.065105 1.263216 -0.000000 0.707107 0.000000 0.707107
2.924421 -0.079690 1.233006 -0.000000 0.707107 0.000000 0.707107
2.924421 -0.085415 1.209571 -0.000000 0.707107 0.000000 0.707107
End
2.924421 0.133335 1.329886 -0.000000 0.707107 0.000000 0.707107
End
2.924421 -0.110415 1.305406 -0.000000 0.707107 0.000000 0.707107
2.924421 -0.137500 1.286131 -0.060955 0.704475 0.000000 0.707107
2.929420 -0.152605 1.263736 -0.331697 0.624481 0.000000 0.707107
End
2.924421 -0.109895 1.249676 -0.000000 0.707107 0.000000 0.707107
2.924421 -0.111980 1.243426 -0.000000 0.707107 0.000000 0.707107
2.924421 -0.125520 1.218426 -0.000000 0.707107 0.000000 0.707107
End
2.924421 0.130210 1.330926 -0.000000 0.707107 0.000000 0.707107
End
2.925185 -0.142190 1.269466 -0.223704 0.670788 0.000000 0.707107
End
2.924421 0.149480 1.216861 -0.000000 0.707107 0.000000 0.707107
2.924421 0.122395 1.203321 -0.000000 0.707107 0.000000 0.707107
2.924421 0.116665 1.179361 -0.000000 0.707107 0.000000 0.707107
End
2.924421 0.020835 1.175196 -0.000000 0.707107 0.000000 0.707107
2.924421 0.013540 1.171031 -0.000000 0.707107 0.000000 0.707107
2.924421 -0.009895 1.177801 -0.000000 0.707107 0.000000 0.707107
End
2.924421 -0.063020 1.207486 -0.000000 0.707107 0.000000 0.707107
2.924421 -0.070835 1.204881 -0.000000 0.707107 0.000000 0.707107
2.924421 -0.078645 1.187696 -0.000000 0.707107 0.000000 0.707107
End
2.924421 0.140105 1.318426 -0.000000 0.707107 0.000000 0.707107
End
2.960258 0.198960 1.262176 0.518830 0.480432 -0.000000 0.707107
2.939446 0.179690 1.243426 0.518863 0.480397 -0.000000 0.707107
2.932175 0.172395 1.220506 0.375501 0.599165 -0.000000 0.707107
End
2.930588 0.169790 1.216861 0.333635 0.623448 -0.000000 0.707107
2.925512 0.158335 1.191341 0.191176 0.680773 -0.000000 0.707107
2.924421 0.131770 1.172071 -0.000000 0.707107 0.000000 0.707107
End
2.924421 0.090625 1.373631 -0.000000 0.707107 0.000000 0.707107
End
2.925350 0.157810 1.286656 0.141080 0.692890 -0.000000 0.707107
2.927736 0.164060 1.262176 0.270556 0.653299 -0.000000 0.707107
2.924602 0.154690 1.237696 0.060804 0.704488 -0.000000 0.707107
End
2.924421 0.050000 1.246551 -0.000000 0.707107 0.000000 0.707107
2.924421 0.040105 1.235091 -0.000000 0.707107 0.000000 0.707107
2.924421 0.030210 1.222591 -0.000000 0.707107 0.000000 0.707107
End
2.924421 -0.058855 1.197071 -0.000000 0.707107 0.000000 0.707107
2.924421 -0.069270 1.199156 -0.000000 0.707107 0.000000 0.707107
2.924421 -0.084375 1.204361 -0.000000 0.707107 0.000000 0.707107
End
2.961270 -0.184895 1.253841 -0.518863 0.480397 0.000000 0.707107
End
2.924421 -0.053645 1.312176 -0.000000 0.707107 0.000000 0.707107
2.924421 -0.055210 1.292381 -0.000000 0.707107 0.000000 0.707107
2.924421 -0.070310 1.265821 -0.000000 0.707107 0.000000 0.707107
End
2.924421 -0.082815 1.339781 -0.000000 0.707107 0.000000 0.707107
2.924421 -0.101560 1.325196 -0.000000 0.707107 0.000000 0.707107
2.924421 -0.131250 1.308011 -0.000000 0.707107 0.000000 0.707107
End
2.924421 -0.060415 1.262696 -0.000000 0.707107 0.000000 0.707107
2.924421 -0.073435 1.225716 -0.000000 0.707107 0.000000 0.707107
2.924421 -0.091665 1.209051 -0.000000 0.707107 0.000000 0.707107
End
3.009643 -0.229685 1.269466 -0.518863 0.480397 0.000000 0.707107
End
2.924421 0.127085 1.202281 -0.000000 0.707107 0.000000 0.707107
2.924421 0.104165 1.186656 -0.000000 0.707107 0.000000 0.707107
2.924421 0.088540 1.169466 -0.000000 0.707107 0.000000 0.707107
End
2.924421 0.114585 1.367386 -0.000000 0.707107 0.000000 0.707107
End
2.924421 -0.064585 1.317381 -0.000000 0.707107 0.000000 0.707107
2.924421 -0.066665 1.303841 -0.000000 0.707107 0.000000 0.707107
2.924421 -0.075000 1.263216 -0.000000 0.707107 0.000000 0.707107
End
2.939335 -0.164585 1.225716 -0.518863 0.480397 0.000000 0.707107
End
2.924421 -0.078645 1.230406 -0.000000 0.707107 0.000000 0.707107
2.924421 -0.097395 1.217381 -0.000000 0.707107 0.000000 0.707107
2.924421 -0.125520 1.189256 -0.000000 0.707107 0.000000 0.707107
End
2.924421 -0.048960 1.290821 -0.000000 0.707107 0.000000 0.707107
2.924421 -0.067190 1.261656 -0.000000 0.707107 0.000000 0.707107
2.924421 -0.075520 1.223636 -0.000000 0.707107 0.000000 0.707107
End
2.976004 0.213540 1.290301 0.518863 0.480397 -0.000000 0.707107
2.976004 0.213540 1.284051 0.518863 0.480397 -0.000000 0.707107
2.965317 0.203645 1.274676 0.518830 0.480432 -0.000000 0.707107
End
2.924421 0.071875 1.192906 -0.000000 0.707107 0.000000 0.707107
End
2.924421 0.042710 1.285091 -0.000000 0.707107 0.000000 0.707107
2.924421 0.041665 1.274156 -0.000000 0.707107 0.000000 0.707107
2.924421 0.031770 1.258011 -0.000000 0.707107 0.000000 0.707107
End
2.925058 0.156770 1.236656 0.141133 0.692879 -0.000000 0.707107
End
2.925058 0.156770 1.234051 0.141133 0.692879 -0.000000 0.707107
2.924421 0.139585 1.223111 -0.000000 0.707107 0.000000 0.707107
End
2.924421 -0.053125 1.307486 -0.000000 0.707107 0.000000 0.707107
2.924421 -0.054690 1.296031 -0.000000 0.707107 0.000000 0.707107
2.924421 -0.078125 1.277281 -0.000000 0.707107 0.000000 0.707107
End
2.931508 0.171355 1.284051 0.351795 0.613384 -0.000000 0.707107
2.924421 0.150000 1.256446 -0.000000 0.707107 0.000000 0.707107
2.924421 0.120310 1.228321 -0.000000 0.707107 0.000000 0.707107
End
2.989398 -0.210940 1.246551 -0.518863 0.480397 0.000000 0.707107
End
2.931834 0.171875 1.342381 0.351783 0.613391 -0.000000 0.707107
2.926848 0.161980 1.326236 0.250221 0.661354 -0.000000 0.707107
2.924813 0.155730 1.307486 0.060720 0.704495 -0.000000 0.707107
End
2.924421 -0.061980 1.266861 -0.000000 0.707107 0.000000 0.707107
2.924421 -0.080210 1.251236 -0.000000 0.707107 0.000000 0.707107
2.924421 -0.109375 1.225716 -0.000000 0.707107 0.000000 0.707107
End
2.924421 -0.079165 1.337176 -0.000000 0.707107 0.000000 0.707107
2.924421 -0.082815 1.329886 -0.000000 0.707107 0.000000 0.707107
2.924421 -0.085415 1.313736 -0.000000 0.707107 0.000000 0.707107
End
2.924421 0.114065 1.205406 -0.000000 0.707107 0.000000 0.707107
2.924421 0.086460 1.179886 -0.000000 0.707107 0.000000 0.707107
2.924421 0.075000 1.156966 -0.000000 0.707107 0.000000 0.707107
End
2.930889 0.170315 1.277801 0.333604 0.623465 -0.000000 0.707107
2.925350 0.157810 1.247591 0.141080 0.692890 -0.000000 0.707107
2.927505 0.163540 1.228841 0.270565 0.653295 -0.000000 0.707107
End
2.930521 -0.154685 1.187176 -0.374710 0.599660 0.000000 0.707107
End
2.926602 -0.146355 1.223111 -0.267966 0.654366 0.000000 0.707107
End
2.952273 -0.176565 1.283006 -0.518863 0.480397 0.000000 0.707107
2.973085 -0.195835 1.254361 -0.518830 0.480432 0.000000 0.707107
End
2.924421 0.141145 1.356966 -0.000000 0.707107 0.000000 0.707107
2.924421 0.119790 1.362696 -0.000000 0.707107 0.000000 0.707107
2.924421 0.114065 1.334571 -0.000000 0.707107 0.000000 0.707107
End
2.924421 -0.108855 1.244466 -0.000000 0.707107 0.000000 0.707107
2.924421 -0.121875 1.220506 -0.000000 0.707107 0.000000 0.707107
2.924421 -0.126040 1.190301 -0.000000 0.707107 0.000000 0.707107
End
2.924421 -0.064065 1.208531 -0.000000 0.707107 0.000000 0.707107
2.924421 -0.063540 1.203841 -0.000000 0.707107 0.000000 0.707107
2.924421 -0.070310 1.168946 -0.000000 0.707107 0.000000 0.707107
End
2.924707 0.155210 1.240301 0.060762 0.704491 -0.000000 0.707107
2.924492 0.153645 1.208531 0.000053 0.707107 -0.000000 0.707107
End
2.961381 0.200000 1.259051 0.518830 0.480432 -0.000000 0.707107
2.965317 0.203645 1.242386 0.518830 0.480432 -0.000000 0.707107
2.949571 0.189065 1.229361 0.518863 0.480397 -0.000000 0.707107
End
2.956772 -0.180730 1.286656 -0.518863 0.480397 0.000000 0.707107
2.975893 -0.198435 1.276761 -0.518830 0.480432 0.000000 0.707107
2.996143 -0.217185 1.271031 -0.518863 0.480397 0.000000 0.707107
End
2.924421 0.038020 1.298636 -0.000000 0.707107 0.000000 0.707107
2.924421 0.032290 1.294466 -0.000000 0.707107 0.000000 0.707107
2.924421 0.013020 1.268426 -0.000000 0.707107 0.000000 0.707107
End
2.925058 0.156770 1.328321 0.141133 0.692879 -0.000000 0.707107
2.924421 0.133335 1.312176 -0.000000 0.707107 0.000000 0.707107
2.924421 0.110935 1.305406 -0.000000 0.707107 0.000000 0.707107
End
2.924421 -0.110415 1.250196 -0.000000 0.707107 0.000000 0.707107
2.924421 -0.106250 1.232486 -0.000000 0.707107 0.000000 0.707107
2.924421 -0.125520 1.213736 -0.000000 0.707107 0.000000 0.707107
End
2.924421 -0.057810 1.197591 -0.000000 0.707107 0.000000 0.707107
2.924421 -0.067190 1.200716 -0.000000 0.707107 0.000000 0.707107
2.924421 -0.086980 1.186131 -0.000000 0.707107 0.000000 0.707107
End
2.995019 -0.216145 1.267381 -0.518863 0.480397 0.000000 0.707107
End
2.924421 -0.051565 1.302801 -0.000000 0.707107 0.000000 0.707107
2.924421 -0.061980 1.310091 -0.000000 0.707107 0.000000 0.707107
2.924421 -0.089060 1.312176 -0.000000 0.707107 0.000000 0.707107
End
2.924421 0.121875 1.286656 -0.000000 0.707107 0.000000 0.707107
End
2.924421 0.039060 1.295506 -0.000000 0.707107 0.000000 0.707107
2.924421 0.041145 1.275716 -0.000000 0.707107 0.000000 0.707107
2.924421 0.021875 1.253321 -0.000000 0.707107 0.000000 0.707107
End
2.925512 0.158335 1.300196 0.191176 0.680773 -0.000000 0.707107
2.924421 0.129165 1.268946 -0.000000 0.707107 0.000000 0.707107
2.924421 0.105210 1.256966 -0.000000 0.707107 0.000000 0.707107
End
2.924421 -0.071875 1.318946 -0.000000 0.707107 0.000000 0.707107
2.924421 -0.096355 1.291861 -0.000000 0.707107 0.000000 0.707107
2.924421 -0.106250 1.267906 -0.000000 0.707107 0.000000 0.707107
End
2.924421 0.031250 1.358006 -0.000000 0.707107 0.000000 0.707107
2.924421 0.017185 1.364781 -0.000000 0.707107 0.000000 0.707107
2.924421 0.014585 1.348111 -0.000000 0.707107 0.000000 0.707107
End
2.960819 0.199480 1.253841 0.518830 0.480432 -0.000000 0.707107
2.963632 0.202085 1.242386 0.518830 0.480432 -0.000000 0.707107
2.956316 0.195310 1.220506 0.518863 0.480397 -0.000000 0.707107
End
2.931834 0.171875 1.355926 0.351783 0.613391 -0.000000 0.707107
2.928208 0.165105 1.346551 0.287389 0.646071 -0.000000 0.707107
2.924421 0.148960 1.348631 -0.000000 0.707107 0.000000 0.707107
End
2.924421 0.109375 1.180406 -0.000000 0.707107 0.000000 0.707107
End
2.924421 0.135415 1.381446 -0.000000 0.707107 0.000000 0.707107
2.924421 0.140105 1.369466 -0.000000 0.707107 0.000000 0.707107
2.924421 0.131250 1.351761 -0.000000 0.707107 0.000000 0.707107
End
2.924585 -0.139585 1.200716 -0.190626 0.680927 0.000000 0.707107
End
