0.500000 0.500000
2.924421 -0.091665 1.287176 -0.000000 0.707107 0.000000 0.707107
2.924421 -0.091665 1.271551 -0.000000 0.707107 0.000000 0.707107
2.924421 -0.102605 1.246551 -0.000000 0.707107 0.000000 0.707107
End
2.924421 -0.060415 1.149156 -0.000000 0.707107 0.000000 0.707107
2.924421 -0.070310 1.151236 -0.000000 0.707107 0.000000 0.707107
2.924421 -0.082290 1.151761 -0.000000 0.707107 0.000000 0.707107
End
2.924421 -0.103645 1.181966 -0.000000 0.707107 0.000000 0.707107
2.924421 -0.118750 1.169986 -0.000000 0.707107 0.000000 0.707107
2.924483 -0.138540 1.133531 -0.141364 0.692832 0.000000 0.707107
End
2.924421 -0.104165 1.181966 -0.000000 0.707107 0.000000 0.707107
2.924421 -0.133855 1.151236 -0.061177 0.704455 0.000000 0.707107
End
2.924421 0.105210 1.349156 -0.000000 0.707107 0.000000 0.707107
2.924421 0.100000 1.361656 -0.000000 0.707107 0.000000 0.707107
2.924421 0.091145 1.367906 -0.000000 0.707107 0.000000 0.707107
End
2.967459 -0.190625 1.125716 -0.518863 0.480397 0.000000 0.707107
End
2.924421 0.078645 1.144466 -0.000000 0.707107 0.000000 0.707107
2.924421 0.054165 1.151761 -0.000000 0.707107 0.000000 0.707107
2.924421 0.034895 1.150716 -0.000000 0.707107 0.000000 0.707107
End
2.924421 0.009895 1.346551 -0.000000 0.707107 0.000000 0.707107
2.924421 0.008855 1.353841 -0.000000 0.707107 0.000000 0.707107
2.924421 0.005730 1.360611 -0.000000 0.707107 0.000000 0.707107
End
2.924421 0.000520 1.323631 -0.000000 0.707107 0.000000 0.707107
2.924421 -0.007810 1.331966 -0.000000 0.707107 0.000000 0.707107
2.924421 -0.017710 1.335611 -0.000000 0.707107 0.000000 0.707107
End
2.924421 -0.098960 1.178321 -0.000000 0.707107 0.000000 0.707107
2.924421 -0.128125 1.178321 -0.000000 0.707107 0.000000 0.707107
2.931436 -0.156250 1.147591 -0.409411 0.576527 0.000000 0.707107
End
2.959129 0.197915 1.206966 0.518831 0.480432 -0.000000 0.707107
2.942821 0.182815 1.192386 0.518863 0.480397 -0.000000 0.707107
2.937756 0.178125 1.184571 0.518863 0.480397 -0.000000 0.707107
End
2.924421 0.050000 1.192386 -0.000000 0.707107 0.000000 0.707107
2.924421 0.038540 1.185091 -0.000000 0.707107 0.000000 0.707107
2.924421 0.021355 1.170506 -0.000000 0.707107 0.000000 0.707107
End
2.924421 0.064585 1.152281 -0.000000 0.707107 0.000000 0.707107
2.924421 0.056250 1.150716 -0.000000 0.707107 0.000000 0.707107
2.924421 0.034375 1.155406 -0.000000 0.707107 0.000000 0.707107
End
2.924421 0.091665 1.326236 -0.000000 0.707107 0.000000 0.707107
2.924421 0.082815 1.302281 -0.000000 0.707107 0.000000 0.707107
2.924421 0.074480 1.271031 -0.000000 0.707107 0.000000 0.707107
End
2.955082 -0.179165 1.113216 -0.518863 0.480397 0.000000 0.707107
End
2.924421 0.085415 1.304886 -0.000000 0.707107 0.000000 0.707107
2.924421 0.082290 1.291861 -0.000000 0.707107 0.000000 0.707107
2.924421 0.074480 1.259051 -0.000000 0.707107 0.000000 0.707107
End
2.971395 -0.194270 1.174676 -0.518830 0.480432 0.000000 0.707107
2.960709 -0.184375 1.192386 -0.518863 0.480397 0.000000 0.707107
2.971957 -0.194790 1.208531 -0.518830 0.480432 0.000000 0.707107
End
2.924421 -0.039585 1.304886 -0.000000 0.707107 0.000000 0.707107
2.924421 -0.043750 1.311656 -0.000000 0.707107 0.000000 0.707107
2.924421 -0.043750 1.322591 -0.000000 0.707107 0.000000 0.707107
End
3.024272 -0.243230 1.228321 -0.518863 0.480397 0.000000 0.707107
End
2.924421 -0.002085 1.263216 -0.000000 0.707107 0.000000 0.707107
2.924421 -0.014060 1.263736 -0.000000 0.707107 0.000000 0.707107
2.924421 -0.040625 1.258531 -0.000000 0.707107 0.000000 0.707107
End
2.924421 -0.007290 1.275716 -0.000000 0.707107 0.000000 0.707107
2.924421 -0.035415 1.264256 -0.000000 0.707107 0.000000 0.707107
2.924421 -0.046355 1.234571 -0.000000 0.707107 0.000000 0.707107
End
2.959585 -0.183335 1.103321 -0.518863 0.480397 0.000000 0.707107
End
2.934942 0.175520 1.252281 0.468275 0.529829 -0.000000 0.707107
2.932544 0.172915 1.262176 0.375484 0.599176 -0.000000 0.707107
2.930889 0.170315 1.270511 0.333606 0.623464 -0.000000 0.707107
End
2.924421 0.060415 1.153321 -0.000000 0.707107 0.000000 0.707107
2.924421 0.039585 1.164261 -0.000000 0.707107 0.000000 0.707107
2.924421 0.032810 1.167906 -0.000000 0.707107 0.000000 0.707107
End
2.924421 -0.003125 1.263736 -0.000000 0.707107 0.000000 0.707107
2.924421 -0.021355 1.240821 -0.000000 0.707107 0.000000 0.707107
2.924421 -0.029685 1.210611 -0.000000 0.707107 0.000000 0.707107
End
2.924421 0.106250 1.359051 -0.000000 0.707107 0.000000 0.707107
2.924421 0.096875 1.365301 -0.000000 0.707107 0.000000 0.707107
2.924421 0.075000 1.350716 -0.000000 0.707107 0.000000 0.707107
End
2.924421 -0.081770 1.082486 -0.000000 0.707107 0.000000 0.707107
2.924421 -0.078125 1.076236 -0.000000 0.707107 0.000000 0.707107
2.924421 -0.081770 1.058531 -0.000000 0.707107 0.000000 0.707107
End
2.924421 0.106250 1.362696 -0.000000 0.707107 0.000000 0.707107
2.924421 0.095310 1.364781 -0.000000 0.707107 0.000000 0.707107
2.924421 0.078125 1.363216 -0.000000 0.707107 0.000000 0.707107
End
2.924421 -0.094790 1.286656 -0.000000 0.707107 0.000000 0.707107
2.924421 -0.093750 1.278321 -0.000000 0.707107 0.000000 0.707107
2.924421 -0.098960 1.260611 -0.000000 0.707107 0.000000 0.707107
End
2.924421 0.104685 1.239261 -0.000000 0.707107 0.000000 0.707107
2.924421 0.096875 1.247071 -0.000000 0.707107 0.000000 0.707107
2.924421 0.096355 1.252801 -0.000000 0.707107 0.000000 0.707107
End
2.924421 -0.041145 1.239781 -0.000000 0.707107 0.000000 0.707107
End
2.924421 -0.100000 1.179361 -0.000000 0.707107 0.000000 0.707107
2.924421 -0.125000 1.184051 -0.000000 0.707107 0.000000 0.707107
2.929420 -0.152605 1.153321 -0.331697 0.624481 0.000000 0.707107
End
2.924421 -0.091665 1.277801 -0.000000 0.707107 0.000000 0.707107
2.924421 -0.089585 1.255406 -0.000000 0.707107 0.000000 0.707107
2.924421 -0.099480 1.240821 -0.000000 0.707107 0.000000 0.707107
End
3.019207 -0.238540 1.232486 -0.518863 0.480397 0.000000 0.707107
End
2.966897 -0.190105 1.196031 -0.518863 0.480397 0.000000 0.707107
2.975332 -0.197915 1.209051 -0.518830 0.480432 0.000000 0.707107
2.986585 -0.208335 1.240821 -0.518863 0.480397 0.000000 0.707107
End
3.020897 -0.240105 1.325716 -0.518863 0.480397 0.000000 0.707107
3.031022 -0.249480 1.329361 -0.518830 0.480432 0.000000 0.707107
3.031583 -0.250000 1.347071 -0.518830 0.480432 0.000000 0.707107
End
2.987708 -0.209375 1.221551 -0.518863 0.480397 0.000000 0.707107
2.986585 -0.208335 1.207486 -0.518863 0.480397 0.000000 0.707107
2.997833 -0.218750 1.169466 -0.518863 0.480397 0.000000 0.707107
End
3.031583 -0.250000 1.221031 -0.518830 0.480432 0.000000 0.707107
End
2.924421 0.001040 1.161656 -0.000000 0.707107 0.000000 0.707107
2.924421 0.006250 1.152281 -0.000000 0.707107 0.000000 0.707107
2.924421 0.000000 1.137176 -0.000000 0.707107 0.000000 0.707107
End
2.924421 0.104165 1.362696 -0.000000 0.707107 0.000000 0.707107
2.924421 0.078125 1.372071 -0.000000 0.707107 0.000000 0.707107
2.924421 0.060940 1.377801 -0.000000 0.707107 0.000000 0.707107
End
2.924421 -0.019270 1.272591 -0.000000 0.707107 0.000000 0.707107
2.924421 -0.016145 1.263736 -0.000000 0.707107 0.000000 0.707107
2.924421 -0.033335 1.250716 -0.000000 0.707107 0.000000 0.707107
End
2.924421 0.100000 1.341861 -0.000000 0.707107 0.000000 0.707107
2.924421 0.091145 1.321031 -0.000000 0.707107 0.000000 0.707107
2.924421 0.065625 1.311656 -0.000000 0.707107 0.000000 0.707107
End
2.924421 -0.091665 1.301756 -0.000000 0.707107 0.000000 0.707107
2.924421 -0.092710 1.315301 -0.000000 0.707107 0.000000 0.707107
2.924421 -0.097395 1.321031 -0.000000 0.707107 0.000000 0.707107
End
2.924421 -0.011460 1.197591 -0.000000 0.707107 0.000000 0.707107
2.924421 -0.017190 1.211656 -0.000000 0.707107 0.000000 0.707107
2.924421 -0.029165 1.221031 -0.000000 0.707107 0.000000 0.707107
End
2.924421 0.055210 1.313736 -0.000000 0.707107 0.000000 0.707107
2.924421 0.046355 1.325196 -0.000000 0.707107 0.000000 0.707107
2.924421 0.047395 1.354361 -0.000000 0.707107 0.000000 0.707107
End
2.924421 0.085415 1.333531 -0.000000 0.707107 0.000000 0.707107
2.924421 0.065625 1.303321 -0.000000 0.707107 0.000000 0.707107
2.924421 0.084375 1.288216 -0.000000 0.707107 0.000000 0.707107
End
2.924421 0.009375 1.352281 -0.000000 0.707107 0.000000 0.707107
2.924421 0.008855 1.336136 -0.000000 0.707107 0.000000 0.707107
2.924421 -0.007290 1.322591 -0.000000 0.707107 0.000000 0.707107
End
2.924528 -0.139060 1.180926 -0.141323 0.692840 0.000000 0.707107
End
2.924421 0.007290 1.277801 -0.000000 0.707107 0.000000 0.707107
End
2.980397 -0.202605 1.284051 -0.518830 0.480432 0.000000 0.707107
End
2.950021 -0.174480 1.182486 -0.518863 0.480397 0.000000 0.707107
2.960147 -0.183855 1.183531 -0.518863 0.480397 0.000000 0.707107
2.976460 -0.198960 1.178321 -0.518830 0.480432 0.000000 0.707107
End
2.965774 -0.189065 1.205926 -0.518863 0.480397 0.000000 0.707107
2.970272 -0.193230 1.202801 -0.518830 0.480432 0.000000 0.707107
2.988270 -0.209895 1.194466 -0.518863 0.480397 0.000000 0.707107
End
2.924421 0.092710 1.390821 -0.000000 0.707107 0.000000 0.707107
2.924421 0.087500 1.391341 -0.000000 0.707107 0.000000 0.707107
2.924421 0.077605 1.386656 -0.000000 0.707107 0.000000 0.707107
End
2.936066 0.176560 1.367906 0.468189 0.529905 -0.000000 0.707107
2.937756 0.178125 1.359571 0.518863 0.480397 -0.000000 0.707107
2.932913 0.173435 1.343946 0.375466 0.599187 -0.000000 0.707107
End
3.029893 -0.248435 1.226236 -0.518830 0.480432 0.000000 0.707107
End
2.970944 0.208855 1.308531 0.518863 0.480397 -0.000000 0.707107
2.977694 0.215105 1.291861 0.518863 0.480397 -0.000000 0.707107
2.967007 0.205210 1.254886 0.518830 0.480432 -0.000000 0.707107
End
2.924421 -0.060935 1.211656 -0.000000 0.707107 0.000000 0.707107
End
2.924421 -0.022915 1.361656 -0.000000 0.707107 0.000000 0.707107
2.924421 -0.031770 1.359051 -0.000000 0.707107 0.000000 0.707107
2.924421 -0.044270 1.332486 -0.000000 0.707107 0.000000 0.707107
End
2.924421 -0.015625 1.360091 -0.000000 0.707107 0.000000 0.707107
2.924421 -0.020835 1.348631 -0.000000 0.707107 0.000000 0.707107
2.924421 -0.029685 1.338736 -0.000000 0.707107 0.000000 0.707107
End
2.924421 -0.091145 1.313736 -0.000000 0.707107 0.000000 0.707107
2.924421 -0.097915 1.316341 -0.000000 0.707107 0.000000 0.707107
2.924421 -0.107290 1.317906 -0.000000 0.707107 0.000000 0.707107
End
2.924421 -0.025520 1.215301 -0.000000 0.707107 0.000000 0.707107
2.924421 -0.019790 1.197591 -0.000000 0.707107 0.000000 0.707107
2.924421 -0.036980 1.177801 -0.000000 0.707107 0.000000 0.707107
End
2.976460 -0.198960 1.237176 -0.518830 0.480432 0.000000 0.707107
2.989398 -0.210940 1.223111 -0.518863 0.480397 0.000000 0.707107
3.006268 -0.226560 1.203841 -0.518863 0.480397 0.000000 0.707107
End
2.978817 0.216145 1.285091 0.518863 0.480397 -0.000000 0.707107
2.976004 0.213540 1.300196 0.518863 0.480397 -0.000000 0.707107
2.965317 0.203645 1.306966 0.518830 0.480432 -0.000000 0.707107
End
2.924421 -0.076040 1.054361 -0.000000 0.707107 0.000000 0.707107
2.924421 -0.077085 1.071031 -0.000000 0.707107 0.000000 0.707107
2.924421 -0.079690 1.078321 -0.000000 0.707107 0.000000 0.707107
End
2.951256 0.190625 1.197591 0.518863 0.480397 -0.000000 0.707107
2.937756 0.178125 1.185611 0.518863 0.480397 -0.000000 0.707107
2.924536 0.154165 1.166341 0.000022 0.707107 -0.000000 0.707107
End
2.924421 -0.041145 1.318426 -0.000000 0.707107 0.000000 0.707107
2.924421 -0.040105 1.309051 -0.000000 0.707107 0.000000 0.707107
2.924421 -0.042185 1.281966 -0.000000 0.707107 0.000000 0.707107
End
2.924421 0.055730 1.321031 -0.000000 0.707107 0.000000 0.707107
2.924421 0.044790 1.305406 -0.000000 0.707107 0.000000 0.707107
2.924421 0.023440 1.298111 -0.000000 0.707107 0.000000 0.707107
End
3.000646 -0.221355 1.284571 -0.518863 0.480397 0.000000 0.707107
3.015832 -0.235415 1.285611 -0.518863 0.480397 0.000000 0.707107
End
2.924421 -0.023960 1.234051 -0.000000 0.707107 0.000000 0.707107
2.924421 -0.024480 1.214781 -0.000000 0.707107 0.000000 0.707107
2.924421 -0.043750 1.199156 -0.000000 0.707107 0.000000 0.707107
End
2.975442 0.213020 1.272591 0.518863 0.480397 -0.000000 0.707107
2.974880 0.212500 1.265821 0.518863 0.480397 -0.000000 0.707107
2.968130 0.206250 1.258011 0.518830 0.480432 -0.000000 0.707107
End
2.924421 0.092190 1.367386 -0.000000 0.707107 0.000000 0.707107
2.924421 0.072915 1.367386 -0.000000 0.707107 0.000000 0.707107
2.924421 0.053645 1.361656 -0.000000 0.707107 0.000000 0.707107
End
2.924421 0.060415 1.191861 -0.000000 0.707107 0.000000 0.707107
2.924421 0.031250 1.180926 -0.000000 0.707107 0.000000 0.707107
2.924421 0.037500 1.160611 -0.000000 0.707107 0.000000 0.707107
End
2.924421 0.051040 1.272071 -0.000000 0.707107 0.000000 0.707107
2.924421 0.051565 1.294986 -0.000000 0.707107 0.000000 0.707107
2.924421 0.045835 1.310091 -0.000000 0.707107 0.000000 0.707107
End
2.924421 -0.064065 1.356446 -0.000000 0.707107 0.000000 0.707107
2.924421 -0.076560 1.352281 -0.000000 0.707107 0.000000 0.707107
2.924421 -0.085415 1.342381 -0.000000 0.707107 0.000000 0.707107
End
2.969710 -0.192710 1.208011 -0.518863 0.480397 0.000000 0.707107
2.972518 -0.195310 1.199676 -0.518830 0.480432 0.000000 0.707107
2.979835 -0.202085 1.191861 -0.518830 0.480432 0.000000 0.707107
End
2.924421 -0.113540 1.186131 -0.000000 0.707107 0.000000 0.707107
2.924421 -0.128645 1.184051 -0.000000 0.707107 0.000000 0.707107
2.929960 -0.153645 1.163216 -0.350445 0.614156 0.000000 0.707107
End
2.971957 -0.194790 1.208011 -0.518830 0.480432 0.000000 0.707107
2.983210 -0.205210 1.212696 -0.518863 0.480397 0.000000 0.707107
2.988270 -0.209895 1.224676 -0.518863 0.480397 0.000000 0.707107
End
2.924421 0.089585 1.336136 -0.000000 0.707107 0.000000 0.707107
2.924421 0.076565 1.304886 -0.000000 0.707107 0.000000 0.707107
2.924421 0.084895 1.269466 -0.000000 0.707107 0.000000 0.707107
End
2.924421 -0.006250 1.276236 -0.000000 0.707107 0.000000 0.707107
2.924421 -0.009375 1.272591 -0.000000 0.707107 0.000000 0.707107
2.924421 -0.011980 1.258011 -0.000000 0.707107 0.000000 0.707107
End
2.924421 0.000520 1.355926 -0.000000 0.707107 0.000000 0.707107
End
2.924421 -0.010415 1.201236 -0.000000 0.707107 0.000000 0.707107
2.924421 -0.018230 1.215301 -0.000000 0.707107 0.000000 0.707107
2.924421 -0.044270 1.201756 -0.000000 0.707107 0.000000 0.707107
End
2.991644 -0.213020 1.251756 -0.518863 0.480397 0.000000 0.707107
2.999523 -0.220315 1.250716 -0.518863 0.480397 0.000000 0.707107
3.018645 -0.238020 1.264781 -0.518863 0.480397 0.000000 0.707107
End
2.924421 -0.021875 1.163736 -0.000000 0.707107 0.000000 0.707107
2.924421 -0.029165 1.166861 -0.000000 0.707107 0.000000 0.707107
2.924421 -0.039585 1.164781 -0.000000 0.707107 0.000000 0.707107
End
3.020335 -0.239585 1.294986 -0.518863 0.480397 0.000000 0.707107
3.019207 -0.238540 1.289261 -0.518863 0.480397 0.000000 0.707107
3.022582 -0.241665 1.272591 -0.518863 0.480397 0.000000 0.707107
End
2.924421 0.106250 1.359051 -0.000000 0.707107 0.000000 0.707107
2.924421 0.096355 1.361656 -0.000000 0.707107 0.000000 0.707107
2.924421 0.073960 1.364256 -0.000000 0.707107 0.000000 0.707107
End
2.924421 0.051565 1.356966 -0.000000 0.707107 0.000000 0.707107
2.924421 0.023960 1.367386 -0.000000 0.707107 0.000000 0.707107
2.924421 0.002085 1.358006 -0.000000 0.707107 0.000000 0.707107
End
2.924421 0.056770 1.258011 -0.000000 0.707107 0.000000 0.707107
2.924421 0.045835 1.229881 -0.000000 0.707107 0.000000 0.707107
2.924421 0.030210 1.212176 -0.000000 0.707107 0.000000 0.707107
End
2.924421 0.053645 1.377281 -0.000000 0.707107 0.000000 0.707107
End
2.924421 -0.127605 1.181966 -0.000000 0.707107 0.000000 0.707107
2.926407 -0.145835 1.176761 -0.267969 0.654364 0.000000 0.707107
End
2.924421 -0.094270 1.303321 -0.000000 0.707107 0.000000 0.707107
2.924421 -0.095835 1.312696 -0.000000 0.707107 0.000000 0.707107
2.924421 -0.100000 1.319466 -0.000000 0.707107 0.000000 0.707107
End
2.924421 0.092190 1.334051 -0.000000 0.707107 0.000000 0.707107
2.924421 0.083335 1.279881 -0.000000 0.707107 0.000000 0.707107
2.924421 0.084375 1.255926 -0.000000 0.707107 0.000000 0.707107
End
3.008520 -0.228645 1.285611 -0.518863 0.480397 0.000000 0.707107
3.016399 -0.235940 1.277281 -0.518863 0.480397 0.000000 0.707107
3.030460 -0.248960 1.259051 -0.518830 0.480432 0.000000 0.707107
End
2.924421 0.061460 1.352801 -0.000000 0.707107 0.000000 0.707107
2.924421 0.047915 1.358531 -0.000000 0.707107 0.000000 0.707107
2.924421 0.040105 1.361656 -0.000000 0.707107 0.000000 0.707107
End
2.924421 0.053645 1.192386 -0.000000 0.707107 0.000000 0.707107
2.924421 0.047395 1.168946 -0.000000 0.707107 0.000000 0.707107
2.924421 0.038540 1.159051 -0.000000 0.707107 0.000000 0.707107
End
2.924421 -0.040105 1.322591 -0.000000 0.707107 0.000000 0.707107
2.924421 -0.044270 1.313216 -0.000000 0.707107 0.000000 0.707107
2.924421 -0.045835 1.301236 -0.000000 0.707107 0.000000 0.707107
End
2.924421 0.056250 1.257486 -0.000000 0.707107 0.000000 0.707107
2.924421 0.056250 1.261131 -0.000000 0.707107 0.000000 0.707107
2.924421 0.053125 1.267381 -0.000000 0.707107 0.000000 0.707107
End
2.963522 -0.186980 1.115301 -0.518863 0.480397 0.000000 0.707107
End
2.924421 -0.034895 1.247591 -0.000000 0.707107 0.000000 0.707107
2.924421 -0.017710 1.207486 -0.000000 0.707107 0.000000 0.707107
2.924421 -0.039060 1.175716 -0.000000 0.707107 0.000000 0.707107
End
2.924421 -0.113540 1.177281 -0.000000 0.707107 0.000000 0.707107
2.924421 -0.132810 1.175196 -0.000000 0.707107 0.000000 0.707107
2.927926 -0.149480 1.159571 -0.300555 0.640052 0.000000 0.707107
End
2.924421 -0.037500 1.332486 -0.000000 0.707107 0.000000 0.707107
2.924421 -0.067190 1.319466 -0.000000 0.707107 0.000000 0.707107
End
2.993896 -0.215105 1.208011 -0.518862 0.480397 0.000000 0.707107
3.011333 -0.231250 1.191861 -0.518863 0.480397 0.000000 0.707107
End
2.924421 -0.015105 1.355926 -0.000000 0.707107 0.000000 0.707107
2.924421 -0.020835 1.350716 -0.000000 0.707107 0.000000 0.707107
2.924421 -0.032290 1.348631 -0.000000 0.707107 0.000000 0.707107
End
2.932175 0.172395 1.258011 0.375501 0.599165 -0.000000 0.707107
2.932175 0.172395 1.264781 0.375501 0.599165 -0.000000 0.707107
2.931187 0.170835 1.271031 0.333596 0.623469 -0.000000 0.707107
End
2.924421 -0.053125 1.185611 -0.000000 0.707107 0.000000 0.707107
End
2.924421 -0.005730 1.265821 -0.000000 0.707107 0.000000 0.707107
2.924421 -0.021875 1.267906 -0.000000 0.707107 0.000000 0.707107
2.924421 -0.041665 1.244986 -0.000000 0.707107 0.000000 0.707107
End
2.943383 0.183335 1.190301 0.518863 0.480397 -0.000000 0.707107
2.931508 0.171355 1.184571 0.351795 0.613384 -0.000000 0.707107
2.924421 0.150520 1.178841 -0.000000 0.707107 0.000000 0.707107
End
2.924421 -0.044790 1.349156 -0.000000 0.707107 0.000000 0.707107
2.924421 -0.058855 1.339781 -0.000000 0.707107 0.000000 0.707107
2.924421 -0.076560 1.337176 -0.000000 0.707107 0.000000 0.707107
End
2.924421 0.102605 1.357486 -0.000000 0.707107 0.000000 0.707107
2.924421 0.083855 1.364256 -0.000000 0.707107 0.000000 0.707107
2.924421 0.056250 1.374156 -0.000000 0.707107 0.000000 0.707107
End
2.924421 -0.092710 1.315301 -0.000000 0.707107 0.000000 0.707107
2.924421 -0.098960 1.318946 -0.000000 0.707107 0.000000 0.707107
2.924421 -0.109375 1.311131 -0.000000 0.707107 0.000000 0.707107
End
2.924421 0.007290 1.354881 -0.000000 0.707107 0.000000 0.707107
2.924421 0.009895 1.347071 -0.000000 0.707107 0.000000 0.707107
2.924421 0.002085 1.325196 -0.000000 0.707107 0.000000 0.707107
End
2.924421 0.004690 1.358006 -0.000000 0.707107 0.000000 0.707107
2.924421 0.004690 1.328321 -0.000000 0.707107 0.000000 0.707107
2.924421 -0.022395 1.325196 -0.000000 0.707107 0.000000 0.707107
End
2.924421 -0.104165 1.178841 -0.000000 0.707107 0.000000 0.707107
2.924421 -0.117710 1.174156 -0.000000 0.707107 0.000000 0.707107
2.924421 -0.133335 1.177281 -0.061209 0.704453 0.000000 0.707107
End
2.924421 -0.008335 1.320511 -0.000000 0.707107 0.000000 0.707107
2.924421 -0.016145 1.341341 -0.000000 0.707107 0.000000 0.707107
2.924421 -0.022915 1.362176 -0.000000 0.707107 0.000000 0.707107
End
2.924421 -0.003125 1.247591 -0.000000 0.707107 0.000000 0.707107
2.924421 -0.004165 1.234571 -0.000000 0.707107 0.000000 0.707107
2.924421 -0.004165 1.216861 -0.000000 0.707107 0.000000 0.707107
End
2.986023 -0.207815 1.238736 -0.518863 0.480397 0.000000 0.707107
2.998394 -0.219270 1.249156 -0.518863 0.480397 0.000000 0.707107
3.015270 -0.234895 1.253321 -0.518863 0.480397 0.000000 0.707107
End
2.924421 -0.024480 1.251236 -0.000000 0.707107 0.000000 0.707107
2.924421 -0.032290 1.238216 -0.000000 0.707107 0.000000 0.707107
2.924421 -0.057810 1.206966 -0.000000 0.707107 0.000000 0.707107
End
2.924421 0.048960 1.374676 -0.000000 0.707107 0.000000 0.707107
End
2.953397 -0.177605 1.128321 -0.518863 0.480397 0.000000 0.707107
End
3.019207 -0.238540 1.190821 -0.518863 0.480397 0.000000 0.707107
End
2.974770 -0.197395 1.172591 -0.518830 0.480432 0.000000 0.707107
2.989398 -0.210940 1.159051 -0.518863 0.480397 0.000000 0.707107
End
2.924421 -0.095315 1.146031 -0.000000 0.707107 0.000000 0.707107
2.924421 -0.119790 1.149676 -0.000000 0.707107 0.000000 0.707107
2.924797 -0.140625 1.144466 -0.190576 0.680941 0.000000 0.707107
End
2.968692 0.206770 1.230926 0.518830 0.480432 -0.000000 0.707107
2.968130 0.206250 1.219986 0.518830 0.480432 -0.000000 0.707107
2.959696 0.198440 1.212696 0.518830 0.480432 -0.000000 0.707107
End
2.924421 0.110415 1.173111 -0.000000 0.707107 0.000000 0.707107
2.924421 0.108335 1.169986 -0.000000 0.707107 0.000000 0.707107
2.924421 0.101560 1.165821 -0.000000 0.707107 0.000000 0.707107
End
2.924421 0.100520 1.214781 -0.000000 0.707107 0.000000 0.707107
2.924421 0.082815 1.201236 -0.000000 0.707107 0.000000 0.707107
2.924421 0.060940 1.196031 -0.000000 0.707107 0.000000 0.707107
End
2.924421 -0.095835 1.147071 -0.000000 0.707107 0.000000 0.707107
2.924421 -0.109895 1.146031 -0.000000 0.707107 0.000000 0.707107
2.924421 -0.133855 1.134051 -0.061177 0.704455 0.000000 0.707107
End
2.924421 0.093230 1.369466 -0.000000 0.707107 0.000000 0.707107
2.924421 0.086460 1.341861 -0.000000 0.707107 0.000000 0.707107
2.924421 0.064585 1.307486 -0.000000 0.707107 0.000000 0.707107
End
2.924421 0.084375 1.397591 -0.000000 0.707107 0.000000 0.707107
2.924421 0.070835 1.392906 -0.000000 0.707107 0.000000 0.707107
2.924421 0.061980 1.389256 -0.000000 0.707107 0.000000 0.707107
End
3.024833 -0.243750 1.327801 -0.518863 0.480397 0.000000 0.707107
3.028770 -0.247395 1.338736 -0.518863 0.480397 0.000000 0.707107
3.031583 -0.250000 1.346031 -0.518830 0.480432 0.000000 0.707107
End
2.974770 -0.197395 1.189781 -0.518830 0.480432 0.000000 0.707107
2.980958 -0.203125 1.224156 -0.518831 0.480432 0.000000 0.707107
2.988831 -0.210415 1.243426 -0.518863 0.480397 0.000000 0.707107
End
2.927064 0.162500 1.377801 0.250207 0.661359 -0.000000 0.707107
2.924421 0.143230 1.377801 -0.000000 0.707107 0.000000 0.707107
2.924421 0.139585 1.382486 -0.000000 0.707107 0.000000 0.707107
End
3.005706 -0.226040 1.116341 -0.518863 0.480397 0.000000 0.707107
3.009081 -0.229165 1.137176 -0.518863 0.480397 0.000000 0.707107
3.007397 -0.227605 1.156446 -0.518863 0.480397 0.000000 0.707107
End
2.924421 0.095310 1.368426 -0.000000 0.707107 0.000000 0.707107
2.924421 0.098440 1.358531 -0.000000 0.707107 0.000000 0.707107
2.924421 0.093230 1.340821 -0.000000 0.707107 0.000000 0.707107
End
2.924421 0.005730 1.359051 -0.000000 0.707107 0.000000 0.707107
2.924421 0.005210 1.345511 -0.000000 0.707107 0.000000 0.707107
2.924421 -0.005730 1.315301 -0.000000 0.707107 0.000000 0.707107
End
2.953397 -0.177605 1.155926 -0.518863 0.480397 0.000000 0.707107
End
2.924421 -0.095835 1.301236 -0.000000 0.707107 0.000000 0.707107
2.924421 -0.093750 1.266861 -0.000000 0.707107 0.000000 0.707107
2.924421 -0.105730 1.255406 -0.000000 0.707107 0.000000 0.707107
End
2.927736 0.164060 1.178841 0.270556 0.653299 -0.000000 0.707107
2.924421 0.135940 1.169986 -0.000000 0.707107 0.000000 0.707107
End
2.924421 0.084895 1.367906 -0.000000 0.707107 0.000000 0.707107
2.924421 0.065625 1.373631 -0.000000 0.707107 0.000000 0.707107
2.924421 0.049480 1.376761 -0.000000 0.707107 0.000000 0.707107
End
2.924421 0.112500 1.250716 -0.000000 0.707107 0.000000 0.707107
2.924421 0.105730 1.243426 -0.000000 0.707107 0.000000 0.707107
2.924421 0.103645 1.237176 -0.000000 0.707107 0.000000 0.707107
End
2.924421 -0.125000 1.154881 -0.000000 0.707107 0.000000 0.707107
End
2.924421 0.051040 1.309051 -0.000000 0.707107 0.000000 0.707107
2.924421 0.048960 1.302801 -0.000000 0.707107 0.000000 0.707107
2.924421 0.045835 1.293426 -0.000000 0.707107 0.000000 0.707107
End
2.933279 -0.158855 1.304361 -0.518776 0.480491 0.000000 0.707107
2.952273 -0.176565 1.297591 -0.518863 0.480397 0.000000 0.707107
2.969710 -0.192710 1.287696 -0.518863 0.480397 0.000000 0.707107
End
2.977583 -0.200000 1.286131 -0.518830 0.480432 0.000000 0.707107
2.989960 -0.211460 1.280926 -0.518863 0.480397 0.000000 0.707107
End
2.924421 0.109895 1.223111 -0.000000 0.707107 0.000000 0.707107
2.924421 0.100000 1.243946 -0.000000 0.707107 0.000000 0.707107
2.924421 0.101560 1.254361 -0.000000 0.707107 0.000000 0.707107
End
2.924421 -0.103125 1.341341 -0.000000 0.707107 0.000000 0.707107
End
2.924421 -0.080730 1.081966 -0.000000 0.707107 0.000000 0.707107
2.924421 -0.078645 1.077801 -0.000000 0.707107 0.000000 0.707107
2.924421 -0.083335 1.059051 -0.000000 0.707107 0.000000 0.707107
End
2.924421 -0.078645 1.041861 -0.000000 0.707107 0.000000 0.707107
2.924421 -0.078645 1.072071 -0.000000 0.707107 0.000000 0.707107
2.924421 -0.081770 1.081446 -0.000000 0.707107 0.000000 0.707107
End
2.924421 0.090625 1.205926 -0.000000 0.707107 0.000000 0.707107
2.924421 0.061980 1.193946 -0.000000 0.707107 0.000000 0.707107
2.924421 0.032810 1.177281 -0.000000 0.707107 0.000000 0.707107
End
2.924421 -0.011460 1.194986 -0.000000 0.707107 0.000000 0.707107
2.924421 -0.019790 1.209571 -0.000000 0.707107 0.000000 0.707107
2.924421 -0.024480 1.217906 -0.000000 0.707107 0.000000 0.707107
End
2.965774 -0.189065 1.178841 -0.518863 0.480397 0.000000 0.707107
2.964645 -0.188020 1.158531 -0.518863 0.480397 0.000000 0.707107
End
2.924421 -0.001565 1.262696 -0.000000 0.707107 0.000000 0.707107
2.924421 -0.017710 1.266861 -0.000000 0.707107 0.000000 0.707107
2.924421 -0.035415 1.265821 -0.000000 0.707107 0.000000 0.707107
End
3.014147 -0.233855 1.216341 -0.518863 0.480397 0.000000 0.707107
End
2.924421 -0.017190 1.360611 -0.000000 0.707107 0.000000 0.707107
2.924421 -0.018230 1.352801 -0.000000 0.707107 0.000000 0.707107
2.924421 -0.025520 1.320511 -0.000000 0.707107 0.000000 0.707107
End
