0.500000 0.500000
2.924421 -0.030210 1.519466 -0.000000 0.707107 0.000000 0.707107
2.924421 -0.041665 1.493426 -0.000000 0.707107 0.000000 0.707107
2.924421 -0.060415 1.474156 -0.000000 0.707107 0.000000 0.707107
End
2.924421 -0.067710 1.384571 -0.000000 0.707107 0.000000 0.707107
2.924421 -0.071355 1.410091 -0.000000 0.707107 0.000000 0.707107
2.924421 -0.068750 1.421551 -0.000000 0.707107 0.000000 0.707107
End
2.924447 0.153125 1.469466 0.000085 0.707107 -0.000000 0.707107
End
2.924421 0.121355 1.104881 -0.000000 0.707107 0.000000 0.707107
2.924421 0.106250 1.071031 -0.000000 0.707107 0.000000 0.707107
2.924421 0.088540 1.046031 -0.000000 0.707107 0.000000 0.707107
End
3.012567 0.247395 1.426236 0.518863 0.480397 -0.000000 0.707107
3.013690 0.248435 1.463216 0.518863 0.480397 -0.000000 0.707107
2.999628 0.235415 1.475716 0.518863 0.480397 -0.000000 0.707107
End
3.014257 0.248960 1.172071 0.518863 0.480397 -0.000000 0.707107
3.006945 0.242190 1.190821 0.518863 0.480397 -0.000000 0.707107
3.013129 0.247915 1.224156 0.518863 0.480397 -0.000000 0.707107
End
2.981631 0.218750 1.176236 0.518863 0.480397 -0.000000 0.707107
End
2.924421 0.065105 1.431966 -0.000000 0.707107 0.000000 0.707107
2.924421 0.037500 1.412696 -0.000000 0.707107 0.000000 0.707107
End
2.924421 0.021355 1.122071 -0.000000 0.707107 0.000000 0.707107
End
2.933372 0.173960 1.111131 0.409252 0.576639 -0.000000 0.707107
End
2.924421 0.126560 1.527801 -0.000000 0.707107 0.000000 0.707107
End
2.924421 0.043750 1.533006 -0.000000 0.707107 0.000000 0.707107
2.924421 0.023960 1.505926 -0.000000 0.707107 0.000000 0.707107
2.924421 0.005210 1.473636 -0.000000 0.707107 0.000000 0.707107
End
2.924421 0.071875 1.532486 -0.000000 0.707107 0.000000 0.707107
End
3.004694 0.240105 1.439261 0.518863 0.480397 -0.000000 0.707107
3.002442 0.238020 1.468946 0.518863 0.480397 -0.000000 0.707107
2.992317 0.228645 1.482486 0.518863 0.480397 -0.000000 0.707107
End
2.936633 0.177085 1.428321 0.518863 0.480397 -0.000000 0.707107
2.924919 0.156250 1.402801 0.060678 0.704499 -0.000000 0.707107
End
2.924421 0.123960 1.484571 -0.000000 0.707107 0.000000 0.707107
2.924421 0.110415 1.456966 -0.000000 0.707107 0.000000 0.707107
2.924421 0.091665 1.419466 -0.000000 0.707107 0.000000 0.707107
End
2.924421 0.058335 1.426236 -0.000000 0.707107 0.000000 0.707107
2.924421 0.053645 1.401236 -0.000000 0.707107 0.000000 0.707107
End
3.004694 0.240105 1.316341 0.518863 0.480397 -0.000000 0.707107
3.005255 0.240625 1.297591 0.518863 0.480397 -0.000000 0.707107
2.990632 0.227085 1.269986 0.518863 0.480397 -0.000000 0.707107
End
2.924421 -0.034375 1.492906 -0.000000 0.707107 0.000000 0.707107
2.924421 -0.056250 1.463736 -0.000000 0.707107 0.000000 0.707107
2.924421 -0.064065 1.421551 -0.000000 0.707107 0.000000 0.707107
End
2.924421 0.133855 1.124676 -0.000000 0.707107 0.000000 0.707107
2.924421 0.107290 1.094986 -0.000000 0.707107 0.000000 0.707107
2.924421 0.083335 1.060611 -0.000000 0.707107 0.000000 0.707107
End
2.947881 0.187500 1.477281 0.518863 0.480397 -0.000000 0.707107
End
2.924421 -0.029685 1.452801 -0.000000 0.707107 0.000000 0.707107
2.924421 -0.059375 1.431446 -0.000000 0.707107 0.000000 0.707107
2.924421 -0.082290 1.415821 -0.000000 0.707107 0.000000 0.707107
End
2.930023 0.168750 1.517381 0.317993 0.631570 -0.000000 0.707107
2.924602 0.154690 1.521551 0.060804 0.704488 -0.000000 0.707107
End
2.924421 0.108335 1.137696 -0.000000 0.707107 0.000000 0.707107
2.924421 0.080210 1.100196 -0.000000 0.707107 0.000000 0.707107
End
2.924421 0.147915 1.500716 -0.000000 0.707107 0.000000 0.707107
2.924421 0.121875 1.490301 -0.000000 0.707107 0.000000 0.707107
End
2.924421 0.118230 1.439261 -0.000000 0.707107 0.000000 0.707107
End
2.924421 0.064585 1.455926 -0.000000 0.707107 0.000000 0.707107
2.924421 0.039585 1.429361 -0.000000 0.707107 0.000000 0.707107
2.924421 0.035940 1.379881 -0.000000 0.707107 0.000000 0.707107
End
2.924421 0.019790 1.481966 -0.000000 0.707107 0.000000 0.707107
End
3.014819 0.249480 1.361656 0.518863 0.480397 -0.000000 0.707107
3.015380 0.250000 1.340821 0.518863 0.480397 -0.000000 0.707107
3.008069 0.243230 1.311131 0.518863 0.480397 -0.000000 0.707107
End
2.924421 0.016145 1.465821 -0.000000 0.707107 0.000000 0.707107
2.924421 -0.006250 1.458006 -0.000000 0.707107 0.000000 0.707107
End
2.924421 -0.055210 1.143946 -0.000000 0.707107 0.000000 0.707107
End
2.924421 0.096875 1.072071 -0.000000 0.707107 0.000000 0.707107
2.924421 0.087500 1.052281 -0.000000 0.707107 0.000000 0.707107
End
2.924421 -0.017190 1.478321 -0.000000 0.707107 0.000000 0.707107
2.924421 -0.033855 1.460091 -0.000000 0.707107 0.000000 0.707107
2.924421 -0.042710 1.435611 -0.000000 0.707107 0.000000 0.707107
End
2.924421 -0.104685 1.343426 -0.000000 0.707107 0.000000 0.707107
End
3.014819 0.249480 1.404881 0.518863 0.480397 -0.000000 0.707107
3.000190 0.235935 1.375716 0.518863 0.480397 -0.000000 0.707107
2.983883 0.220835 1.334051 0.518863 0.480397 -0.000000 0.707107
End
2.924813 0.155730 1.521031 0.060720 0.704495 -0.000000 0.707107
2.924421 0.142710 1.522591 -0.000000 0.707107 0.000000 0.707107
End
2.924421 0.010415 1.127281 -0.000000 0.707107 0.000000 0.707107
2.924421 0.001560 1.119466 -0.000000 0.707107 0.000000 0.707107
2.924421 -0.014060 1.109051 -0.000000 0.707107 0.000000 0.707107
End
2.924421 0.107290 1.143426 -0.000000 0.707107 0.000000 0.707107
End
2.924421 0.065105 1.443946 -0.000000 0.707107 0.000000 0.707107
End
2.933831 0.174480 1.065821 0.409220 0.576662 -0.000000 0.707107
End
2.930889 0.170315 1.091861 0.333671 0.623429 -0.000000 0.707107
End
2.924421 0.110415 1.144466 -0.000000 0.707107 0.000000 0.707107
End
2.924421 0.138020 1.519466 -0.000000 0.707107 0.000000 0.707107
2.924421 0.109375 1.492906 -0.000000 0.707107 0.000000 0.707107
2.924421 0.082290 1.476236 -0.000000 0.707107 0.000000 0.707107
End
2.924421 -0.061460 1.113736 -0.000000 0.707107 0.000000 0.707107
End
2.924421 -0.003125 1.534571 -0.000000 0.707107 0.000000 0.707107
2.924421 -0.028645 1.531446 -0.000000 0.707107 0.000000 0.707107
End
2.924421 0.151040 1.078321 -0.000000 0.707107 0.000000 0.707107
2.924421 0.140105 1.065821 -0.000000 0.707107 0.000000 0.707107
2.924421 0.116145 1.050196 -0.000000 0.707107 0.000000 0.707107
End
2.924602 0.154690 1.151236 0.060804 0.704488 -0.000000 0.707107
2.924421 0.127605 1.123631 -0.000000 0.707107 0.000000 0.707107
2.924421 0.109895 1.108006 -0.000000 0.707107 0.000000 0.707107
End
2.924421 -0.078645 1.433531 -0.000000 0.707107 0.000000 0.707107
2.924421 -0.091665 1.404881 -0.000000 0.707107 0.000000 0.707107
End
2.924421 0.108335 1.522071 -0.000000 0.707107 0.000000 0.707107
End
3.014257 0.248960 1.232486 0.518863 0.480397 -0.000000 0.707107
3.013129 0.247915 1.276236 0.518863 0.480397 -0.000000 0.707107
3.008630 0.243750 1.297071 0.518863 0.480397 -0.000000 0.707107
End
2.924421 0.031250 1.534571 -0.000000 0.707107 0.000000 0.707107
2.924421 0.018750 1.533531 -0.000000 0.707107 0.000000 0.707107
2.924421 0.005210 1.531966 -0.000000 0.707107 0.000000 0.707107
End
2.951818 0.191145 1.053321 0.518863 0.480397 -0.000000 0.707107
End
2.983321 0.220315 1.230926 0.518863 0.480397 -0.000000 0.707107
End
2.924421 0.096875 1.534571 -0.000000 0.707107 0.000000 0.707107
2.924421 0.085940 1.524156 -0.000000 0.707107 0.000000 0.707107
2.924421 0.080210 1.508531 -0.000000 0.707107 0.000000 0.707107
End
3.014819 0.249480 1.470511 0.518863 0.480397 -0.000000 0.707107
3.013690 0.248435 1.441341 0.518863 0.480397 -0.000000 0.707107
2.992317 0.228645 1.411131 0.518863 0.480397 -0.000000 0.707107
End
2.977132 0.214585 1.411131 0.518863 0.480397 -0.000000 0.707107
End
2.924421 -0.048960 1.085091 -0.000000 0.707107 0.000000 0.707107
End
2.924421 -0.114585 1.115821 -0.000000 0.707107 0.000000 0.707107
2.924421 -0.123960 1.106966 -0.000000 0.707107 0.000000 0.707107
2.926602 -0.146355 1.100716 -0.267948 0.654373 0.000000 0.707107
End
2.924421 -0.077085 1.438216 -0.000000 0.707107 0.000000 0.707107
2.924421 -0.093230 1.420511 -0.000000 0.707107 0.000000 0.707107
2.924421 -0.110940 1.392906 -0.000000 0.707107 0.000000 0.707107
End
2.983883 0.220835 1.218946 0.518863 0.480397 -0.000000 0.707107
End
2.924421 0.006770 1.534051 -0.000000 0.707107 0.000000 0.707107
2.924421 -0.017190 1.533531 -0.000000 0.707107 0.000000 0.707107
2.924421 -0.045835 1.490821 -0.000000 0.707107 0.000000 0.707107
End
2.924421 0.014065 1.126236 -0.000000 0.707107 0.000000 0.707107
2.924421 0.003125 1.124156 -0.000000 0.707107 0.000000 0.707107
2.924421 -0.004690 1.100716 -0.000000 0.707107 0.000000 0.707107
End
3.015380 0.250000 1.154881 0.518863 0.480397 -0.000000 0.707107
3.010320 0.245315 1.128321 0.518863 0.480397 -0.000000 0.707107
2.999628 0.235415 1.107486 0.518863 0.480397 -0.000000 0.707107
End
3.015380 0.250000 1.172591 0.518863 0.480397 -0.000000 0.707107
3.012005 0.246875 1.211136 0.518863 0.480397 -0.000000 0.707107
3.012567 0.247395 1.224156 0.518863 0.480397 -0.000000 0.707107
End
2.924421 -0.029685 1.145511 -0.000000 0.707107 0.000000 0.707107
2.924421 -0.039060 1.139781 -0.000000 0.707107 0.000000 0.707107
2.924421 -0.046875 1.135611 -0.000000 0.707107 0.000000 0.707107
End
2.924421 -0.091665 1.533531 -0.000000 0.707107 0.000000 0.707107
2.924421 -0.105210 1.504886 -0.000000 0.707107 0.000000 0.707107
End
2.924421 -0.040625 1.501236 -0.000000 0.707107 0.000000 0.707107
2.924421 -0.063020 1.474676 -0.000000 0.707107 0.000000 0.707107
End
3.015380 0.250000 1.334571 0.518863 0.480397 -0.000000 0.707107
3.015380 0.250000 1.297591 0.518863 0.480397 -0.000000 0.707107
2.993440 0.229685 1.273636 0.518863 0.480397 -0.000000 0.707107
End
2.969253 0.207290 1.481966 0.518830 0.480432 -0.000000 0.707107
2.968692 0.206770 1.493426 0.518830 0.480432 -0.000000 0.707107
2.958006 0.196875 1.499156 0.518863 0.480397 -0.000000 0.707107
End
2.924421 -0.036460 1.394986 -0.000000 0.707107 0.000000 0.707107
2.924421 -0.065105 1.378841 -0.000000 0.707107 0.000000 0.707107
End
3.014819 0.249480 1.152801 0.518863 0.480397 -0.000000 0.707107
2.996815 0.232810 1.111131 0.518863 0.480397 -0.000000 0.707107
2.983883 0.220835 1.074676 0.518863 0.480397 -0.000000 0.707107
End
2.927064 0.162500 1.156966 0.250221 0.661354 -0.000000 0.707107
2.925058 0.156770 1.122591 0.141133 0.692879 -0.000000 0.707107
End
2.924421 -0.078125 1.521031 -0.000000 0.707107 0.000000 0.707107
2.924421 -0.100520 1.503321 -0.000000 0.707107 0.000000 0.707107
End
2.924421 0.025000 1.109051 -0.000000 0.707107 0.000000 0.707107
End
2.924421 -0.005210 1.441341 -0.000000 0.707107 0.000000 0.707107
End
2.924421 -0.019790 1.133011 -0.000000 0.707107 0.000000 0.707107
2.924421 -0.049480 1.144466 -0.000000 0.707107 0.000000 0.707107
2.924421 -0.077085 1.136656 -0.000000 0.707107 0.000000 0.707107
End
3.014819 0.249480 1.468426 0.518863 0.480397 -0.000000 0.707107
3.006378 0.241665 1.453841 0.518863 0.480397 -0.000000 0.707107
2.989504 0.226040 1.426236 0.518863 0.480397 -0.000000 0.707107
End
2.924421 0.120835 1.144466 -0.000000 0.707107 0.000000 0.707107
2.924421 0.106770 1.112176 -0.000000 0.707107 0.000000 0.707107
2.924421 0.089060 1.077281 -0.000000 0.707107 0.000000 0.707107
End
2.924421 -0.069790 1.414256 -0.000000 0.707107 0.000000 0.707107
2.924421 -0.094790 1.400716 -0.000000 0.707107 0.000000 0.707107
2.924421 -0.106770 1.376236 -0.000000 0.707107 0.000000 0.707107
End
2.924421 0.021875 1.113216 -0.000000 0.707107 0.000000 0.707107
2.924421 0.003125 1.093946 -0.000000 0.707107 0.000000 0.707107
End
2.924421 0.056770 1.505406 -0.000000 0.707107 0.000000 0.707107
2.924421 0.027085 1.476236 -0.000000 0.707107 0.000000 0.707107
End
2.924421 0.148960 1.138216 -0.000000 0.707107 0.000000 0.707107
2.924421 0.130730 1.116341 -0.000000 0.707107 0.000000 0.707107
2.924421 0.131770 1.081446 -0.000000 0.707107 0.000000 0.707107
End
2.924421 -0.054165 1.448111 -0.000000 0.707107 0.000000 0.707107
End
2.924421 -0.079690 1.133011 -0.000000 0.707107 0.000000 0.707107
End
2.924421 0.051040 1.122591 -0.000000 0.707107 0.000000 0.707107
2.924421 0.037500 1.115821 -0.000000 0.707107 0.000000 0.707107
2.924421 0.013020 1.117386 -0.000000 0.707107 0.000000 0.707107
End
2.965317 0.203645 1.160091 0.518830 0.480432 -0.000000 0.707107
End
3.012567 0.247395 1.467906 0.518863 0.480397 -0.000000 0.707107
3.015380 0.250000 1.453841 0.518863 0.480397 -0.000000 0.707107
3.005817 0.241145 1.411656 0.518863 0.480397 -0.000000 0.707107
End
2.924421 0.055730 1.486131 -0.000000 0.707107 0.000000 0.707107
2.924421 0.040625 1.444986 -0.000000 0.707107 0.000000 0.707107
End
3.014819 0.249480 1.328841 0.518863 0.480397 -0.000000 0.707107
3.013690 0.248435 1.299156 0.518863 0.480397 -0.000000 0.707107
3.001319 0.236980 1.267381 0.518863 0.480397 -0.000000 0.707107
End
2.924421 -0.004690 1.524156 -0.000000 0.707107 0.000000 0.707107
End
2.924421 0.018230 1.121031 -0.000000 0.707107 0.000000 0.707107
2.924421 0.008335 1.093426 -0.000000 0.707107 0.000000 0.707107
2.924421 -0.008335 1.058011 -0.000000 0.707107 0.000000 0.707107
End
2.941131 0.181250 1.165821 0.518863 0.480397 -0.000000 0.707107
2.925058 0.156770 1.135091 0.141133 0.692879 -0.000000 0.707107
2.924421 0.136460 1.100716 -0.000000 0.707107 0.000000 0.707107
End
2.924421 -0.060415 1.392386 -0.000000 0.707107 0.000000 0.707107
2.924421 -0.083855 1.361136 -0.000000 0.707107 0.000000 0.707107
End
2.924421 0.100520 1.136656 -0.000000 0.707107 0.000000 0.707107
2.924421 0.082815 1.108531 -0.000000 0.707107 0.000000 0.707107
2.924421 0.062500 1.068946 -0.000000 0.707107 0.000000 0.707107
End
2.947319 0.186980 1.164781 0.518863 0.480397 -0.000000 0.707107
2.934942 0.175520 1.156966 0.468300 0.529807 -0.000000 0.707107
2.929745 0.168230 1.129361 0.318001 0.631566 -0.000000 0.707107
End
2.960258 0.198960 1.453841 0.518830 0.480432 -0.000000 0.707107
End
2.967007 0.205210 1.472071 0.518830 0.480432 -0.000000 0.707107
End
2.924421 0.055730 1.120511 -0.000000 0.707107 0.000000 0.707107
End
2.924421 0.122915 1.076756 -0.000000 0.707107 0.000000 0.707107
End
2.924421 0.054165 1.505926 -0.000000 0.707107 0.000000 0.707107
2.924421 0.056250 1.533006 -0.000000 0.707107 0.000000 0.707107
2.924421 0.040625 1.534571 -0.000000 0.707107 0.000000 0.707107
End
2.924421 0.017710 1.514256 -0.000000 0.707107 0.000000 0.707107
2.924421 0.004165 1.500196 -0.000000 0.707107 0.000000 0.707107
End
2.928454 0.165625 1.496551 0.287381 0.646075 -0.000000 0.707107
End
2.924421 -0.001565 1.384051 -0.000000 0.707107 0.000000 0.707107
End
3.015380 0.250000 1.466861 0.518863 0.480397 -0.000000 0.707107
3.009192 0.244270 1.451761 0.518863 0.480397 -0.000000 0.707107
2.991194 0.227605 1.443426 0.518863 0.480397 -0.000000 0.707107
End
2.942821 0.182815 1.400716 0.518863 0.480397 -0.000000 0.707107
End
2.924421 -0.032290 1.534571 -0.000000 0.707107 0.000000 0.707107
2.924421 -0.043750 1.500716 -0.000000 0.707107 0.000000 0.707107
2.924421 -0.063020 1.480406 -0.000000 0.707107 0.000000 0.707107
End
2.924421 -0.027085 1.054886 -0.000000 0.707107 0.000000 0.707107
End
2.924421 -0.108855 1.125716 -0.000000 0.707107 0.000000 0.707107
2.924421 -0.129690 1.093946 -0.000000 0.707107 0.000000 0.707107
2.928162 -0.150000 1.067386 -0.315432 0.632853 0.000000 0.707107
End
2.924421 0.146875 1.521551 -0.000000 0.707107 0.000000 0.707107
2.924421 0.126040 1.530926 -0.000000 0.707107 0.000000 0.707107
2.924421 0.096355 1.511656 -0.000000 0.707107 0.000000 0.707107
End
2.924421 -0.020315 1.094466 -0.000000 0.707107 0.000000 0.707107
2.924421 -0.033335 1.074156 -0.000000 0.707107 0.000000 0.707107
End
2.924421 -0.042185 1.499156 -0.000000 0.707107 0.000000 0.707107
2.924421 -0.054690 1.472591 -0.000000 0.707107 0.000000 0.707107
2.924421 -0.080730 1.440301 -0.000000 0.707107 0.000000 0.707107
End
2.924421 -0.045310 1.425196 -0.000000 0.707107 0.000000 0.707107
2.924421 -0.071875 1.400716 -0.000000 0.707107 0.000000 0.707107
2.924421 -0.091665 1.372071 -0.000000 0.707107 0.000000 0.707107
End
2.924421 0.015105 1.058531 -0.000000 0.707107 0.000000 0.707107
End
2.924421 0.108855 1.499156 -0.000000 0.707107 0.000000 0.707107
End
2.924421 -0.000520 1.456966 -0.000000 0.707107 0.000000 0.707107
2.924421 -0.022915 1.441861 -0.000000 0.707107 0.000000 0.707107
2.924421 -0.040625 1.415301 -0.000000 0.707107 0.000000 0.707107
End
2.924421 0.026040 1.102801 -0.000000 0.707107 0.000000 0.707107
2.924421 0.001560 1.089261 -0.000000 0.707107 0.000000 0.707107
2.924421 -0.003645 1.051236 -0.000000 0.707107 0.000000 0.707107
End
2.924421 0.112500 1.533006 -0.000000 0.707107 0.000000 0.707107
2.924421 0.101560 1.498111 -0.000000 0.707107 0.000000 0.707107
2.924421 0.073435 1.491341 -0.000000 0.707107 0.000000 0.707107
End
2.927970 0.164585 1.396551 0.270547 0.653302 -0.000000 0.707107
End
2.924421 -0.009375 1.091861 -0.000000 0.707107 0.000000 0.707107
End
2.924421 -0.060935 1.473111 -0.000000 0.707107 0.000000 0.707107
2.924421 -0.083855 1.449676 -0.000000 0.707107 0.000000 0.707107
End
2.924421 0.004690 1.533531 -0.000000 0.707107 0.000000 0.707107
2.924421 -0.021355 1.503841 -0.000000 0.707107 0.000000 0.707107
End
2.924421 -0.001040 1.083011 -0.000000 0.707107 0.000000 0.707107
2.924421 -0.021875 1.057486 -0.000000 0.707107 0.000000 0.707107
End
2.924421 0.123440 1.491341 -0.000000 0.707107 0.000000 0.707107
2.924421 0.094790 1.475716 -0.000000 0.707107 0.000000 0.707107
2.924421 0.066145 1.483531 -0.000000 0.707107 0.000000 0.707107
End
2.924421 0.079685 1.534571 -0.000000 0.707107 0.000000 0.707107
2.924421 0.052085 1.532486 -0.000000 0.707107 0.000000 0.707107
2.924421 0.030210 1.528841 -0.000000 0.707107 0.000000 0.707107
End
2.924421 0.141145 1.436656 -0.000000 0.707107 0.000000 0.707107
End
2.924421 -0.050520 1.114261 -0.000000 0.707107 0.000000 0.707107
End
2.924421 -0.110415 1.471031 -0.000000 0.707107 0.000000 0.707107
End
2.924421 -0.073435 1.534571 -0.000000 0.707107 0.000000 0.707107
2.924421 -0.086460 1.523636 -0.000000 0.707107 0.000000 0.707107
2.924421 -0.095315 1.500716 -0.000000 0.707107 0.000000 0.707107
End
3.011444 0.246355 1.192386 0.518863 0.480397 -0.000000 0.707107
3.014819 0.249480 1.225716 0.518863 0.480397 -0.000000 0.707107
3.009753 0.244790 1.271031 0.518863 0.480397 -0.000000 0.707107
End
2.924421 -0.047395 1.520506 -0.000000 0.707107 0.000000 0.707107
End
2.924421 0.071875 1.531446 -0.000000 0.707107 0.000000 0.707107
2.924421 0.047915 1.511656 -0.000000 0.707107 0.000000 0.707107
End
2.926042 0.159895 1.109051 0.225289 0.670257 -0.000000 0.707107
2.924421 0.133335 1.073631 -0.000000 0.707107 0.000000 0.707107
End
2.924421 0.150000 1.099676 -0.000000 0.707107 0.000000 0.707107
2.924421 0.130730 1.074156 -0.000000 0.707107 0.000000 0.707107
2.924421 0.108335 1.054886 -0.000000 0.707107 0.000000 0.707107
End
3.014257 0.248960 1.229881 0.518863 0.480397 -0.000000 0.707107
3.010882 0.245835 1.192906 0.518863 0.480397 -0.000000 0.707107
2.999628 0.235415 1.151236 0.518863 0.480397 -0.000000 0.707107
End
2.924421 -0.032815 1.102801 -0.000000 0.707107 0.000000 0.707107
2.924421 -0.047395 1.073111 -0.000000 0.707107 0.000000 0.707107
End
2.936066 0.176560 1.093426 0.468262 0.529841 -0.000000 0.707107
End
2.924421 -0.049480 1.389781 -0.000000 0.707107 0.000000 0.707107
End
2.924421 0.134375 1.147591 -0.000000 0.707107 0.000000 0.707107
2.924421 0.119270 1.142381 -0.000000 0.707107 0.000000 0.707107
2.924421 0.112500 1.137696 -0.000000 0.707107 0.000000 0.707107
End
3.014257 0.248960 1.167906 0.518863 0.480397 -0.000000 0.707107
3.013129 0.247915 1.131966 0.518863 0.480397 -0.000000 0.707107
2.996815 0.232810 1.080406 0.518863 0.480397 -0.000000 0.707107
End
2.924421 0.074480 1.501236 -0.000000 0.707107 0.000000 0.707107
2.924421 0.068750 1.458531 -0.000000 0.707107 0.000000 0.707107
End
2.924421 0.078645 1.114781 -0.000000 0.707107 0.000000 0.707107
2.924421 0.049480 1.099676 -0.000000 0.707107 0.000000 0.707107
End
3.013690 0.248435 1.421031 0.518863 0.480397 -0.000000 0.707107
3.012567 0.247395 1.379361 0.518863 0.480397 -0.000000 0.707107
2.999628 0.235415 1.346551 0.518863 0.480397 -0.000000 0.707107
End
3.015380 0.250000 1.446551 0.518863 0.480397 -0.000000 0.707107
3.013690 0.248435 1.417906 0.518863 0.480397 -0.000000 0.707107
3.004132 0.239585 1.393946 0.518863 0.480397 -0.000000 0.707107
End
2.945068 0.184895 1.446551 0.518863 0.480397 -0.000000 0.707107
End
3.015380 0.250000 1.378841 0.518863 0.480397 -0.000000 0.707107
3.014257 0.248960 1.336656 0.518863 0.480397 -0.000000 0.707107
2.996815 0.232810 1.298636 0.518863 0.480397 -0.000000 0.707107
End
2.924421 -0.010415 1.504886 -0.000000 0.707107 0.000000 0.707107
2.924421 -0.030730 1.490301 -0.000000 0.707107 0.000000 0.707107
End
2.924421 0.025000 1.098636 -0.000000 0.707107 0.000000 0.707107
End
2.943944 0.183855 1.051236 0.518863 0.480397 -0.000000 0.707107
End
2.924421 0.134375 1.501236 -0.000000 0.707107 0.000000 0.707107
2.924421 0.109895 1.478321 -0.000000 0.707107 0.000000 0.707107
End
2.924421 0.109895 1.053321 -0.000000 0.707107 0.000000 0.707107
End
2.924421 -0.012500 1.386656 -0.000000 0.707107 0.000000 0.707107
End
2.951256 0.190625 1.151761 0.518863 0.480397 -0.000000 0.707107
End
2.924421 0.124480 1.451761 -0.000000 0.707107 0.000000 0.707107
End
2.961381 0.200000 1.429361 0.518830 0.480432 -0.000000 0.707107
2.947881 0.187500 1.373631 0.518863 0.480397 -0.000000 0.707107
End
2.924421 -0.038020 1.077281 -0.000000 0.707107 0.000000 0.707107
End
2.934270 -0.159895 1.078841 -0.518863 0.480397 0.000000 0.707107
End
2.952941 0.192185 1.074156 0.518863 0.480397 -0.000000 0.707107
End
3.013690 0.248435 1.290821 0.518863 0.480397 -0.000000 0.707107
2.997382 0.233335 1.276761 0.518863 0.480397 -0.000000 0.707107
2.987819 0.224480 1.244466 0.518863 0.480397 -0.000000 0.707107
End
2.924421 -0.004690 1.125716 -0.000000 0.707107 0.000000 0.707107
2.924421 -0.015625 1.090301 -0.000000 0.707107 0.000000 0.707107
2.924421 -0.025000 1.067906 -0.000000 0.707107 0.000000 0.707107
End
2.924421 0.032290 1.531966 -0.000000 0.707107 0.000000 0.707107
2.924421 0.013020 1.534051 -0.000000 0.707107 0.000000 0.707107
End
2.936066 0.176560 1.081446 0.468265 0.529838 -0.000000 0.707107
2.930889 0.170315 1.057486 0.333684 0.623422 -0.000000 0.707107
End
3.015380 0.250000 1.235611 0.518863 0.480397 -0.000000 0.707107
2.994569 0.230730 1.216341 0.518863 0.480397 -0.000000 0.707107
2.986129 0.222915 1.175196 0.518863 0.480397 -0.000000 0.707107
End
2.924421 0.088540 1.134051 -0.000000 0.707107 0.000000 0.707107
2.924421 0.081250 1.103321 -0.000000 0.707107 0.000000 0.707107
End
2.926435 0.160935 1.054361 0.225267 0.670265 -0.000000 0.707107
2.924421 0.146355 1.038216 -0.000000 0.707107 0.000000 0.707107
End
2.924421 -0.085940 1.386656 -0.000000 0.707107 0.000000 0.707107
2.924421 -0.110415 1.347591 -0.000000 0.707107 0.000000 0.707107
End
2.924421 0.078645 1.137176 -0.000000 0.707107 0.000000 0.707107
2.924421 0.055210 1.113736 -0.000000 0.707107 0.000000 0.707107
End
2.924421 -0.055730 1.416861 -0.000000 0.707107 0.000000 0.707107
2.924421 -0.064585 1.391341 -0.000000 0.707107 0.000000 0.707107
2.924421 -0.064585 1.374676 -0.000000 0.707107 0.000000 0.707107
End
2.924421 0.070835 1.479361 -0.000000 0.707107 0.000000 0.707107
2.924421 0.041665 1.466341 -0.000000 0.707107 0.000000 0.707107
End
2.924421 0.070835 1.087176 -0.000000 0.707107 0.000000 0.707107
2.924421 0.042710 1.049156 -0.000000 0.707107 0.000000 0.707107
End
2.924421 -0.013540 1.518426 -0.000000 0.707107 0.000000 0.707107
End
2.924421 -0.086460 1.392906 -0.000000 0.707107 0.000000 0.707107
End
2.924421 0.128125 1.526236 -0.000000 0.707107 0.000000 0.707107
2.924421 0.104165 1.476236 -0.000000 0.707107 0.000000 0.707107
2.924421 0.081770 1.435091 -0.000000 0.707107 0.000000 0.707107
End
2.924421 -0.042710 1.125196 -0.000000 0.707107 0.000000 0.707107
2.924421 -0.058335 1.091341 -0.000000 0.707107 0.000000 0.707107
End
3.014819 0.249480 1.283006 0.518863 0.480397 -0.000000 0.707107
3.009753 0.244790 1.248111 0.518863 0.480397 -0.000000 0.707107
2.996254 0.232290 1.214781 0.518863 0.480397 -0.000000 0.707107
End
2.996254 0.232290 1.380406 0.518863 0.480397 -0.000000 0.707107
2.986129 0.222915 1.364256 0.518863 0.480397 -0.000000 0.707107
2.968130 0.206250 1.323631 0.518830 0.480432 -0.000000 0.707107
End
2.924421 0.098440 1.530406 -0.000000 0.707107 0.000000 0.707107
2.924421 0.084895 1.475196 -0.000000 0.707107 0.000000 0.707107
2.924421 0.060415 1.446551 -0.000000 0.707107 0.000000 0.707107
End
2.924421 0.071355 1.488216 -0.000000 0.707107 0.000000 0.707107
End
2.924421 -0.009375 1.136131 -0.000000 0.707107 0.000000 0.707107
2.924421 -0.025000 1.127281 -0.000000 0.707107 0.000000 0.707107
2.924421 -0.048960 1.092381 -0.000000 0.707107 0.000000 0.707107
End
2.924421 -0.064585 1.104361 -0.000000 0.707107 0.000000 0.707107
End
2.924421 0.033335 1.443426 -0.000000 0.707107 0.000000 0.707107
2.924421 0.027085 1.404361 -0.000000 0.707107 0.000000 0.707107
End
2.924421 -0.097395 1.401761 -0.000000 0.707107 0.000000 0.707107
End
2.978817 0.216145 1.099676 0.518863 0.480397 -0.000000 0.707107
2.966446 0.204690 1.075196 0.518830 0.480432 -0.000000 0.707107
2.960258 0.198960 1.055406 0.518830 0.480432 -0.000000 0.707107
End
2.973757 0.211460 1.461656 0.518863 0.480397 -0.000000 0.707107
End
3.014257 0.248960 1.469986 0.518863 0.480397 -0.000000 0.707107
3.000757 0.236460 1.455406 0.518863 0.480397 -0.000000 0.707107
2.981069 0.218230 1.438736 0.518863 0.480397 -0.000000 0.707107
End
2.924421 0.041665 1.086656 -0.000000 0.707107 0.000000 0.707107
End
2.935504 0.176040 1.114781 0.468283 0.529821 -0.000000 0.707107
2.938879 0.179165 1.067386 0.518863 0.480397 -0.000000 0.707107
2.927970 0.164585 1.036656 0.270547 0.653302 -0.000000 0.707107
End
2.924421 -0.051040 1.407486 -0.000000 0.707107 0.000000 0.707107
2.924421 -0.077605 1.380926 -0.000000 0.707107 0.000000 0.707107
End
2.933831 0.174480 1.510611 0.409220 0.576662 -0.000000 0.707107
2.924492 0.153645 1.488216 0.000053 0.707107 -0.000000 0.707107
2.924421 0.143230 1.470511 -0.000000 0.707107 0.000000 0.707107
End
2.924492 0.153645 1.086656 0.000053 0.707107 -0.000000 0.707107
2.924421 0.126560 1.075196 -0.000000 0.707107 0.000000 0.707107
2.924421 0.111980 1.052281 -0.000000 0.707107 0.000000 0.707107
End
2.924421 0.071875 1.530926 -0.000000 0.707107 0.000000 0.707107
2.924421 0.044270 1.508531 -0.000000 0.707107 0.000000 0.707107
End
2.977694 0.215105 1.095506 0.518863 0.480397 -0.000000 0.707107
End
2.924421 0.017185 1.497591 -0.000000 0.707107 0.000000 0.707107
2.924421 -0.009895 1.484571 -0.000000 0.707107 0.000000 0.707107
2.924421 -0.039585 1.466341 -0.000000 0.707107 0.000000 0.707107
End
2.945629 0.185415 1.483011 0.518863 0.480397 -0.000000 0.707107
2.927736 0.164060 1.478321 0.270556 0.653299 -0.000000 0.707107
End
2.925663 -0.143750 1.098111 -0.248662 0.661942 0.000000 0.707107
2.934831 -0.160415 1.076236 -0.518863 0.480397 0.000000 0.707107
2.952273 -0.176565 1.054886 -0.518863 0.480397 0.000000 0.707107
End
2.924421 0.077085 1.415821 -0.000000 0.707107 0.000000 0.707107
End
2.924421 0.027085 1.390301 -0.000000 0.707107 0.000000 0.707107
End
2.924421 0.008335 1.466341 -0.000000 0.707107 0.000000 0.707107
End
2.924421 0.094790 1.491341 -0.000000 0.707107 0.000000 0.707107
End
2.987819 0.224480 1.362176 0.518863 0.480397 -0.000000 0.707107
2.967569 0.205730 1.328321 0.518830 0.480432 -0.000000 0.707107
End
2.973196 0.210940 1.171031 0.518863 0.480397 -0.000000 0.707107
End
2.924421 0.131250 1.441861 -0.000000 0.707107 0.000000 0.707107
2.924421 0.114065 1.409571 -0.000000 0.707107 0.000000 0.707107
End
2.924421 -0.004690 1.497591 -0.000000 0.707107 0.000000 0.707107
End
3.015380 0.250000 1.223111 0.518863 0.480397 -0.000000 0.707107
3.013129 0.247915 1.193426 0.518863 0.480397 -0.000000 0.707107
2.994569 0.230730 1.158006 0.518863 0.480397 -0.000000 0.707107
End
2.924421 -0.049480 1.505406 -0.000000 0.707107 0.000000 0.707107
End
2.924421 -0.070310 1.496551 -0.000000 0.707107 0.000000 0.707107
End
2.942254 0.182290 1.059051 0.518863 0.480397 -0.000000 0.707107
2.934381 0.175000 1.045506 0.468357 0.529756 -0.000000 0.707107
End
2.959696 0.198440 1.333006 0.518830 0.480432 -0.000000 0.707107
End
2.968130 0.206250 1.369466 0.518830 0.480432 -0.000000 0.707107
End
2.931187 0.170835 1.517381 0.333507 0.623517 -0.000000 0.707107
2.926239 0.160415 1.521031 0.225250 0.670270 -0.000000 0.707107
2.924421 0.142185 1.521551 -0.000000 0.707107 0.000000 0.707107
End
2.924421 -0.066665 1.523636 -0.000000 0.707107 0.000000 0.707107
2.924421 -0.089060 1.506966 -0.000000 0.707107 0.000000 0.707107
End
2.966335 -0.189585 1.304886 -0.518863 0.480397 0.000000 0.707107
2.965207 -0.188540 1.312696 -0.518863 0.480397 0.000000 0.707107
2.969149 -0.192190 1.316341 -0.518863 0.480397 0.000000 0.707107
End
2.959129 0.197915 1.498111 0.518830 0.480432 -0.000000 0.707107
2.941131 0.181250 1.497071 0.518863 0.480397 -0.000000 0.707107
2.927064 0.162500 1.475716 0.250201 0.661362 -0.000000 0.707107
End
2.924421 0.046355 1.525716 -0.000000 0.707107 0.000000 0.707107
End
2.924421 -0.000520 1.500196 -0.000000 0.707107 0.000000 0.707107
2.924421 -0.023440 1.483011 -0.000000 0.707107 0.000000 0.707107
2.924421 -0.026040 1.465821 -0.000000 0.707107 0.000000 0.707107
End
2.930301 0.169270 1.096551 0.317985 0.631574 -0.000000 0.707107
2.926848 0.161980 1.069986 0.250237 0.661348 -0.000000 0.707107
2.924421 0.144790 1.040821 -0.000000 0.707107 0.000000 0.707107
End
2.924421 0.006770 1.096551 -0.000000 0.707107 0.000000 0.707107
2.924421 -0.013540 1.067906 -0.000000 0.707107 0.000000 0.707107
2.924421 -0.028645 1.051761 -0.000000 0.707107 0.000000 0.707107
End
2.985567 0.222395 1.185091 0.518863 0.480397 -0.000000 0.707107
End
2.924421 0.022915 1.509051 -0.000000 0.707107 0.000000 0.707107
End
2.969253 0.207290 1.386131 0.518830 0.480432 -0.000000 0.707107
2.951818 0.191145 1.355406 0.518863 0.480397 -0.000000 0.707107
End
2.924421 0.069790 1.459051 -0.000000 0.707107 0.000000 0.707107
2.924421 0.040105 1.413736 -0.000000 0.707107 0.000000 0.707107
2.924421 0.018230 1.393946 -0.000000 0.707107 0.000000 0.707107
End
2.924421 0.068230 1.416861 -0.000000 0.707107 0.000000 0.707107
2.924421 0.053125 1.387176 -0.000000 0.707107 0.000000 0.707107
2.924421 0.045835 1.381446 -0.000000 0.707107 0.000000 0.707107
End
2.980508 0.217710 1.410611 0.518863 0.480397 -0.000000 0.707107
End
2.924421 0.145310 1.153321 -0.000000 0.707107 0.000000 0.707107
2.924421 0.121875 1.097591 -0.000000 0.707107 0.000000 0.707107
2.924421 0.105730 1.066861 -0.000000 0.707107 0.000000 0.707107
End
2.924421 0.123960 1.406446 -0.000000 0.707107 0.000000 0.707107
End
2.924421 0.032290 1.096031 -0.000000 0.707107 0.000000 0.707107
2.924421 0.021355 1.058011 -0.000000 0.707107 0.000000 0.707107
2.924421 0.017185 1.038216 -0.000000 0.707107 0.000000 0.707107
End
2.973196 0.210940 1.219986 0.518863 0.480397 -0.000000 0.707107
End
2.924421 0.035940 1.057486 -0.000000 0.707107 0.000000 0.707107
2.924421 0.009895 1.048111 -0.000000 0.707107 0.000000 0.707107
2.924421 -0.004690 1.038736 -0.000000 0.707107 0.000000 0.707107
End
2.924421 0.066665 1.465301 -0.000000 0.707107 0.000000 0.707107
End
2.924421 0.117190 1.042381 -0.000000 0.707107 0.000000 0.707107
End
2.924421 0.067710 1.519986 -0.000000 0.707107 0.000000 0.707107
2.924421 0.047915 1.494986 -0.000000 0.707107 0.000000 0.707107
2.924421 0.028125 1.460611 -0.000000 0.707107 0.000000 0.707107
End
2.924421 -0.065105 1.133011 -0.000000 0.707107 0.000000 0.707107
End
2.924421 0.086980 1.487176 -0.000000 0.707107 0.000000 0.707107
End
2.932913 0.173435 1.090301 0.375466 0.599187 -0.000000 0.707107
End
2.924421 -0.014060 1.058011 -0.000000 0.707107 0.000000 0.707107
2.924421 -0.025520 1.048631 -0.000000 0.707107 0.000000 0.707107
End
2.924421 0.087500 1.503321 -0.000000 0.707107 0.000000 0.707107
2.924421 0.079685 1.467906 -0.000000 0.707107 0.000000 0.707107
2.924421 0.072395 1.442906 -0.000000 0.707107 0.000000 0.707107
End
2.988381 0.225000 1.130406 0.518863 0.480397 -0.000000 0.707107
End
2.924421 0.029165 1.122071 -0.000000 0.707107 0.000000 0.707107
2.924421 0.001040 1.102801 -0.000000 0.707107 0.000000 0.707107
End
2.969815 0.207810 1.208531 0.518830 0.480432 -0.000000 0.707107
End
3.013690 0.248435 1.410091 0.518863 0.480397 -0.000000 0.707107
3.015380 0.250000 1.378321 0.518863 0.480397 -0.000000 0.707107
3.005817 0.241145 1.344466 0.518863 0.480397 -0.000000 0.707107
End
2.994569 0.230730 1.222591 0.518863 0.480397 -0.000000 0.707107
2.985006 0.221875 1.196551 0.518863 0.480397 -0.000000 0.707107
2.981069 0.218230 1.167906 0.518863 0.480397 -0.000000 0.707107
End
2.973647 -0.196355 1.048111 -0.518830 0.480432 0.000000 0.707107
End
2.924421 0.027605 1.484051 -0.000000 0.707107 0.000000 0.707107
2.924421 0.021355 1.448631 -0.000000 0.707107 0.000000 0.707107
2.924421 0.005210 1.427281 -0.000000 0.707107 0.000000 0.707107
End
2.947881 0.187500 1.062176 0.518863 0.480397 -0.000000 0.707107
2.934942 0.175520 1.047071 0.468329 0.529781 -0.000000 0.707107
End
2.946196 0.185940 1.117386 0.518863 0.480397 -0.000000 0.707107
End
2.924421 -0.017710 1.034571 -0.000000 0.707107 0.000000 0.707107
End
3.014819 0.249480 1.347591 0.518863 0.480397 -0.000000 0.707107
3.005255 0.240625 1.340301 0.518863 0.480397 -0.000000 0.707107
2.999067 0.234895 1.319466 0.518863 0.480397 -0.000000 0.707107
End
2.924421 0.025520 1.123111 -0.000000 0.707107 0.000000 0.707107
2.924421 0.011980 1.121551 -0.000000 0.707107 0.000000 0.707107
2.924421 -0.008335 1.086136 -0.000000 0.707107 0.000000 0.707107
End
2.950133 0.189585 1.351236 0.518863 0.480397 -0.000000 0.707107
End
2.924421 0.051565 1.121551 -0.000000 0.707107 0.000000 0.707107
2.924421 0.033335 1.122591 -0.000000 0.707107 0.000000 0.707107
2.924421 0.026040 1.122071 -0.000000 0.707107 0.000000 0.707107
End
2.924421 0.084375 1.515301 -0.000000 0.707107 0.000000 0.707107
2.924421 0.059375 1.492906 -0.000000 0.707107 0.000000 0.707107
End
2.924421 0.116145 1.424676 -0.000000 0.707107 0.000000 0.707107
End
2.950133 0.189585 1.152281 0.518863 0.480397 -0.000000 0.707107
End
2.924421 -0.007290 1.527281 -0.000000 0.707107 0.000000 0.707107
2.924421 -0.028645 1.501756 -0.000000 0.707107 0.000000 0.707107
2.924421 -0.039060 1.472591 -0.000000 0.707107 0.000000 0.707107
End
3.013129 0.247915 1.471031 0.518863 0.480397 -0.000000 0.707107
3.015380 0.250000 1.422071 0.518863 0.480397 -0.000000 0.707107
2.994569 0.230730 1.411131 0.518863 0.480397 -0.000000 0.707107
End
2.956883 0.195835 1.163216 0.518863 0.480397 -0.000000 0.707107
2.943944 0.183855 1.144466 0.518863 0.480397 -0.000000 0.707107
2.929745 0.168230 1.126756 0.318001 0.631566 -0.000000 0.707107
End
2.924421 -0.024480 1.046551 -0.000000 0.707107 0.000000 0.707107
End
2.955754 0.194790 1.473636 0.518863 0.480397 -0.000000 0.707107
2.951818 0.191145 1.442381 0.518863 0.480397 -0.000000 0.707107
2.936633 0.177085 1.410091 0.518863 0.480397 -0.000000 0.707107
End
2.924421 0.067710 1.458006 -0.000000 0.707107 0.000000 0.707107
2.924421 0.039060 1.429881 -0.000000 0.707107 0.000000 0.707107
End
2.924421 -0.009375 1.135091 -0.000000 0.707107 0.000000 0.707107
2.924421 -0.030730 1.141861 -0.000000 0.707107 0.000000 0.707107
2.924421 -0.042185 1.144466 -0.000000 0.707107 0.000000 0.707107
End
2.924421 0.088540 1.098111 -0.000000 0.707107 0.000000 0.707107
End
2.924421 -0.016145 1.411131 -0.000000 0.707107 0.000000 0.707107
End
2.960819 0.199480 1.383531 0.518830 0.480432 -0.000000 0.707107
End
2.924421 0.077085 1.036656 -0.000000 0.707107 0.000000 0.707107
End
2.960819 0.199480 1.414256 0.518830 0.480432 -0.000000 0.707107
2.974319 0.211980 1.443426 0.518863 0.480397 -0.000000 0.707107
2.956316 0.195310 1.459051 0.518863 0.480397 -0.000000 0.707107
End
2.958006 0.196875 1.384571 0.518863 0.480397 -0.000000 0.707107
End
2.924421 0.101040 1.049676 -0.000000 0.707107 0.000000 0.707107
End
2.980508 0.217710 1.316861 0.518863 0.480397 -0.000000 0.707107
End
2.985006 0.221875 1.251756 0.518863 0.480397 -0.000000 0.707107
End
2.929745 0.168230 1.142906 0.318001 0.631566 -0.000000 0.707107
2.924421 0.142185 1.114261 -0.000000 0.707107 0.000000 0.707107
End
2.924421 -0.028125 1.103841 -0.000000 0.707107 0.000000 0.707107
End
2.924421 -0.062500 1.445506 -0.000000 0.707107 0.000000 0.707107
End
2.924421 0.026040 1.406446 -0.000000 0.707107 0.000000 0.707107
2.924421 0.015105 1.399156 -0.000000 0.707107 0.000000 0.707107
2.924421 -0.009375 1.374676 -0.000000 0.707107 0.000000 0.707107
End
2.924421 0.038020 1.424156 -0.000000 0.707107 0.000000 0.707107
2.924421 0.027605 1.404361 -0.000000 0.707107 0.000000 0.707107
2.924421 0.015625 1.386131 -0.000000 0.707107 0.000000 0.707107
End
2.973757 0.211460 1.197071 0.518863 0.480397 -0.000000 0.707107
End
2.979379 0.216665 1.146031 0.518863 0.480397 -0.000000 0.707107
End
2.924421 0.152085 1.418426 -0.000000 0.707107 0.000000 0.707107
End
2.924421 -0.051040 1.509571 -0.000000 0.707107 0.000000 0.707107
2.924421 -0.076040 1.493426 -0.000000 0.707107 0.000000 0.707107
2.924421 -0.091145 1.461656 -0.000000 0.707107 0.000000 0.707107
End
2.931187 0.170835 1.477281 0.333522 0.623509 -0.000000 0.707107
End
2.924421 0.007290 1.082486 -0.000000 0.707107 0.000000 0.707107
2.924421 -0.016665 1.067386 -0.000000 0.707107 0.000000 0.707107
End
2.924421 -0.014585 1.133531 -0.000000 0.707107 0.000000 0.707107
2.924421 -0.033855 1.135611 -0.000000 0.707107 0.000000 0.707107
2.924421 -0.063020 1.130406 -0.000000 0.707107 0.000000 0.707107
End
2.924421 0.030210 1.459571 -0.000000 0.707107 0.000000 0.707107
2.924421 0.002085 1.444986 -0.000000 0.707107 0.000000 0.707107
End
2.924421 -0.018750 1.508531 -0.000000 0.707107 0.000000 0.707107
2.924421 -0.023960 1.469986 -0.000000 0.707107 0.000000 0.707107
2.924421 -0.051040 1.432486 -0.000000 0.707107 0.000000 0.707107
End
2.924421 0.127085 1.516861 -0.000000 0.707107 0.000000 0.707107
2.924421 0.097395 1.499156 -0.000000 0.707107 0.000000 0.707107
2.924421 0.084895 1.457486 -0.000000 0.707107 0.000000 0.707107
End
2.924421 0.024480 1.123631 -0.000000 0.707107 0.000000 0.707107
2.924421 -0.001040 1.129361 -0.000000 0.707107 0.000000 0.707107
2.924421 -0.018750 1.116341 -0.000000 0.707107 0.000000 0.707107
End
2.924421 0.073435 1.449676 -0.000000 0.707107 0.000000 0.707107
2.924421 0.049480 1.399676 -0.000000 0.707107 0.000000 0.707107
2.924421 0.026040 1.381966 -0.000000 0.707107 0.000000 0.707107
End
2.924421 -0.016665 1.051236 -0.000000 0.707107 0.000000 0.707107
End
2.924421 -0.019270 1.111656 -0.000000 0.707107 0.000000 0.707107
2.924421 -0.045835 1.103321 -0.000000 0.707107 0.000000 0.707107
2.924421 -0.053125 1.084571 -0.000000 0.707107 0.000000 0.707107
End
2.924421 0.029165 1.395506 -0.000000 0.707107 0.000000 0.707107
End
2.924421 -0.023440 1.447591 -0.000000 0.707107 0.000000 0.707107
End
2.947319 0.186980 1.383011 0.518863 0.480397 -0.000000 0.707107
End
2.924421 -0.022915 1.070511 -0.000000 0.707107 0.000000 0.707107
2.924421 -0.044270 1.058531 -0.000000 0.707107 0.000000 0.707107
End
2.924421 -0.013540 1.438216 -0.000000 0.707107 0.000000 0.707107
2.924421 -0.039060 1.378321 -0.000000 0.707107 0.000000 0.707107
End
2.943944 0.183855 1.504886 0.518863 0.480397 -0.000000 0.707107
2.927736 0.164060 1.458006 0.270556 0.653299 -0.000000 0.707107
End
2.924421 0.064585 1.528321 -0.000000 0.707107 0.000000 0.707107
2.924421 0.058335 1.492381 -0.000000 0.707107 0.000000 0.707107
End
3.015380 0.250000 1.361136 0.518863 0.480397 -0.000000 0.707107
3.006378 0.241665 1.344466 0.518863 0.480397 -0.000000 0.707107
2.997382 0.233335 1.310091 0.518863 0.480397 -0.000000 0.707107
End
2.965879 0.204165 1.496031 0.518830 0.480432 -0.000000 0.707107
2.964194 0.202605 1.486656 0.518830 0.480432 -0.000000 0.707107
2.958006 0.196875 1.462176 0.518863 0.480397 -0.000000 0.707107
End
2.924421 -0.001565 1.049676 -0.000000 0.707107 0.000000 0.707107
End
3.013690 0.248435 1.423111 0.518863 0.480397 -0.000000 0.707107
3.014257 0.248960 1.381446 0.518863 0.480397 -0.000000 0.707107
2.999628 0.235415 1.336136 0.518863 0.480397 -0.000000 0.707107
End
2.924421 -0.021875 1.096031 -0.000000 0.707107 0.000000 0.707107
2.924421 -0.027605 1.078841 -0.000000 0.707107 0.000000 0.707107
End
2.924421 -0.053125 1.387696 -0.000000 0.707107 0.000000 0.707107
2.924421 -0.076560 1.360611 -0.000000 0.707107 0.000000 0.707107
End
2.926042 0.159895 1.415821 0.225270 0.670264 -0.000000 0.707107
End
2.924421 0.096875 1.456966 -0.000000 0.707107 0.000000 0.707107
2.924421 0.076565 1.418946 -0.000000 0.707107 0.000000 0.707107
End
2.924421 0.115105 1.415301 -0.000000 0.707107 0.000000 0.707107
End
2.933831 0.174480 1.433011 0.409220 0.576662 -0.000000 0.707107
End
2.930588 0.169790 1.488216 0.333537 0.623501 -0.000000 0.707107
2.924421 0.143230 1.457486 -0.000000 0.707107 0.000000 0.707107
End
2.924421 0.027085 1.448111 -0.000000 0.707107 0.000000 0.707107
2.924421 0.022395 1.429361 -0.000000 0.707107 0.000000 0.707107
End
2.979379 0.216665 1.428841 0.518863 0.480397 -0.000000 0.707107
2.978256 0.215625 1.409051 0.518863 0.480397 -0.000000 0.707107
2.960258 0.198960 1.383531 0.518830 0.480432 -0.000000 0.707107
End
2.924421 -0.018230 1.092381 -0.000000 0.707107 0.000000 0.707107
2.924421 -0.018230 1.117386 -0.000000 0.707107 0.000000 0.707107
2.924421 -0.032815 1.137696 -0.000000 0.707107 0.000000 0.707107
End
2.924421 -0.091145 1.383531 -0.000000 0.707107 0.000000 0.707107
End
2.924421 -0.027085 1.513216 -0.000000 0.707107 0.000000 0.707107
2.924421 -0.040105 1.477281 -0.000000 0.707107 0.000000 0.707107
2.924421 -0.046355 1.447071 -0.000000 0.707107 0.000000 0.707107
End
2.931508 0.171355 1.519466 0.351795 0.613384 -0.000000 0.707107
2.924421 0.152605 1.484051 -0.000000 0.707107 0.000000 0.707107
2.924421 0.135415 1.447591 -0.000000 0.707107 0.000000 0.707107
End
3.015380 0.250000 1.329886 0.518863 0.480397 -0.000000 0.707107
3.013129 0.247915 1.288216 0.518863 0.480397 -0.000000 0.707107
2.999067 0.234895 1.254886 0.518863 0.480397 -0.000000 0.707107
End
2.959129 0.197915 1.062176 0.518831 0.480432 -0.000000 0.707107
End
2.934381 0.175000 1.453841 0.468249 0.529852 -0.000000 0.707107
End
3.014819 0.249480 1.271551 0.518863 0.480397 -0.000000 0.707107
2.996815 0.232810 1.238216 0.518863 0.480397 -0.000000 0.707107
2.985006 0.221875 1.217906 0.518863 0.480397 -0.000000 0.707107
End
2.924707 0.155210 1.110611 0.060762 0.704491 -0.000000 0.707107
End
2.924421 -0.043230 1.425196 -0.000000 0.707107 0.000000 0.707107
2.924421 -0.052605 1.398111 -0.000000 0.707107 0.000000 0.707107
End
2.924421 -0.008335 1.501236 -0.000000 0.707107 0.000000 0.707107
End
2.924421 -0.049480 1.523111 -0.000000 0.707107 0.000000 0.707107
End
3.012567 0.247395 1.163736 0.518863 0.480397 -0.000000 0.707107
3.008069 0.243230 1.130926 0.518863 0.480397 -0.000000 0.707107
3.009192 0.244270 1.101761 0.518863 0.480397 -0.000000 0.707107
End
2.924421 0.026560 1.534571 -0.000000 0.707107 0.000000 0.707107
2.924421 0.013540 1.497071 -0.000000 0.707107 0.000000 0.707107
2.924421 0.003125 1.463216 -0.000000 0.707107 0.000000 0.707107
End
2.969815 0.207810 1.384571 0.518830 0.480432 -0.000000 0.707107
2.964194 0.202605 1.363736 0.518830 0.480432 -0.000000 0.707107
2.955193 0.194270 1.346031 0.518863 0.480397 -0.000000 0.707107
End
2.924421 0.017185 1.085611 -0.000000 0.707107 0.000000 0.707107
2.924421 0.028645 1.042906 -0.000000 0.707107 0.000000 0.707107
End
2.986696 0.223440 1.430406 0.518863 0.480397 -0.000000 0.707107
2.971505 0.209375 1.407486 0.518863 0.480397 -0.000000 0.707107
End
2.924421 -0.063020 1.486656 -0.000000 0.707107 0.000000 0.707107
2.924421 -0.087500 1.450196 -0.000000 0.707107 0.000000 0.707107
2.924421 -0.097915 1.425716 -0.000000 0.707107 0.000000 0.707107
End
2.947881 0.187500 1.177281 0.518863 0.480397 -0.000000 0.707107
2.929478 0.167710 1.142906 0.302901 0.638945 -0.000000 0.707107
2.930023 0.168750 1.116341 0.317993 0.631570 -0.000000 0.707107
End
2.924421 -0.038020 1.472071 -0.000000 0.707107 0.000000 0.707107
End
2.924421 0.031770 1.119986 -0.000000 0.707107 0.000000 0.707107
2.924421 0.010415 1.115821 -0.000000 0.707107 0.000000 0.707107
2.924421 -0.010415 1.085611 -0.000000 0.707107 0.000000 0.707107
End
2.933831 0.174480 1.107486 0.409220 0.576662 -0.000000 0.707107
2.924421 0.148960 1.096031 -0.000000 0.707107 0.000000 0.707107
End
2.924421 -0.060935 1.534571 -0.000000 0.707107 0.000000 0.707107
End
2.924421 -0.020315 1.066341 -0.000000 0.707107 0.000000 0.707107
End
2.929745 0.168230 1.406966 0.318001 0.631566 -0.000000 0.707107
End
2.924421 -0.014060 1.436656 -0.000000 0.707107 0.000000 0.707107
2.924421 -0.029165 1.404361 -0.000000 0.707107 0.000000 0.707107
2.924421 -0.052605 1.370511 -0.000000 0.707107 0.000000 0.707107
End
2.924421 0.133855 1.145511 -0.000000 0.707107 0.000000 0.707107
2.924421 0.111980 1.125196 -0.000000 0.707107 0.000000 0.707107
2.924421 0.088540 1.099156 -0.000000 0.707107 0.000000 0.707107
End
2.924421 -0.061980 1.488216 -0.000000 0.707107 0.000000 0.707107
2.924421 -0.091145 1.475196 -0.000000 0.707107 0.000000 0.707107
2.924421 -0.104165 1.461656 -0.000000 0.707107 0.000000 0.707107
End
2.924421 0.140625 1.067386 -0.000000 0.707107 0.000000 0.707107
End
2.937756 0.178125 1.175716 0.518863 0.480397 -0.000000 0.707107
End
2.924421 -0.111460 1.469986 -0.000000 0.707107 0.000000 0.707107
End
2.924421 0.140625 1.116341 -0.000000 0.707107 0.000000 0.707107
2.924421 0.148440 1.130406 -0.000000 0.707107 0.000000 0.707107
2.924421 0.140105 1.152281 -0.000000 0.707107 0.000000 0.707107
End
2.924421 0.028125 1.518426 -0.000000 0.707107 0.000000 0.707107
2.924421 0.016145 1.485611 -0.000000 0.707107 0.000000 0.707107
End
3.014819 0.249480 1.196031 0.518863 0.480397 -0.000000 0.707107
2.997382 0.233335 1.177801 0.518863 0.480397 -0.000000 0.707107
2.984444 0.221355 1.139256 0.518863 0.480397 -0.000000 0.707107
End
2.924421 -0.026040 1.141861 -0.000000 0.707107 0.000000 0.707107
2.924421 -0.039585 1.144466 -0.000000 0.707107 0.000000 0.707107
2.924421 -0.067710 1.128841 -0.000000 0.707107 0.000000 0.707107
End
2.924421 0.101040 1.453841 -0.000000 0.707107 0.000000 0.707107
2.924421 0.072915 1.435091 -0.000000 0.707107 0.000000 0.707107
2.924421 0.060415 1.406966 -0.000000 0.707107 0.000000 0.707107
End
2.924421 0.017710 1.411656 -0.000000 0.707107 0.000000 0.707107
2.924421 0.016665 1.375196 -0.000000 0.707107 0.000000 0.707107
End
2.927064 0.162500 1.148111 0.250221 0.661354 -0.000000 0.707107
2.924421 0.149480 1.113736 -0.000000 0.707107 0.000000 0.707107
End
2.933831 0.174480 1.514256 0.409220 0.576662 -0.000000 0.707107
2.929216 0.167190 1.513216 0.302930 0.638931 -0.000000 0.707107
2.924421 0.145835 1.513736 -0.000000 0.707107 0.000000 0.707107
End
2.924421 0.000520 1.534051 -0.000000 0.707107 0.000000 0.707107
2.924421 -0.018230 1.508011 -0.000000 0.707107 0.000000 0.707107
End
3.015380 0.250000 1.375196 0.518863 0.480397 -0.000000 0.707107
3.005817 0.241145 1.338736 0.518863 0.480397 -0.000000 0.707107
2.999067 0.234895 1.326236 0.518863 0.480397 -0.000000 0.707107
End
2.924421 0.109375 1.124676 -0.000000 0.707107 0.000000 0.707107
2.924421 0.091145 1.083011 -0.000000 0.707107 0.000000 0.707107
2.924421 0.068750 1.063736 -0.000000 0.707107 0.000000 0.707107
End
2.974319 0.211980 1.190301 0.518863 0.480397 -0.000000 0.707107
End
2.924421 0.082815 1.403841 -0.000000 0.707107 0.000000 0.707107
2.924421 0.054690 1.393426 -0.000000 0.707107 0.000000 0.707107
2.924421 0.026040 1.376761 -0.000000 0.707107 0.000000 0.707107
End
2.924421 0.032810 1.452281 -0.000000 0.707107 0.000000 0.707107
2.924421 0.003645 1.429361 -0.000000 0.707107 0.000000 0.707107
2.924421 -0.017190 1.393426 -0.000000 0.707107 0.000000 0.707107
End
2.924421 -0.035940 1.490301 -0.000000 0.707107 0.000000 0.707107
2.924421 -0.056250 1.464261 -0.000000 0.707107 0.000000 0.707107
2.924421 -0.076040 1.440301 -0.000000 0.707107 0.000000 0.707107
End
2.924421 -0.114065 1.363736 -0.000000 0.707107 0.000000 0.707107
End
2.924421 0.024480 1.485611 -0.000000 0.707107 0.000000 0.707107
2.924421 0.032290 1.443426 -0.000000 0.707107 0.000000 0.707107
2.924421 0.021875 1.416341 -0.000000 0.707107 0.000000 0.707107
End
2.924421 -0.078125 1.140821 -0.000000 0.707107 0.000000 0.707107
End
2.924421 -0.033335 1.531446 -0.000000 0.707107 0.000000 0.707107
2.924421 -0.059895 1.505926 -0.000000 0.707107 0.000000 0.707107
End
2.924421 -0.062500 1.096031 -0.000000 0.707107 0.000000 0.707107
End
2.972628 0.210415 1.401236 0.518863 0.480397 -0.000000 0.707107
End
2.979941 0.217185 1.435091 0.518863 0.480397 -0.000000 0.707107
End
2.924421 0.146875 1.521551 -0.000000 0.707107 0.000000 0.707107
2.924421 0.138540 1.506446 -0.000000 0.707107 0.000000 0.707107
2.924421 0.110935 1.500716 -0.000000 0.707107 0.000000 0.707107
End
2.927064 0.162500 1.469986 0.250201 0.661362 -0.000000 0.707107
End
2.924421 -0.023960 1.534051 -0.000000 0.707107 0.000000 0.707107
2.924421 -0.045310 1.526236 -0.000000 0.707107 0.000000 0.707107
2.924421 -0.075000 1.496031 -0.000000 0.707107 0.000000 0.707107
End
2.924421 0.011460 1.486131 -0.000000 0.707107 0.000000 0.707107
End
3.015380 0.250000 1.468946 0.518863 0.480397 -0.000000 0.707107
3.015380 0.250000 1.441861 0.518863 0.480397 -0.000000 0.707107
3.008069 0.243230 1.408011 0.518863 0.480397 -0.000000 0.707107
End
2.924421 0.095835 1.459051 -0.000000 0.707107 0.000000 0.707107
2.924421 0.079165 1.425716 -0.000000 0.707107 0.000000 0.707107
2.924421 0.050000 1.390301 -0.000000 0.707107 0.000000 0.707107
End
2.924421 0.001560 1.378321 -0.000000 0.707107 0.000000 0.707107
End
2.963632 0.202085 1.417906 0.518830 0.480432 -0.000000 0.707107
2.950133 0.189585 1.402801 0.518863 0.480397 -0.000000 0.707107
End
2.924421 -0.129165 1.092381 -0.000000 0.707107 0.000000 0.707107
2.924421 -0.126040 1.081446 -0.000000 0.707107 0.000000 0.707107
2.924421 -0.131770 1.073111 -0.000000 0.707107 0.000000 0.707107
End
2.929478 0.167710 1.422591 0.302917 0.638938 -0.000000 0.707107
End
2.950133 0.189585 1.073111 0.518863 0.480397 -0.000000 0.707107
End
2.924421 -0.070835 1.479881 -0.000000 0.707107 0.000000 0.707107
2.924421 -0.096875 1.433531 -0.000000 0.707107 0.000000 0.707107
End
2.924421 -0.015105 1.478321 -0.000000 0.707107 0.000000 0.707107
2.924421 -0.041665 1.450196 -0.000000 0.707107 0.000000 0.707107
End
2.924421 -0.023440 1.432486 -0.000000 0.707107 0.000000 0.707107
2.924421 -0.045310 1.416861 -0.000000 0.707107 0.000000 0.707107
2.924421 -0.075000 1.388216 -0.000000 0.707107 0.000000 0.707107
End
2.924421 0.100520 1.526236 -0.000000 0.707107 0.000000 0.707107
2.924421 0.072395 1.488736 -0.000000 0.707107 0.000000 0.707107
2.924421 0.050520 1.468946 -0.000000 0.707107 0.000000 0.707107
End
2.933372 0.173960 1.143946 0.409252 0.576639 -0.000000 0.707107
2.924421 0.150000 1.135611 -0.000000 0.707107 0.000000 0.707107
End
2.924421 0.019270 1.124156 -0.000000 0.707107 0.000000 0.707107
2.924421 0.006770 1.121031 -0.000000 0.707107 0.000000 0.707107
2.924421 -0.019790 1.086136 -0.000000 0.707107 0.000000 0.707107
End
2.924421 0.069790 1.118946 -0.000000 0.707107 0.000000 0.707107
2.924421 0.048960 1.096031 -0.000000 0.707107 0.000000 0.707107
2.924421 0.040105 1.051236 -0.000000 0.707107 0.000000 0.707107
End
2.924421 0.003125 1.455406 -0.000000 0.707107 0.000000 0.707107
2.924421 -0.015625 1.416861 -0.000000 0.707107 0.000000 0.707107
2.924421 -0.030730 1.380406 -0.000000 0.707107 0.000000 0.707107
End
2.924421 -0.056770 1.525716 -0.000000 0.707107 0.000000 0.707107
End
2.924421 -0.033335 1.455926 -0.000000 0.707107 0.000000 0.707107
2.924421 -0.057290 1.438216 -0.000000 0.707107 0.000000 0.707107
End
2.924421 -0.039060 1.451761 -0.000000 0.707107 0.000000 0.707107
2.924421 -0.057290 1.441341 -0.000000 0.707107 0.000000 0.707107
End
