0.500000 0.500000
3.000085 -0.220835 1.452801 -0.518863 0.480397 0.000000 0.707107
3.013018 -0.232810 1.415821 -0.518863 0.480397 0.000000 0.707107
End
2.924421 -0.066145 1.084051 -0.000000 0.707107 0.000000 0.707107
2.924421 -0.066145 1.094466 -0.000000 0.707107 0.000000 0.707107
2.924421 -0.070835 1.110091 -0.000000 0.707107 0.000000 0.707107
End
3.002898 -0.223440 1.429361 -0.518863 0.480397 0.000000 0.707107
End
2.941582 -0.166665 1.497591 -0.518863 0.480397 0.000000 0.707107
2.953397 -0.177605 1.487696 -0.518863 0.480397 0.000000 0.707107
2.974209 -0.196875 1.456446 -0.518830 0.480432 0.000000 0.707107
End
2.965207 -0.188540 1.530926 -0.518863 0.480397 0.000000 0.707107
2.983772 -0.205730 1.528321 -0.518863 0.480397 0.000000 0.707107
End
2.957895 -0.181770 1.314261 -0.518863 0.480397 0.000000 0.707107
End
2.984333 -0.206250 1.372591 -0.518863 0.480397 0.000000 0.707107
End
2.980958 -0.203125 1.525196 -0.518831 0.480432 0.000000 0.707107
End
2.964084 -0.187500 1.370511 -0.518863 0.480397 0.000000 0.707107
End
2.924421 -0.106250 1.072591 -0.000000 0.707107 0.000000 0.707107
2.924421 -0.120835 1.052801 -0.000000 0.707107 0.000000 0.707107
End
2.924421 0.001040 1.310091 -0.000000 0.707107 0.000000 0.707107
2.924421 -0.013540 1.314781 -0.000000 0.707107 0.000000 0.707107
2.924421 -0.031770 1.301236 -0.000000 0.707107 0.000000 0.707107
End
2.924421 -0.056250 1.043946 -0.000000 0.707107 0.000000 0.707107
2.924421 -0.060935 1.050196 -0.000000 0.707107 0.000000 0.707107
2.924421 -0.059895 1.055926 -0.000000 0.707107 0.000000 0.707107
End
2.924421 -0.125000 1.530926 -0.000000 0.707107 0.000000 0.707107
2.924421 -0.135415 1.489261 -0.061082 0.704464 0.000000 0.707107
2.929420 -0.152605 1.467386 -0.331697 0.624481 0.000000 0.707107
End
3.015380 0.250000 1.088216 0.518863 0.480397 -0.000000 0.707107
3.012567 0.247395 1.081966 0.518863 0.480397 -0.000000 0.707107
3.009192 0.244270 1.072591 0.518863 0.480397 -0.000000 0.707107
End
2.924421 -0.060935 1.083011 -0.000000 0.707107 0.000000 0.707107
2.924421 -0.059375 1.071551 -0.000000 0.707107 0.000000 0.707107
2.924421 -0.061980 1.059051 -0.000000 0.707107 0.000000 0.707107
End
2.924421 -0.128645 1.129361 -0.000000 0.707107 0.000000 0.707107
End
3.002898 -0.223440 1.099676 -0.518863 0.480397 0.000000 0.707107
End
2.924421 0.076040 1.257486 -0.000000 0.707107 0.000000 0.707107
2.924421 0.076565 1.247071 -0.000000 0.707107 0.000000 0.707107
2.924421 0.075000 1.221551 -0.000000 0.707107 0.000000 0.707107
End
3.009643 -0.229685 1.332486 -0.518863 0.480397 0.000000 0.707107
End
2.998956 -0.219790 1.354881 -0.518863 0.480397 0.000000 0.707107
End
2.924421 -0.022915 1.289261 -0.000000 0.707107 0.000000 0.707107
End
2.924421 0.007810 1.372591 -0.000000 0.707107 0.000000 0.707107
2.924421 -0.005210 1.363736 -0.000000 0.707107 0.000000 0.707107
2.924421 -0.010935 1.343426 -0.000000 0.707107 0.000000 0.707107
End
2.924421 -0.133335 1.365301 -0.061209 0.704453 0.000000 0.707107
2.929161 -0.152085 1.336656 -0.331706 0.624477 0.000000 0.707107
2.948898 -0.173440 1.301756 -0.518863 0.480397 0.000000 0.707107
End
2.924421 -0.031770 1.161656 -0.000000 0.707107 0.000000 0.707107
2.924421 -0.052605 1.147591 -0.000000 0.707107 0.000000 0.707107
End
2.924421 0.069270 1.331446 -0.000000 0.707107 0.000000 0.707107
2.924421 0.071875 1.351761 -0.000000 0.707107 0.000000 0.707107
2.924421 0.060415 1.362696 -0.000000 0.707107 0.000000 0.707107
End
2.924421 0.062500 1.361656 -0.000000 0.707107 0.000000 0.707107
2.924421 0.055210 1.367386 -0.000000 0.707107 0.000000 0.707107
2.924421 0.045835 1.371031 -0.000000 0.707107 0.000000 0.707107
End
2.924421 -0.079690 1.092906 -0.000000 0.707107 0.000000 0.707107
2.924421 -0.097395 1.062696 -0.000000 0.707107 0.000000 0.707107
2.924421 -0.120835 1.046031 -0.000000 0.707107 0.000000 0.707107
End
2.924421 0.151040 1.156446 -0.000000 0.707107 0.000000 0.707107
2.924421 0.144270 1.153841 -0.000000 0.707107 0.000000 0.707107
2.924421 0.130730 1.150716 -0.000000 0.707107 0.000000 0.707107
End
3.014708 -0.234375 1.291861 -0.518863 0.480397 0.000000 0.707107
End
2.957895 -0.181770 1.364781 -0.518863 0.480397 0.000000 0.707107
End
2.924421 -0.108855 1.094986 -0.000000 0.707107 0.000000 0.707107
End
2.924421 -0.030730 1.163736 -0.000000 0.707107 0.000000 0.707107
2.924421 -0.035415 1.157486 -0.000000 0.707107 0.000000 0.707107
2.924421 -0.049480 1.148636 -0.000000 0.707107 0.000000 0.707107
End
2.924421 0.019270 1.302801 -0.000000 0.707107 0.000000 0.707107
2.924421 0.005210 1.305926 -0.000000 0.707107 0.000000 0.707107
2.924421 -0.010415 1.293426 -0.000000 0.707107 0.000000 0.707107
End
2.974880 0.212500 1.251236 0.518863 0.480397 -0.000000 0.707107
2.973196 0.210940 1.242906 0.518863 0.480397 -0.000000 0.707107
2.972067 0.209895 1.230926 0.518863 0.480397 -0.000000 0.707107
End
2.924421 -0.122395 1.397071 -0.000000 0.707107 0.000000 0.707107
2.924421 -0.128645 1.369466 -0.000000 0.707107 0.000000 0.707107
2.929960 -0.153645 1.364256 -0.350445 0.614156 0.000000 0.707107
End
2.924421 -0.001565 1.149676 -0.000000 0.707107 0.000000 0.707107
2.924421 -0.030210 1.156446 -0.000000 0.707107 0.000000 0.707107
2.924421 -0.054690 1.151236 -0.000000 0.707107 0.000000 0.707107
End
2.924421 0.067710 1.147071 -0.000000 0.707107 0.000000 0.707107
2.924421 0.063020 1.135611 -0.000000 0.707107 0.000000 0.707107
2.924421 0.048960 1.127281 -0.000000 0.707107 0.000000 0.707107
End
2.938318 0.178645 1.035091 0.518863 0.480397 -0.000000 0.707107
End
3.000085 -0.220835 1.505406 -0.518863 0.480397 0.000000 0.707107
End
2.924421 -0.118230 1.443426 -0.000000 0.707107 0.000000 0.707107
2.924421 -0.119790 1.414781 -0.000000 0.707107 0.000000 0.707107
2.925331 -0.142710 1.386656 -0.223687 0.670794 0.000000 0.707107
End
2.924421 0.004690 1.271031 -0.000000 0.707107 0.000000 0.707107
2.924421 -0.003645 1.267381 -0.000000 0.707107 0.000000 0.707107
2.924421 -0.011980 1.269986 -0.000000 0.707107 0.000000 0.707107
End
2.969149 -0.192190 1.355406 -0.518863 0.480397 0.000000 0.707107
End
2.969149 -0.192190 1.097071 -0.518863 0.480397 0.000000 0.707107
2.966335 -0.189585 1.112176 -0.518863 0.480397 0.000000 0.707107
2.969710 -0.192710 1.126236 -0.518863 0.480397 0.000000 0.707107
End
3.003460 -0.223960 1.068946 -0.518863 0.480397 0.000000 0.707107
End
2.924421 -0.117190 1.367386 -0.000000 0.707107 0.000000 0.707107
2.924421 -0.133855 1.344986 -0.061177 0.704455 0.000000 0.707107
2.931436 -0.156250 1.310611 -0.409411 0.576527 0.000000 0.707107
End
2.931187 0.170835 1.534571 0.333501 0.623520 -0.000000 0.707107
End
2.924421 -0.108855 1.533531 -0.000000 0.707107 0.000000 0.707107
2.924421 -0.125520 1.534571 -0.000000 0.707107 0.000000 0.707107
2.925185 -0.142190 1.534571 -0.223704 0.670788 0.000000 0.707107
End
3.015270 -0.234895 1.512696 -0.518863 0.480397 0.000000 0.707107
End
2.946647 -0.171355 1.507486 -0.518863 0.480397 0.000000 0.707107
End
2.928406 -0.150520 1.035091 -0.315424 0.632857 0.000000 0.707107
End
3.023710 -0.242710 1.344466 -0.518863 0.480397 0.000000 0.707107
End
2.924421 0.014585 1.303321 -0.000000 0.707107 0.000000 0.707107
2.924421 -0.010935 1.296031 -0.000000 0.707107 0.000000 0.707107
2.924421 -0.026560 1.279881 -0.000000 0.707107 0.000000 0.707107
End
2.974880 0.212500 1.309051 0.518863 0.480397 -0.000000 0.707107
2.964194 0.202605 1.323111 0.518830 0.480432 -0.000000 0.707107
2.956883 0.195835 1.329361 0.518863 0.480397 -0.000000 0.707107
End
3.015380 0.250000 1.534571 0.518863 0.480397 -0.000000 0.707107
3.013690 0.248435 1.511131 0.518863 0.480397 -0.000000 0.707107
2.999628 0.235415 1.506446 0.518863 0.480397 -0.000000 0.707107
End
3.015380 0.250000 1.480926 0.518863 0.480397 -0.000000 0.707107
3.013129 0.247915 1.493426 0.518863 0.480397 -0.000000 0.707107
3.015380 0.250000 1.514256 0.518863 0.480397 -0.000000 0.707107
End
2.924421 -0.121355 1.381966 -0.000000 0.707107 0.000000 0.707107
2.927697 -0.148960 1.365301 -0.300563 0.640048 0.000000 0.707107
2.938768 -0.164060 1.328321 -0.518863 0.480397 0.000000 0.707107
End
2.924421 -0.118750 1.427281 -0.000000 0.707107 0.000000 0.707107
2.924421 -0.120835 1.417381 -0.000000 0.707107 0.000000 0.707107
2.924421 -0.129690 1.393946 -0.000000 0.707107 0.000000 0.707107
End
3.014257 0.248960 1.506966 0.518863 0.480397 -0.000000 0.707107
2.999628 0.235415 1.522591 0.518863 0.480397 -0.000000 0.707107
3.001319 0.236980 1.534571 0.518863 0.480397 -0.000000 0.707107
End
3.017522 -0.236980 1.335611 -0.518863 0.480397 0.000000 0.707107
End
2.924421 -0.113020 1.534571 -0.000000 0.707107 0.000000 0.707107
2.924421 -0.129165 1.534571 -0.000000 0.707107 0.000000 0.707107
2.925331 -0.142710 1.509051 -0.223687 0.670794 0.000000 0.707107
End
2.942711 -0.167710 1.042906 -0.518863 0.480397 0.000000 0.707107
End
2.924421 -0.115105 1.476236 -0.000000 0.707107 0.000000 0.707107
2.924421 -0.120835 1.465821 -0.000000 0.707107 0.000000 0.707107
2.924421 -0.117710 1.456966 -0.000000 0.707107 0.000000 0.707107
End
2.924421 0.026560 1.370511 -0.000000 0.707107 0.000000 0.707107
2.924421 0.008855 1.367386 -0.000000 0.707107 0.000000 0.707107
2.924421 -0.009895 1.360611 -0.000000 0.707107 0.000000 0.707107
End
2.924421 -0.115625 1.378841 -0.000000 0.707107 0.000000 0.707107
2.924421 -0.133335 1.352801 -0.061209 0.704453 0.000000 0.707107
2.928899 -0.151560 1.346031 -0.331714 0.624472 0.000000 0.707107
End
2.993335 -0.214585 1.315301 -0.518862 0.480397 0.000000 0.707107
End
2.924421 -0.108335 1.533006 -0.000000 0.707107 0.000000 0.707107
2.924421 -0.116145 1.533531 -0.000000 0.707107 0.000000 0.707107
2.925836 -0.144270 1.510091 -0.248589 0.661970 0.000000 0.707107
End
2.924421 -0.112500 1.514781 -0.000000 0.707107 0.000000 0.707107
2.924421 -0.114065 1.521551 -0.000000 0.707107 0.000000 0.707107
2.924421 -0.119790 1.534571 -0.000000 0.707107 0.000000 0.707107
End
3.029331 -0.247915 1.297591 -0.518863 0.480397 0.000000 0.707107
End
2.924421 -0.029685 1.290301 -0.000000 0.707107 0.000000 0.707107
2.924421 -0.025520 1.306966 -0.000000 0.707107 0.000000 0.707107
2.924421 -0.038020 1.323111 -0.000000 0.707107 0.000000 0.707107
End
3.002331 -0.222915 1.162176 -0.518863 0.480397 0.000000 0.707107
3.003460 -0.223960 1.181446 -0.518863 0.480397 0.000000 0.707107
3.019207 -0.238540 1.187696 -0.518863 0.480397 0.000000 0.707107
End
2.924421 0.105730 1.233006 -0.000000 0.707107 0.000000 0.707107
2.924421 0.101040 1.224156 -0.000000 0.707107 0.000000 0.707107
2.924421 0.079685 1.210611 -0.000000 0.707107 0.000000 0.707107
End
2.961270 -0.184895 1.462176 -0.518863 0.480397 0.000000 0.707107
End
2.962960 -0.186460 1.071031 -0.518863 0.480397 0.000000 0.707107
End
2.924421 -0.109375 1.534571 -0.000000 0.707107 0.000000 0.707107
2.924421 -0.126565 1.520506 -0.000000 0.707107 0.000000 0.707107
2.924421 -0.119790 1.488216 -0.000000 0.707107 0.000000 0.707107
End
2.924421 -0.064585 1.152801 -0.000000 0.707107 0.000000 0.707107
2.924421 -0.092185 1.161656 -0.000000 0.707107 0.000000 0.707107
End
2.924421 -0.117710 1.392906 -0.000000 0.707107 0.000000 0.707107
2.924421 -0.120835 1.369466 -0.000000 0.707107 0.000000 0.707107
2.924421 -0.137500 1.347591 -0.060955 0.704475 0.000000 0.707107
End
2.965207 -0.188540 1.384051 -0.518863 0.480397 0.000000 0.707107
End
2.942144 -0.167185 1.114261 -0.518863 0.480397 0.000000 0.707107
2.953397 -0.177605 1.092381 -0.518863 0.480397 0.000000 0.707107
2.968020 -0.191145 1.075196 -0.518863 0.480397 0.000000 0.707107
End
2.933372 0.173960 1.533531 0.409252 0.576639 -0.000000 0.707107
2.925687 0.158855 1.533006 0.191158 0.680778 -0.000000 0.707107
2.924421 0.143230 1.534571 -0.000000 0.707107 0.000000 0.707107
End
2.958006 0.196875 1.509051 0.518863 0.480397 -0.000000 0.707107
End
2.924421 -0.123435 1.427281 -0.000000 0.707107 0.000000 0.707107
2.924421 -0.118750 1.402801 -0.000000 0.707107 0.000000 0.707107
2.924421 -0.127605 1.391861 -0.000000 0.707107 0.000000 0.707107
End
2.997271 -0.218230 1.090301 -0.518863 0.480397 0.000000 0.707107
3.014708 -0.234375 1.041861 -0.518863 0.480397 0.000000 0.707107
End
2.924421 0.061460 1.261656 -0.000000 0.707107 0.000000 0.707107
2.924421 0.058855 1.297071 -0.000000 0.707107 0.000000 0.707107
2.924421 0.060940 1.327801 -0.000000 0.707107 0.000000 0.707107
End
2.949004 0.188540 1.506966 0.518863 0.480397 -0.000000 0.707107
End
2.962960 -0.186460 1.442381 -0.518863 0.480397 0.000000 0.707107
2.959585 -0.183335 1.393946 -0.518863 0.480397 0.000000 0.707107
End
3.006268 -0.226560 1.371551 -0.518863 0.480397 0.000000 0.707107
End
2.924421 0.078125 1.233006 -0.000000 0.707107 0.000000 0.707107
2.924421 0.069270 1.249676 -0.000000 0.707107 0.000000 0.707107
2.924421 0.065625 1.276236 -0.000000 0.707107 0.000000 0.707107
End
2.924421 -0.007810 1.200716 -0.000000 0.707107 0.000000 0.707107
End
2.993896 -0.215105 1.457486 -0.518862 0.480397 0.000000 0.707107
End
2.924421 0.087500 1.390301 -0.000000 0.707107 0.000000 0.707107
2.924421 0.080210 1.389256 -0.000000 0.707107 0.000000 0.707107
2.924421 0.065625 1.388216 -0.000000 0.707107 0.000000 0.707107
End
2.927064 0.162500 1.388216 0.250207 0.661360 -0.000000 0.707107
2.924602 0.154690 1.392906 0.060804 0.704488 -0.000000 0.707107
2.924421 0.145835 1.396031 -0.000000 0.707107 0.000000 0.707107
End
3.027085 -0.245835 1.397591 -0.518863 0.480397 0.000000 0.707107
End
2.983772 -0.205730 1.395506 -0.518863 0.480397 0.000000 0.707107
End
2.962393 -0.185935 1.134051 -0.518863 0.480397 0.000000 0.707107
2.966897 -0.190105 1.126756 -0.518863 0.480397 0.000000 0.707107
2.975332 -0.197915 1.122071 -0.518830 0.480432 0.000000 0.707107
End
2.924421 0.106250 1.235091 -0.000000 0.707107 0.000000 0.707107
2.924421 0.104165 1.227281 -0.000000 0.707107 0.000000 0.707107
2.924421 0.081770 1.218426 -0.000000 0.707107 0.000000 0.707107
End
2.924421 -0.117710 1.459571 -0.000000 0.707107 0.000000 0.707107
2.924421 -0.127085 1.451236 -0.000000 0.707107 0.000000 0.707107
2.927241 -0.147915 1.434051 -0.285082 0.647092 0.000000 0.707107
End
2.924421 -0.056770 1.160091 -0.000000 0.707107 0.000000 0.707107
2.924421 -0.070835 1.153321 -0.000000 0.707107 0.000000 0.707107
2.924421 -0.099480 1.152281 -0.000000 0.707107 0.000000 0.707107
End
2.998394 -0.219270 1.469466 -0.518863 0.480397 0.000000 0.707107
End
2.996710 -0.217710 1.453841 -0.518863 0.480397 0.000000 0.707107
End
2.924421 -0.125000 1.390821 -0.000000 0.707107 0.000000 0.707107
2.924421 -0.129165 1.373631 -0.000000 0.707107 0.000000 0.707107
2.924483 -0.138540 1.343426 -0.141364 0.692832 0.000000 0.707107
End
2.986585 -0.208335 1.509051 -0.518863 0.480397 0.000000 0.707107
End
2.924421 -0.116665 1.423636 -0.000000 0.707107 0.000000 0.707107
2.924421 -0.136460 1.418426 -0.061018 0.704469 0.000000 0.707107
2.929161 -0.152085 1.409571 -0.331706 0.624477 0.000000 0.707107
End
2.987257 0.223960 1.066341 0.518863 0.480397 -0.000000 0.707107
End
2.924421 -0.117190 1.417906 -0.000000 0.707107 0.000000 0.707107
2.924421 -0.118750 1.393946 -0.000000 0.707107 0.000000 0.707107
2.924421 -0.117710 1.386656 -0.000000 0.707107 0.000000 0.707107
End
3.030460 -0.248960 1.314261 -0.518830 0.480432 0.000000 0.707107
End
3.022020 -0.241145 1.341341 -0.518863 0.480397 0.000000 0.707107
End
2.957333 -0.181250 1.110611 -0.518863 0.480397 0.000000 0.707107
2.979268 -0.201560 1.106446 -0.518830 0.480432 0.000000 0.707107
2.982082 -0.204165 1.080926 -0.518863 0.480397 0.000000 0.707107
End
2.924421 -0.109375 1.534571 -0.000000 0.707107 0.000000 0.707107
2.924421 -0.125000 1.528841 -0.000000 0.707107 0.000000 0.707107
2.924421 -0.136460 1.513736 -0.061018 0.704469 0.000000 0.707107
End
3.004583 -0.225000 1.185091 -0.518863 0.480397 0.000000 0.707107
3.011895 -0.231770 1.174156 -0.518863 0.480397 0.000000 0.707107
3.031022 -0.249480 1.147591 -0.518830 0.480432 0.000000 0.707107
End
2.963522 -0.186980 1.534571 -0.518863 0.480397 0.000000 0.707107
End
2.924421 0.033335 1.164781 -0.000000 0.707107 0.000000 0.707107
2.924421 0.025000 1.160611 -0.000000 0.707107 0.000000 0.707107
2.924421 0.014065 1.165821 -0.000000 0.707107 0.000000 0.707107
End
2.970272 -0.193230 1.396551 -0.518830 0.480432 0.000000 0.707107
End
3.015380 0.250000 1.534571 0.518863 0.480397 -0.000000 0.707107
3.014257 0.248960 1.527801 0.518863 0.480397 -0.000000 0.707107
3.005255 0.240625 1.496031 0.518863 0.480397 -0.000000 0.707107
End
2.957895 -0.181770 1.515821 -0.518863 0.480397 0.000000 0.707107
End
2.973085 -0.195835 1.362696 -0.518830 0.480432 0.000000 0.707107
2.973647 -0.196355 1.341341 -0.518830 0.480432 0.000000 0.707107
2.987147 -0.208855 1.317906 -0.518863 0.480397 0.000000 0.707107
End
3.005145 -0.225520 1.505406 -0.518863 0.480397 0.000000 0.707107
End
2.929745 0.168230 1.531446 0.318001 0.631566 -0.000000 0.707107
2.924421 0.147915 1.534051 -0.000000 0.707107 0.000000 0.707107
End
3.008520 -0.228645 1.055406 -0.518863 0.480397 0.000000 0.707107
3.022020 -0.241145 1.040301 -0.518863 0.480397 0.000000 0.707107
End
2.924421 0.058855 1.284571 -0.000000 0.707107 0.000000 0.707107
2.924421 0.058335 1.304886 -0.000000 0.707107 0.000000 0.707107
2.924421 0.052605 1.339261 -0.000000 0.707107 0.000000 0.707107
End
2.998394 -0.219270 1.526761 -0.518863 0.480397 0.000000 0.707107
End
2.924421 -0.071875 1.116341 -0.000000 0.707107 0.000000 0.707107
2.924421 -0.074480 1.123631 -0.000000 0.707107 0.000000 0.707107
2.924421 -0.082290 1.128841 -0.000000 0.707107 0.000000 0.707107
End
2.996710 -0.217710 1.412176 -0.518863 0.480397 0.000000 0.707107
End
2.924421 0.063540 1.361136 -0.000000 0.707107 0.000000 0.707107
2.924421 0.061980 1.336656 -0.000000 0.707107 0.000000 0.707107
2.924421 0.054690 1.299676 -0.000000 0.707107 0.000000 0.707107
End
2.924421 -0.132810 1.126236 -0.000000 0.707107 0.000000 0.707107
2.929684 -0.153125 1.111656 -0.350455 0.614151 0.000000 0.707107
2.948898 -0.173440 1.078841 -0.518863 0.480397 0.000000 0.707107
End
2.973647 -0.196355 1.455926 -0.518830 0.480432 0.000000 0.707107
End
3.031022 -0.249480 1.097071 -0.518830 0.480432 0.000000 0.707107
3.029331 -0.247915 1.068946 -0.518863 0.480397 0.000000 0.707107
End
3.015380 0.250000 1.534571 0.518863 0.480397 -0.000000 0.707107
3.013129 0.247915 1.531446 0.518863 0.480397 -0.000000 0.707107
3.001880 0.237500 1.503321 0.518863 0.480397 -0.000000 0.707107
End
2.924421 0.061460 1.288216 -0.000000 0.707107 0.000000 0.707107
2.924421 0.067710 1.269986 -0.000000 0.707107 0.000000 0.707107
2.924421 0.058335 1.237696 -0.000000 0.707107 0.000000 0.707107
End
2.924421 -0.118750 1.393946 -0.000000 0.707107 0.000000 0.707107
2.924421 -0.127605 1.343426 -0.000000 0.707107 0.000000 0.707107
2.924483 -0.138540 1.329886 -0.141364 0.692832 0.000000 0.707107
End
2.924421 -0.117710 1.507486 -0.000000 0.707107 0.000000 0.707107
2.924421 -0.118750 1.493946 -0.000000 0.707107 0.000000 0.707107
2.924421 -0.119270 1.472591 -0.000000 0.707107 0.000000 0.707107
End
3.008520 -0.228645 1.341341 -0.518863 0.480397 0.000000 0.707107
End
2.966335 -0.189585 1.508011 -0.518863 0.480397 0.000000 0.707107
End
2.924421 -0.136460 1.448631 -0.061018 0.704469 0.000000 0.707107
2.927241 -0.147915 1.412176 -0.285082 0.647092 0.000000 0.707107
2.936521 -0.161980 1.375716 -0.518863 0.480397 0.000000 0.707107
End
2.975893 -0.198435 1.075196 -0.518830 0.480432 0.000000 0.707107
2.983772 -0.205730 1.035611 -0.518863 0.480397 0.000000 0.707107
End
2.952941 0.192185 1.045506 0.518863 0.480397 -0.000000 0.707107
End
2.938768 -0.164060 1.498111 -0.518863 0.480397 0.000000 0.707107
End
2.924421 -0.119270 1.406446 -0.000000 0.707107 0.000000 0.707107
2.924421 -0.126565 1.394466 -0.000000 0.707107 0.000000 0.707107
2.924528 -0.139060 1.373111 -0.141323 0.692840 0.000000 0.707107
End
2.933372 0.173960 1.534571 0.409252 0.576639 -0.000000 0.707107
2.924421 0.148440 1.524676 -0.000000 0.707107 0.000000 0.707107
End
2.924421 0.025520 1.202801 -0.000000 0.707107 0.000000 0.707107
2.924421 0.010935 1.240821 -0.000000 0.707107 0.000000 0.707107
2.924421 0.002085 1.248631 -0.000000 0.707107 0.000000 0.707107
End
3.020335 -0.239585 1.486131 -0.518863 0.480397 0.000000 0.707107
End
2.982193 0.219270 1.060091 0.518863 0.480397 -0.000000 0.707107
End
2.924421 -0.069270 1.110091 -0.000000 0.707107 0.000000 0.707107
2.924421 -0.086460 1.082486 -0.000000 0.707107 0.000000 0.707107
2.924421 -0.109895 1.056446 -0.000000 0.707107 0.000000 0.707107
End
3.025395 -0.244270 1.461656 -0.518863 0.480397 0.000000 0.707107
End
2.947319 0.186980 1.520506 0.518863 0.480397 -0.000000 0.707107
End
2.924421 0.150520 1.411656 -0.000000 0.707107 0.000000 0.707107
2.924421 0.136980 1.406446 -0.000000 0.707107 0.000000 0.707107
2.924421 0.131250 1.403841 -0.000000 0.707107 0.000000 0.707107
End
2.987819 0.224480 1.487176 0.518863 0.480397 -0.000000 0.707107
End
3.028208 -0.246875 1.489261 -0.518863 0.480397 0.000000 0.707107
End
2.924421 -0.108855 1.529361 -0.000000 0.707107 0.000000 0.707107
2.924421 -0.122915 1.534571 -0.000000 0.707107 0.000000 0.707107
2.926815 -0.146875 1.534571 -0.285100 0.647084 0.000000 0.707107
End
2.924421 -0.116145 1.457486 -0.000000 0.707107 0.000000 0.707107
2.924421 -0.121355 1.449676 -0.000000 0.707107 0.000000 0.707107
2.924421 -0.130210 1.440301 -0.000000 0.707107 0.000000 0.707107
End
2.997833 -0.218750 1.434051 -0.518863 0.480397 0.000000 0.707107
3.013018 -0.232810 1.407486 -0.518863 0.480397 0.000000 0.707107
3.031022 -0.249480 1.399156 -0.518830 0.480432 0.000000 0.707107
End
2.924421 -0.092710 1.348111 -0.000000 0.707107 0.000000 0.707107
2.924421 -0.104165 1.343426 -0.000000 0.707107 0.000000 0.707107
2.924421 -0.114065 1.338736 -0.000000 0.707107 0.000000 0.707107
End
3.007397 -0.227605 1.380406 -0.518863 0.480397 0.000000 0.707107
End
2.927467 -0.148440 1.062176 -0.300571 0.640045 0.000000 0.707107
2.928899 -0.151560 1.050196 -0.331714 0.624472 0.000000 0.707107
2.935960 -0.161460 1.044466 -0.518863 0.480397 0.000000 0.707107
End
3.030460 -0.248960 1.041341 -0.518830 0.480432 0.000000 0.707107
End
3.005706 -0.226040 1.356446 -0.518863 0.480397 0.000000 0.707107
End
2.983210 -0.205210 1.067386 -0.518863 0.480397 0.000000 0.707107
End
2.924421 -0.119270 1.422591 -0.000000 0.707107 0.000000 0.707107
2.924421 -0.121355 1.402801 -0.000000 0.707107 0.000000 0.707107
2.926015 -0.144790 1.375716 -0.268018 0.654344 0.000000 0.707107
End
2.961832 -0.185415 1.351761 -0.518863 0.480397 0.000000 0.707107
End
2.962393 -0.185935 1.137696 -0.518863 0.480397 0.000000 0.707107
2.970834 -0.193750 1.125196 -0.518830 0.480432 0.000000 0.707107
2.987708 -0.209375 1.113216 -0.518863 0.480397 0.000000 0.707107
End
2.924421 -0.115105 1.499676 -0.000000 0.707107 0.000000 0.707107
2.924421 -0.137500 1.462176 -0.060955 0.704475 0.000000 0.707107
2.934270 -0.159895 1.435611 -0.518863 0.480397 0.000000 0.707107
End
2.971395 -0.194270 1.411656 -0.518830 0.480432 0.000000 0.707107
2.992768 -0.214060 1.405926 -0.518862 0.480397 0.000000 0.707107
End
3.013690 0.248435 1.086656 0.518863 0.480397 -0.000000 0.707107
3.007507 0.242710 1.079361 0.518863 0.480397 -0.000000 0.707107
3.003003 0.238540 1.058011 0.518863 0.480397 -0.000000 0.707107
End
3.011895 -0.231770 1.108006 -0.518863 0.480397 0.000000 0.707107
End
3.001208 -0.221875 1.432486 -0.518863 0.480397 0.000000 0.707107
3.016399 -0.235940 1.449676 -0.518863 0.480397 0.000000 0.707107
End
2.998956 -0.219790 1.078841 -0.518863 0.480397 0.000000 0.707107
3.018645 -0.238020 1.071551 -0.518863 0.480397 0.000000 0.707107
End
2.924421 0.060940 1.339781 -0.000000 0.707107 0.000000 0.707107
2.924421 0.059375 1.349156 -0.000000 0.707107 0.000000 0.707107
2.924421 0.058855 1.362696 -0.000000 0.707107 0.000000 0.707107
End
2.924421 -0.071355 1.118426 -0.000000 0.707107 0.000000 0.707107
2.924421 -0.086980 1.125716 -0.000000 0.707107 0.000000 0.707107
2.924421 -0.089060 1.131966 -0.000000 0.707107 0.000000 0.707107
End
2.924421 -0.068230 1.075716 -0.000000 0.707107 0.000000 0.707107
2.924421 -0.071875 1.102281 -0.000000 0.707107 0.000000 0.707107
2.924421 -0.072395 1.119466 -0.000000 0.707107 0.000000 0.707107
End
2.939335 -0.164585 1.436136 -0.518863 0.480397 0.000000 0.707107
End
2.988270 -0.209895 1.040821 -0.518863 0.480397 0.000000 0.707107
2.986585 -0.208335 1.066861 -0.518863 0.480397 0.000000 0.707107
2.989398 -0.210940 1.084571 -0.518863 0.480397 0.000000 0.707107
End
3.015380 0.250000 1.066861 0.518863 0.480397 -0.000000 0.707107
2.997944 0.233855 1.051236 0.518863 0.480397 -0.000000 0.707107
2.979941 0.217185 1.041341 0.518863 0.480397 -0.000000 0.707107
End
2.961832 -0.185415 1.383531 -0.518863 0.480397 0.000000 0.707107
End
2.924421 0.008335 1.246551 -0.000000 0.707107 0.000000 0.707107
2.924421 0.008855 1.238736 -0.000000 0.707107 0.000000 0.707107
2.924421 -0.002085 1.212176 -0.000000 0.707107 0.000000 0.707107
End
2.970272 -0.193230 1.448111 -0.518830 0.480432 0.000000 0.707107
End
2.924421 -0.107290 1.116861 -0.000000 0.707107 0.000000 0.707107
2.924421 -0.113020 1.101761 -0.000000 0.707107 0.000000 0.707107
End
2.924421 0.048960 1.142906 -0.000000 0.707107 0.000000 0.707107
2.924421 0.042710 1.142906 -0.000000 0.707107 0.000000 0.707107
2.924421 0.038020 1.144466 -0.000000 0.707107 0.000000 0.707107
End
2.956772 -0.180730 1.369986 -0.518863 0.480397 0.000000 0.707107
End
2.924421 -0.080730 1.149676 -0.000000 0.707107 0.000000 0.707107
2.924421 -0.106250 1.133011 -0.000000 0.707107 0.000000 0.707107
2.924421 -0.126565 1.120511 -0.000000 0.707107 0.000000 0.707107
End
3.006268 -0.226560 1.359571 -0.518863 0.480397 0.000000 0.707107
End
2.924421 0.007810 1.239781 -0.000000 0.707107 0.000000 0.707107
2.924421 0.007290 1.249156 -0.000000 0.707107 0.000000 0.707107
2.924421 -0.002605 1.256446 -0.000000 0.707107 0.000000 0.707107
End
3.031022 -0.249480 1.491861 -0.518830 0.480432 0.000000 0.707107
End
2.924421 -0.114585 1.516861 -0.000000 0.707107 0.000000 0.707107
2.924797 -0.140625 1.482486 -0.190576 0.680941 0.000000 0.707107
2.930521 -0.154685 1.430406 -0.374710 0.599660 0.000000 0.707107
End
3.014257 0.248960 1.525196 0.518863 0.480397 -0.000000 0.707107
3.012567 0.247395 1.508011 0.518863 0.480397 -0.000000 0.707107
3.008069 0.243230 1.491861 0.518863 0.480397 -0.000000 0.707107
End
3.005706 -0.226040 1.463736 -0.518863 0.480397 0.000000 0.707107
End
2.924421 -0.133855 1.484571 -0.061177 0.704455 0.000000 0.707107
2.925836 -0.144270 1.452281 -0.248597 0.661966 0.000000 0.707107
2.941020 -0.166145 1.442906 -0.518863 0.480397 0.000000 0.707107
End
2.952835 -0.177085 1.306966 -0.518863 0.480397 0.000000 0.707107
End
2.924421 -0.113540 1.128841 -0.000000 0.707107 0.000000 0.707107
2.924421 -0.136460 1.117386 -0.061018 0.704469 0.000000 0.707107
End
2.924421 0.005210 1.249156 -0.000000 0.707107 0.000000 0.707107
2.924421 0.015625 1.224156 -0.000000 0.707107 0.000000 0.707107
2.924421 -0.007290 1.209051 -0.000000 0.707107 0.000000 0.707107
End
2.924421 -0.118230 1.393426 -0.000000 0.707107 0.000000 0.707107
2.924421 -0.135415 1.385611 -0.061082 0.704464 0.000000 0.707107
2.926602 -0.146355 1.382486 -0.267989 0.654356 0.000000 0.707107
End
2.931436 -0.156250 1.413216 -0.409411 0.576527 0.000000 0.707107
2.946647 -0.171355 1.377281 -0.518863 0.480397 0.000000 0.707107
End
2.946647 -0.171355 1.481446 -0.518863 0.480397 0.000000 0.707107
End
3.027647 -0.246355 1.429361 -0.518863 0.480397 0.000000 0.707107
End
2.924421 0.048960 1.154881 -0.000000 0.707107 0.000000 0.707107
2.924421 0.046875 1.156966 -0.000000 0.707107 0.000000 0.707107
2.924421 0.045835 1.159571 -0.000000 0.707107 0.000000 0.707107
End
2.973085 -0.195835 1.071031 -0.518830 0.480432 0.000000 0.707107
End
2.924421 -0.115625 1.469986 -0.000000 0.707107 0.000000 0.707107
2.924421 -0.116145 1.459571 -0.000000 0.707107 0.000000 0.707107
2.924421 -0.122915 1.451761 -0.000000 0.707107 0.000000 0.707107
End
2.924447 0.153125 1.393426 0.000085 0.707107 -0.000000 0.707107
2.924421 0.146875 1.397591 -0.000000 0.707107 0.000000 0.707107
2.924421 0.143230 1.399676 -0.000000 0.707107 0.000000 0.707107
End
3.020335 -0.239585 1.429361 -0.518863 0.480397 0.000000 0.707107
End
2.924421 0.027085 1.212176 -0.000000 0.707107 0.000000 0.707107
2.924421 0.023960 1.205926 -0.000000 0.707107 0.000000 0.707107
2.924421 0.022395 1.192906 -0.000000 0.707107 0.000000 0.707107
End
2.957333 -0.181250 1.450196 -0.518863 0.480397 0.000000 0.707107
End
2.973085 -0.195835 1.141341 -0.518830 0.480432 0.000000 0.707107
2.983210 -0.205210 1.127281 -0.518863 0.480397 0.000000 0.707107
3.001770 -0.222395 1.109051 -0.518863 0.480397 0.000000 0.707107
End
2.941131 0.181250 1.534571 0.518863 0.480397 -0.000000 0.707107
2.926042 0.159895 1.533531 0.225263 0.670266 -0.000000 0.707107
End
2.924421 -0.067710 1.158006 -0.000000 0.707107 0.000000 0.707107
2.924421 -0.078645 1.154361 -0.000000 0.707107 0.000000 0.707107
2.924421 -0.095835 1.134571 -0.000000 0.707107 0.000000 0.707107
End
2.924421 0.080210 1.246031 -0.000000 0.707107 0.000000 0.707107
2.924421 0.073960 1.249156 -0.000000 0.707107 0.000000 0.707107
2.924421 0.054165 1.240821 -0.000000 0.707107 0.000000 0.707107
End
2.955649 -0.179690 1.493426 -0.518863 0.480397 0.000000 0.707107
2.970834 -0.193750 1.464261 -0.518830 0.480432 0.000000 0.707107
2.988270 -0.209895 1.444986 -0.518863 0.480397 0.000000 0.707107
End
2.924421 0.025520 1.304361 -0.000000 0.707107 0.000000 0.707107
2.924421 0.009375 1.308531 -0.000000 0.707107 0.000000 0.707107
2.924421 -0.014585 1.277801 -0.000000 0.707107 0.000000 0.707107
End
2.980958 -0.203125 1.519986 -0.518831 0.480432 0.000000 0.707107
2.993896 -0.215105 1.480406 -0.518862 0.480397 0.000000 0.707107
End
2.950021 -0.174480 1.533531 -0.518863 0.480397 0.000000 0.707107
2.961832 -0.185415 1.510091 -0.518863 0.480397 0.000000 0.707107
2.983210 -0.205210 1.492381 -0.518863 0.480397 0.000000 0.707107
End
2.924438 -0.138020 1.394466 -0.141405 0.692824 0.000000 0.707107
2.932469 -0.157815 1.374156 -0.469442 0.528795 0.000000 0.707107
2.948331 -0.172915 1.342381 -0.518863 0.480397 0.000000 0.707107
End
2.924421 0.020315 1.309051 -0.000000 0.707107 0.000000 0.707107
2.924421 0.019270 1.304361 -0.000000 0.707107 0.000000 0.707107
2.924421 0.008335 1.293426 -0.000000 0.707107 0.000000 0.707107
End
2.924421 -0.069790 1.159571 -0.000000 0.707107 0.000000 0.707107
2.924421 -0.092185 1.154881 -0.000000 0.707107 0.000000 0.707107
2.924421 -0.105730 1.161136 -0.000000 0.707107 0.000000 0.707107
End
2.924421 -0.116145 1.058011 -0.000000 0.707107 0.000000 0.707107
2.924421 -0.129165 1.055406 -0.000000 0.707107 0.000000 0.707107
2.928899 -0.151560 1.043946 -0.331714 0.624472 0.000000 0.707107
End
2.924421 -0.119790 1.456446 -0.000000 0.707107 0.000000 0.707107
2.924421 -0.126565 1.439261 -0.000000 0.707107 0.000000 0.707107
2.924438 -0.138020 1.400196 -0.141405 0.692824 0.000000 0.707107
End
2.924421 0.067710 1.249156 -0.000000 0.707107 0.000000 0.707107
2.924421 0.066145 1.261656 -0.000000 0.707107 0.000000 0.707107
2.924421 0.063540 1.274156 -0.000000 0.707107 0.000000 0.707107
End
2.987708 -0.209375 1.499676 -0.518863 0.480397 0.000000 0.707107
3.001208 -0.221875 1.469986 -0.518863 0.480397 0.000000 0.707107
End
2.957333 -0.181250 1.064256 -0.518863 0.480397 0.000000 0.707107
2.979268 -0.201560 1.052281 -0.518830 0.480432 0.000000 0.707107
2.995019 -0.216145 1.036656 -0.518863 0.480397 0.000000 0.707107
End
2.924421 0.043750 1.209051 -0.000000 0.707107 0.000000 0.707107
2.924421 0.015105 1.191861 -0.000000 0.707107 0.000000 0.707107
End
2.924421 0.017710 1.309051 -0.000000 0.707107 0.000000 0.707107
2.924421 -0.001040 1.308531 -0.000000 0.707107 0.000000 0.707107
2.924421 0.001560 1.267381 -0.000000 0.707107 0.000000 0.707107
End
2.972628 0.210415 1.534571 0.518863 0.480397 -0.000000 0.707107
2.950694 0.190105 1.510611 0.518863 0.480397 -0.000000 0.707107
End
2.948898 -0.173440 1.433531 -0.518863 0.480397 0.000000 0.707107
2.962960 -0.186460 1.412696 -0.518863 0.480397 0.000000 0.707107
2.984333 -0.206250 1.374156 -0.518863 0.480397 0.000000 0.707107
End
2.957333 -0.181250 1.435091 -0.518863 0.480397 0.000000 0.707107
End
2.924421 -0.120310 1.410091 -0.000000 0.707107 0.000000 0.707107
2.924421 -0.118230 1.391341 -0.000000 0.707107 0.000000 0.707107
2.924421 -0.126565 1.375716 -0.000000 0.707107 0.000000 0.707107
End
2.924421 -0.006250 1.227281 -0.000000 0.707107 0.000000 0.707107
2.924421 -0.014585 1.229881 -0.000000 0.707107 0.000000 0.707107
2.924421 -0.023440 1.222591 -0.000000 0.707107 0.000000 0.707107
End
2.998394 -0.219270 1.468426 -0.518863 0.480397 0.000000 0.707107
End
2.974880 0.212500 1.234571 0.518863 0.480397 -0.000000 0.707107
2.972628 0.210415 1.230406 0.518863 0.480397 -0.000000 0.707107
2.964756 0.203125 1.211136 0.518830 0.480432 -0.000000 0.707107
End
2.962393 -0.185935 1.133531 -0.518863 0.480397 0.000000 0.707107
2.974770 -0.197395 1.138216 -0.518830 0.480432 0.000000 0.707107
2.980958 -0.203125 1.144466 -0.518831 0.480432 0.000000 0.707107
End
3.011333 -0.231250 1.370511 -0.518863 0.480397 0.000000 0.707107
End
2.924421 -0.007290 1.226236 -0.000000 0.707107 0.000000 0.707107
2.924421 -0.011460 1.231966 -0.000000 0.707107 0.000000 0.707107
2.924421 -0.019270 1.235091 -0.000000 0.707107 0.000000 0.707107
End
2.995692 0.231770 1.283531 0.518863 0.480397 -0.000000 0.707107
2.985567 0.222395 1.290821 0.518863 0.480397 -0.000000 0.707107
2.974880 0.212500 1.300196 0.518863 0.480397 -0.000000 0.707107
End
3.003460 -0.223960 1.166341 -0.518863 0.480397 0.000000 0.707107
3.005145 -0.225520 1.178321 -0.518863 0.480397 0.000000 0.707107
3.013018 -0.232810 1.189781 -0.518863 0.480397 0.000000 0.707107
End
3.013585 -0.233335 1.303841 -0.518863 0.480397 0.000000 0.707107
End
2.924421 -0.133335 1.534051 -0.061209 0.704453 0.000000 0.707107
2.934270 -0.159895 1.533006 -0.518863 0.480397 0.000000 0.707107
2.953397 -0.177605 1.500716 -0.518863 0.480397 0.000000 0.707107
End
2.924421 0.029690 1.162696 -0.000000 0.707107 0.000000 0.707107
2.924421 0.021355 1.160611 -0.000000 0.707107 0.000000 0.707107
2.924421 0.011460 1.161136 -0.000000 0.707107 0.000000 0.707107
End
2.924421 0.120310 1.148636 -0.000000 0.707107 0.000000 0.707107
2.924421 0.109895 1.147591 -0.000000 0.707107 0.000000 0.707107
2.924421 0.092190 1.145511 -0.000000 0.707107 0.000000 0.707107
End
2.924421 -0.071875 1.154881 -0.000000 0.707107 0.000000 0.707107
2.924421 -0.083855 1.152801 -0.000000 0.707107 0.000000 0.707107
2.924421 -0.095315 1.142906 -0.000000 0.707107 0.000000 0.707107
End
2.924421 -0.029685 1.156966 -0.000000 0.707107 0.000000 0.707107
2.924421 -0.043750 1.149156 -0.000000 0.707107 0.000000 0.707107
2.924421 -0.060935 1.149156 -0.000000 0.707107 0.000000 0.707107
End
2.924421 -0.121875 1.098636 -0.000000 0.707107 0.000000 0.707107
End
3.007958 -0.228125 1.511656 -0.518863 0.480397 0.000000 0.707107
End
2.979268 -0.201560 1.131966 -0.518830 0.480432 0.000000 0.707107
2.984895 -0.206770 1.101761 -0.518863 0.480397 0.000000 0.707107
3.005145 -0.225520 1.066861 -0.518863 0.480397 0.000000 0.707107
End
2.924421 0.076040 1.256966 -0.000000 0.707107 0.000000 0.707107
2.924421 0.068230 1.250716 -0.000000 0.707107 0.000000 0.707107
2.924421 0.039060 1.210091 -0.000000 0.707107 0.000000 0.707107
End
2.924421 -0.081250 1.142381 -0.000000 0.707107 0.000000 0.707107
End
2.924421 0.025000 1.208011 -0.000000 0.707107 0.000000 0.707107
End
2.972628 0.210415 1.517381 0.518863 0.480397 -0.000000 0.707107
2.952941 0.192185 1.503321 0.518863 0.480397 -0.000000 0.707107
End
2.924421 -0.114585 1.499156 -0.000000 0.707107 0.000000 0.707107
2.924421 -0.134375 1.475716 -0.061146 0.704458 0.000000 0.707107
2.934270 -0.159895 1.459051 -0.518863 0.480397 0.000000 0.707107
End
2.924421 -0.105730 1.138216 -0.000000 0.707107 0.000000 0.707107
2.924421 -0.128645 1.122071 -0.000000 0.707107 0.000000 0.707107
2.931436 -0.156250 1.105926 -0.409411 0.576527 0.000000 0.707107
End
2.977022 -0.199480 1.514781 -0.518830 0.480432 0.000000 0.707107
2.980958 -0.203125 1.494986 -0.518831 0.480432 0.000000 0.707107
3.002331 -0.222915 1.480406 -0.518863 0.480397 0.000000 0.707107
End
3.006268 -0.226560 1.355406 -0.518863 0.480397 0.000000 0.707107
End
3.000085 -0.220835 1.509571 -0.518863 0.480397 0.000000 0.707107
3.021458 -0.240625 1.474156 -0.518863 0.480397 0.000000 0.707107
End
3.015380 0.250000 1.534571 0.518863 0.480397 -0.000000 0.707107
2.994007 0.230210 1.534051 0.518863 0.480397 -0.000000 0.707107
2.972628 0.210415 1.533006 0.518863 0.480397 -0.000000 0.707107
End
2.968692 0.206770 1.317381 0.518830 0.480432 -0.000000 0.707107
2.960819 0.199480 1.324156 0.518830 0.480432 -0.000000 0.707107
2.955193 0.194270 1.327281 0.518863 0.480397 -0.000000 0.707107
End
2.924421 -0.102605 1.085611 -0.000000 0.707107 0.000000 0.707107
End
2.925058 0.156770 1.525716 0.141133 0.692879 -0.000000 0.707107
End
2.924421 -0.068230 1.107486 -0.000000 0.707107 0.000000 0.707107
2.924421 -0.082290 1.087176 -0.000000 0.707107 0.000000 0.707107
2.924421 -0.105730 1.051761 -0.000000 0.707107 0.000000 0.707107
End
2.924421 -0.120310 1.119986 -0.000000 0.707107 0.000000 0.707107
End
3.011333 -0.231250 1.326756 -0.518863 0.480397 0.000000 0.707107
End
2.924421 -0.014060 1.365301 -0.000000 0.707107 0.000000 0.707107
2.924421 -0.030730 1.363216 -0.000000 0.707107 0.000000 0.707107
2.924421 -0.051040 1.360611 -0.000000 0.707107 0.000000 0.707107
End
3.002898 -0.223440 1.087176 -0.518863 0.480397 0.000000 0.707107
End
2.924421 0.031250 1.165301 -0.000000 0.707107 0.000000 0.707107
2.924421 0.025520 1.166341 -0.000000 0.707107 0.000000 0.707107
2.924421 0.015105 1.155406 -0.000000 0.707107 0.000000 0.707107
End
2.924421 -0.017190 1.314781 -0.000000 0.707107 0.000000 0.707107
End
3.016960 -0.236460 1.338736 -0.518863 0.480397 0.000000 0.707107
End
2.966897 -0.190105 1.519986 -0.518863 0.480397 0.000000 0.707107
2.984333 -0.206250 1.497591 -0.518863 0.480397 0.000000 0.707107
3.005706 -0.226040 1.461656 -0.518863 0.480397 0.000000 0.707107
End
2.924602 0.154690 1.530926 0.060804 0.704488 -0.000000 0.707107
2.924421 0.127605 1.532486 -0.000000 0.707107 0.000000 0.707107
End
2.953397 -0.177605 1.312696 -0.518863 0.480397 0.000000 0.707107
End
2.924421 -0.069790 1.117906 -0.000000 0.707107 0.000000 0.707107
2.924421 -0.085940 1.131966 -0.000000 0.707107 0.000000 0.707107
2.924421 -0.100000 1.124156 -0.000000 0.707107 0.000000 0.707107
End
2.941020 -0.166145 1.345511 -0.518863 0.480397 0.000000 0.707107
End
2.992206 -0.213540 1.409051 -0.518863 0.480397 0.000000 0.707107
End
2.924421 -0.118750 1.404881 -0.000000 0.707107 0.000000 0.707107
2.924421 -0.122395 1.373631 -0.000000 0.707107 0.000000 0.707107
2.925038 -0.141665 1.354881 -0.223722 0.670782 0.000000 0.707107
End
3.031022 -0.249480 1.356446 -0.518830 0.480432 0.000000 0.707107
End
3.010772 -0.230730 1.519466 -0.518863 0.480397 0.000000 0.707107
End
2.927736 0.164060 1.388736 0.270556 0.653299 -0.000000 0.707107
2.926042 0.159895 1.388216 0.225272 0.670263 -0.000000 0.707107
2.924421 0.150000 1.391341 -0.000000 0.707107 0.000000 0.707107
End
3.016399 -0.235940 1.399156 -0.518863 0.480397 0.000000 0.707107
End
3.015380 0.250000 1.534571 0.518863 0.480397 -0.000000 0.707107
3.013690 0.248435 1.527281 0.518863 0.480397 -0.000000 0.707107
2.999628 0.235415 1.508011 0.518863 0.480397 -0.000000 0.707107
End
3.007958 -0.228125 1.386656 -0.518863 0.480397 0.000000 0.707107
End
2.924421 0.079165 1.243946 -0.000000 0.707107 0.000000 0.707107
2.924421 0.054690 1.214781 -0.000000 0.707107 0.000000 0.707107
2.924421 0.030730 1.196551 -0.000000 0.707107 0.000000 0.707107
End
3.021458 -0.240625 1.372071 -0.518863 0.480397 0.000000 0.707107
End
3.019774 -0.239065 1.101236 -0.518863 0.480397 0.000000 0.707107
End
2.986585 -0.208335 1.390821 -0.518863 0.480397 0.000000 0.707107
2.998394 -0.219270 1.355926 -0.518863 0.480397 0.000000 0.707107
3.018083 -0.237500 1.328841 -0.518863 0.480397 0.000000 0.707107
End
2.924421 0.026040 1.304361 -0.000000 0.707107 0.000000 0.707107
2.924421 0.011980 1.304361 -0.000000 0.707107 0.000000 0.707107
2.924421 -0.003125 1.284571 -0.000000 0.707107 0.000000 0.707107
End
2.986023 -0.207815 1.473636 -0.518863 0.480397 0.000000 0.707107
3.005706 -0.226040 1.422591 -0.518863 0.480397 0.000000 0.707107
End
