960 960
0.68333 0.49479
0.68333 0.52604
0.70521 0.57604
End
0.62083 0.77083
0.64062 0.76667
0.66458 0.76562
End
0.70729 0.70521
0.73750 0.72917
0.77708 0.80208
End
0.63229 0.75000
0.70833 0.70521
0.76771 0.76667
End
0.28958 0.37083
0.30000 0.34583
0.31771 0.33333
End
0.79063 0.71042
0.82812 0.75104
0.88125 0.81771
End
0.34271 0.78021
0.39167 0.76562
0.43021 0.76771
End
0.48021 0.37604
0.48229 0.36146
0.48854 0.34792
End
0.49896 0.42188
0.51562 0.40521
0.53542 0.39792
End
0.69792 0.71250
0.75625 0.71250
0.81250 0.77396
End
0.10417 0.65521
0.13437 0.68437
0.14375 0.70000
End
0.40000 0.68437
0.42292 0.69896
0.45729 0.72813
End
0.37083 0.76458
0.38750 0.76771
0.43125 0.75833
End
0.31667 0.41667
0.33437 0.46458
0.35104 0.52708
End
0.73958 0.76771
0.76354 0.77500
0.85833 0.84271
End
0.32917 0.45937
0.33542 0.48542
0.35104 0.55104
End
0.88854 0.71979
0.86875 0.68437
0.88958 0.65208
End
0.57917 0.45937
0.58750 0.44583
0.58750 0.42396
End
0.89583 0.60833
0.92604 0.58229
0.98646 0.61250
End
0.50417 0.54271
0.52812 0.54167
0.58125 0.55208
End
0.51458 0.51771
0.57083 0.54063
0.59271 0.60000
End
0.72604 0.74375
0.77708 0.78542
0.86667 0.86250
End
0.14896 0.56458
0.15417 0.54479
0.15937 0.52812
End
0.37917 0.76250
0.42083 0.74062
0.43438 0.73333
End
0.50625 0.54167
0.54271 0.58750
0.55937 0.64792
End
0.28750 0.35104
0.30625 0.33854
0.35000 0.36771
End
0.66354 0.90417
0.65625 0.91667
0.66354 0.95208
End
0.28750 0.34375
0.30938 0.33958
0.34375 0.34271
End
0.68958 0.49583
0.68750 0.51250
0.69792 0.54792
End
0.29063 0.59062
0.30625 0.57500
0.30729 0.56354
End
0.46354 0.54688
0.48125 0.55417
0.58229 0.58958
End
0.70000 0.71042
0.75000 0.70104
0.80521 0.76250
End
0.68333 0.51354
0.67917 0.55833
0.69896 0.58750
End
0.89375 0.60208
0.91979 0.60521
0.97708 0.60417
End
0.88021 0.67708
0.89583 0.65104
0.91667 0.58750
End
0.98021 0.41771
0.99896 0.41042
1.00000 0.37500
End
0.91875 0.62604
0.91667 0.65417
0.93750 0.73021
End
0.92708 0.56042
0.93125 0.58229
1.00000 0.62708
End
0.49792 0.74583
0.48750 0.76458
0.50000 0.79479
End
0.29167 0.34375
0.34375 0.32500
0.37812 0.31354
End
0.53854 0.52396
0.53229 0.54167
0.56667 0.56771
End
0.30000 0.38542
0.31771 0.42708
0.36875 0.44583
End
0.68333 0.46563
0.68542 0.43854
0.69479 0.42708
End
0.52292 0.67396
0.53438 0.64583
0.55833 0.62708
End
0.38958 0.44167
0.40729 0.41875
0.40521 0.36042
End
0.32917 0.40208
0.36875 0.46250
0.33125 0.49271
End
0.48125 0.36458
0.48229 0.39687
0.51458 0.42396
End
0.67500 0.72188
0.70312 0.71667
0.77812 0.70729
End
0.38542 0.42812
0.41458 0.45104
0.48542 0.51354
End
0.74687 0.40313
0.84583 0.47917
0.90521 0.50104
End
0.84896 0.70417
0.86771 0.70208
0.89792 0.71250
End
0.87813 0.65729
0.88646 0.66354
0.91979 0.68021
End
0.31458 0.28750
0.32500 0.28646
0.34479 0.29583
End
0.14688 0.33333
0.14375 0.35000
0.15313 0.38125
End
0.89896 0.59688
0.95104 0.58437
0.99687 0.61667
End
0.08229 0.45208
0.06979 0.48542
0.08958 0.55937
End
0.53333 0.52708
0.55208 0.57083
0.62187 0.64583
End
0.54583 0.34583
0.56354 0.35104
0.58854 0.40417
End
0.53125 0.34896
0.54167 0.37188
0.55937 0.39167
End
0.68229 0.44167
0.69583 0.43646
0.71458 0.43333
End
0.55104 0.63854
0.53958 0.67396
0.57396 0.71354
End
0.89792 0.59479
0.92188 0.62292
0.95312 0.66146
End
0.06771 0.49896
0.07292 0.46875
0.09271 0.45521
End
0.65208 0.96042
0.65417 0.92708
0.65938 0.91250
End
0.11875 0.67396
0.14375 0.69792
0.19167 0.73646
End
0.58229 0.43229
0.58021 0.45104
0.58437 0.50521
End
0.38854 0.42708
0.41042 0.45833
0.45312 0.47292
End
0.86979 0.48333
0.94271 0.50000
0.97083 0.49792
End
0.54792 0.60104
0.54896 0.63958
0.58750 0.67083
End
0.07396 0.52396
0.07500 0.53750
0.08750 0.55312
End
0.31562 0.33437
0.35417 0.33437
0.39271 0.34583
End
0.37917 0.68542
0.43750 0.70729
0.42500 0.74792
End
0.39792 0.52500
0.39687 0.47917
0.40833 0.44896
End
0.62813 0.35625
0.65312 0.36458
0.67083 0.38438
End
0.88542 0.65312
0.89062 0.66979
0.90417 0.68542
End
0.72708 0.69688
0.75729 0.70104
0.80729 0.74271
End
0.88958 0.65312
0.91042 0.64375
0.91979 0.61979
End
0.32083 0.39687
0.34687 0.45937
0.33021 0.53021
End
0.51250 0.51667
0.51875 0.52396
0.52396 0.55312
End
0.40625 0.35521
0.42812 0.33646
0.49896 0.35729
End
0.52083 0.66667
0.53646 0.63854
0.58854 0.66563
End
0.92604 0.56563
0.94063 0.56771
0.97604 0.53958
End
0.54375 0.74167
0.55833 0.73542
0.57917 0.73958
End
0.97917 0.47917
0.97708 0.49062
0.98333 0.52396
End
0.28750 0.35104
0.30729 0.34583
0.35208 0.34063
End
0.39687 0.35521
0.45208 0.33437
0.49583 0.35313
End
0.38646 0.55312
0.40833 0.60938
0.43958 0.64479
End
0.29063 0.35000
0.32917 0.34375
0.39271 0.31458
End
0.69271 0.71771
0.75521 0.70521
0.79167 0.71562
End
0.68854 0.46250
0.69167 0.44375
0.70000 0.43021
End
0.31562 0.40104
0.33333 0.50938
0.33125 0.55729
End
0.95729 0.49792
0.97188 0.51458
0.99792 0.55104
End
0.37708 0.36354
0.40417 0.35208
0.41979 0.34583
End
0.39271 0.68437
0.40521 0.73125
0.42292 0.75104
End
0.58021 0.42396
0.58854 0.44271
0.59167 0.46667
End
0.38750 0.55417
0.38750 0.54688
0.39375 0.53438
End
0.72813 0.72500
0.78958 0.78125
0.87396 0.83854
End
0.56979 0.57396
0.53542 0.65417
0.57812 0.71771
End
0.72708 0.71458
0.76562 0.71875
0.79896 0.75000
End
0.47500 0.37812
0.57500 0.40417
0.63438 0.43021
End
0.88438 0.65833
0.93021 0.65312
0.96250 0.68542
End
0.53021 0.35729
0.54167 0.36771
0.56458 0.37188
End
0.15521 0.55312
0.15521 0.53958
0.15833 0.52708
End
0.51771 0.65000
0.53646 0.65312
0.60625 0.69792
End
0.51146 0.53750
0.54375 0.53333
0.58333 0.57917
End
0.13333 0.68854
0.15729 0.70000
0.19896 0.71146
End
0.58958 0.37083
0.61771 0.38958
0.65312 0.39479
End
0.29479 0.35417
0.33229 0.34063
0.38750 0.32083
End
0.68542 0.43854
0.69792 0.43125
0.71875 0.44688
End
0.48542 0.35938
0.48021 0.37500
0.49583 0.41875
End
0.49062 0.35313
0.49062 0.41250
0.54479 0.41875
End
0.70833 0.71146
0.73542 0.72083
0.76667 0.71458
End
0.51667 0.42812
0.53229 0.38646
0.54583 0.34479
End
0.50625 0.57396
0.50833 0.60000
0.50833 0.63542
End
0.91563 0.59167
0.93854 0.57083
0.96979 0.56250
End
0.54896 0.56667
0.56458 0.59271
0.61562 0.65521
End
0.29375 0.34271
0.32188 0.33437
0.40208 0.31979
End
0.74792 0.71250
0.80104 0.75729
0.85521 0.81250
End
0.93021 0.55833
0.91563 0.60521
0.97708 0.68750
End
0.83750 0.71146
0.89479 0.72396
0.92188 0.75104
End
0.69063 0.77708
0.73958 0.76979
0.78125 0.78021
End
0.08646 0.60729
0.08750 0.62917
0.10312 0.64375
End
0.27917 0.72292
0.28333 0.72917
0.29688 0.73750
End
0.29896 0.63958
0.33437 0.66667
0.37812 0.67708
End
0.69167 0.77500
0.71979 0.77708
0.76771 0.80104
End
0.31354 0.33021
0.32708 0.38542
0.37083 0.45417
End
0.33125 0.27396
0.35833 0.28333
0.37604 0.29063
End
0.98750 0.41354
0.99479 0.39167
1.00000 0.37708
End
0.89479 0.68958
0.90625 0.62083
0.92083 0.58229
End
0.17500 0.31354
0.21354 0.31354
0.22083 0.30417
End
0.95208 0.83646
0.95833 0.79479
0.95521 0.75625
End
0.30938 0.33229
0.30312 0.35208
0.31354 0.38750
End
0.48854 0.35104
0.48958 0.37812
0.51146 0.43854
End
0.78229 0.70521
0.80937 0.72188
0.85521 0.75729
End
0.69167 0.46667
0.68750 0.53542
0.71146 0.55833
End
0.11458 0.67083
0.17188 0.71146
0.22812 0.72917
End
0.33021 0.33333
0.36875 0.32188
0.40104 0.31562
End
0.27500 0.56771
0.28854 0.58229
0.29271 0.59479
End
0.65104 0.74479
0.68646 0.72500
0.75000 0.75938
End
0.39792 0.45104
0.40208 0.46354
0.40833 0.48229
End
0.81771 0.46042
0.85313 0.47396
0.88542 0.49375
End
0.84271 0.47396
0.90000 0.49688
0.92292 0.50729
End
0.28021 0.62292
0.30000 0.58125
0.29688 0.56042
End
0.57188 0.35000
0.62396 0.39167
0.70625 0.38646
End
0.66146 0.90521
0.65729 0.91354
0.66667 0.95104
End
0.65729 0.98542
0.65729 0.92500
0.66354 0.90625
End
0.31875 0.65729
0.37604 0.68125
0.43438 0.71458
End
0.52292 0.67917
0.53958 0.65000
0.54896 0.63333
End
0.82812 0.70312
0.87813 0.71146
0.87604 0.75208
End
0.50313 0.54375
0.53542 0.53542
0.57083 0.53750
End
0.89583 0.59792
0.90208 0.61771
0.96771 0.63646
End
0.53438 0.34792
0.53646 0.36354
0.55104 0.42812
End
