960 960
0.88438 0.16042
0.94167 0.16354
0.96562 0.23750
End
0.63229 0.90104
0.63229 0.88021
0.64167 0.84896
End
0.81667 0.13958
0.84688 0.17708
0.94688 0.21042
End
0.83333 0.07396
0.85521 0.09375
0.89375 0.15625
End
0.82396 0.01562
0.87708 0.00729
0.91146 0.01250
End
0.74479 0.31354
0.73542 0.38958
0.86354 0.44062
End
0.83542 0.18646
0.87083 0.25312
0.91250 0.32396
End
0.76146 0.00000
0.85208 0.00104
0.90625 0.01875
End
0.76250 0.23750
0.82083 0.27292
0.87500 0.32812
End
0.64062 0.88125
0.71250 0.92396
0.74167 0.96354
End
0.49792 0.44896
0.52708 0.43958
0.56354 0.46667
End
0.61250 0.98125
0.62187 0.96875
0.61979 0.95729
End
0.75000 0.00729
0.77083 0.09062
0.80521 0.13437
End
0.00000 0.89271
0.00521 0.90521
0.01146 0.92396
End
0.62187 0.90312
0.61875 0.92604
0.62396 0.95104
End
0.63229 0.75938
0.68854 0.78750
0.75729 0.81042
End
0.82708 0.85938
0.90208 0.84479
0.94688 0.86979
End
0.34792 0.55417
0.34687 0.57500
0.35000 0.62604
End
0.80937 0.33542
0.86979 0.41146
0.95937 0.40417
End
0.79896 0.26146
0.86458 0.30208
0.93958 0.35938
End
0.46042 0.45521
0.48438 0.46146
0.54583 0.49062
End
0.48438 0.32396
0.51042 0.34167
0.52187 0.38229
End
0.76667 0.33854
0.80417 0.39583
0.84688 0.46563
End
0.50208 0.73646
0.56354 0.74583
0.60521 0.77396
End
0.36146 0.40625
0.35625 0.36562
0.37917 0.34375
End
0.37500 0.34583
0.38958 0.33437
0.40833 0.32708
End
0.65938 0.88333
0.69479 0.94375
0.74167 0.97708
End
0.19792 0.75625
0.21146 0.76146
0.23854 0.76771
End
0.81979 0.39479
0.89583 0.44688
0.96875 0.48542
End
0.78854 0.24896
0.80833 0.31146
0.86354 0.33958
End
0.65521 0.81250
0.64687 0.84167
0.71771 0.87917
End
0.56146 0.74167
0.57083 0.75417
0.59896 0.77187
End
0.46146 0.46354
0.48958 0.45729
0.52083 0.48229
End
0.07500 0.56667
0.07812 0.58333
0.08021 0.60729
End
0.74479 0.27500
0.75729 0.33021
0.80729 0.34063
End
0.50313 0.76979
0.56042 0.75625
0.60938 0.76667
End
0.36458 0.77500
0.37396 0.79792
0.40208 0.81458
End
0.04792 0.94375
0.06354 0.97813
0.14271 0.99896
End
0.86979 0.00000
0.90000 0.00208
0.94167 0.05833
End
0.73646 0.18229
0.73958 0.23958
0.78542 0.29583
End
0.49062 0.52708
0.50729 0.53438
0.52396 0.52917
End
0.78750 0.26042
0.83854 0.33437
0.88438 0.35833
End
0.88438 0.87500
0.87917 0.84479
0.88542 0.81667
End
0.85729 0.86667
0.88542 0.87396
0.94792 0.93125
End
0.73438 0.33437
0.76771 0.37917
0.81250 0.44792
End
0.06354 0.00208
0.09792 0.01042
0.15833 0.00000
End
0.71771 0.00208
0.75104 0.00000
0.78438 0.00000
End
0.79167 0.01146
0.88646 0.00729
0.96979 0.04375
End
0.71875 0.00000
0.78958 0.00208
0.84271 0.05417
End
0.71042 0.90208
0.72292 0.93229
0.80104 0.99896
End
0.84479 0.23125
0.93646 0.31979
0.98542 0.38021
End
0.47083 0.46250
0.52187 0.47708
0.55312 0.50938
End
0.07500 0.45104
0.09479 0.42292
0.10833 0.41042
End
0.00000 0.00000
0.00313 0.04688
0.02917 0.05625
End
0.00000 0.10729
0.00417 0.08229
0.00000 0.04063
End
0.74271 0.30521
0.79792 0.33854
0.82812 0.41250
End
0.73750 0.21458
0.74167 0.23438
0.75938 0.28125
End
0.00208 0.05521
0.02917 0.02396
0.02604 0.00000
End
0.77708 0.38958
0.86771 0.40625
0.97396 0.39792
End
0.72604 0.00000
0.75833 0.00000
0.78542 0.05104
End
0.75000 0.94688
0.77917 0.96562
0.83542 0.98333
End
0.73021 0.11667
0.74167 0.13750
0.73542 0.15521
End
0.44688 0.32812
0.48229 0.33437
0.51979 0.34792
End
0.73125 0.31146
0.76667 0.36354
0.80312 0.37708
End
0.82396 0.36354
0.88646 0.39062
0.92917 0.43854
End
0.71667 0.00313
0.73229 0.00208
0.78854 0.04896
End
0.72500 0.03958
0.72813 0.02604
0.73958 0.00000
End
0.89271 0.45833
0.93125 0.48542
0.99583 0.47396
End
0.55937 0.48854
0.55104 0.45521
0.57604 0.42292
End
0.94583 0.74479
0.94792 0.70625
0.97708 0.69375
End
0.28854 0.60313
0.29792 0.62083
0.34063 0.64792
End
0.74896 0.01146
0.79792 0.11146
0.86979 0.14479
End
0.77917 0.81563
0.82917 0.88542
0.87292 0.92708
End
0.71875 0.00000
0.75313 0.02813
0.73958 0.09271
End
0.55833 0.76042
0.62917 0.76354
0.68437 0.74583
End
0.73542 0.28333
0.74167 0.33021
0.77500 0.37396
End
0.73958 0.18854
0.79167 0.27292
0.87708 0.30104
End
0.83437 0.84062
0.85521 0.88438
0.88229 0.91875
End
0.15208 0.00208
0.18229 0.00313
0.21354 0.00000
End
0.02083 0.00000
0.06354 0.01562
0.10625 0.05104
End
0.74687 0.21458
0.73750 0.26354
0.75521 0.28542
End
0.88958 0.86042
0.93646 0.88854
0.96875 0.98542
End
0.37708 0.54583
0.38229 0.47500
0.37812 0.41354
End
0.00000 0.00000
0.05937 0.00104
0.12292 0.05521
End
0.81458 0.12812
0.87292 0.18438
0.86667 0.28125
End
0.80833 0.21354
0.88542 0.26354
0.95312 0.32604
End
0.34375 0.60313
0.36146 0.56979
0.36875 0.51667
End
0.37708 0.62708
0.44271 0.65104
0.51562 0.66771
End
0.84062 0.05521
0.88333 0.11354
0.93021 0.15417
End
0.32500 0.28854
0.33958 0.29063
0.36875 0.29271
End
0.17500 0.29271
0.19062 0.28333
0.20833 0.27708
End
0.90729 0.18438
0.94063 0.24896
0.99167 0.27396
End
0.76146 0.16042
0.82500 0.20000
0.91146 0.27813
End
0.87187 0.80104
0.88021 0.81563
0.89583 0.82500
End
0.28750 0.59896
0.29167 0.61458
0.33646 0.63229
End
0.73542 0.15000
0.75417 0.16667
0.79583 0.20104
End
0.61354 0.74896
0.64167 0.76250
0.69896 0.76458
End
0.80417 0.01771
0.86771 0.05833
0.93854 0.13021
End
0.77812 0.02813
0.85729 0.08646
0.93542 0.16146
End
0.75000 0.28750
0.75833 0.32188
0.77708 0.38229
End
0.79271 0.00521
0.85104 0.00729
0.91667 0.05104
End
0.73333 0.22187
0.77292 0.23229
0.80417 0.25000
End
0.00000 0.89479
0.00208 0.92812
0.05208 0.93646
End
0.73438 0.23333
0.73750 0.28125
0.73542 0.29583
End
0.86875 0.31771
0.93958 0.38229
0.99792 0.44062
End
0.84688 0.23438
0.89375 0.33958
0.98229 0.38646
End
0.86250 0.84792
0.90312 0.85625
0.90833 0.90729
End
0.71875 0.00000
0.75000 0.01146
0.77292 0.04167
End
0.95000 0.69896
0.96354 0.72083
0.99896 0.77396
End
0.72708 0.00104
0.79896 0.00000
0.87396 0.00000
End
0.43333 0.73958
0.45000 0.74792
0.47187 0.73750
End
0.74792 0.23021
0.81979 0.24167
0.88646 0.27604
End
0.00000 0.00000
0.00208 0.01354
0.01875 0.07708
End
0.71771 0.00729
0.78438 0.00937
0.86354 0.03750
End
0.89167 0.34375
0.89271 0.38646
0.91771 0.43333
End
0.81979 0.02500
0.87187 0.07708
0.95104 0.05833
End
0.09479 0.00313
0.16354 0.00625
0.20417 0.00104
End
0.87083 0.88125
0.95729 0.95833
0.98229 0.98854
End
0.38229 0.50000
0.38333 0.45937
0.39479 0.39062
End
0.82500 0.00000
0.88438 0.00521
0.93854 0.01562
End
0.64375 0.83646
0.64896 0.82188
0.66458 0.81146
End
0.78021 0.15417
0.84479 0.20625
0.93542 0.24479
End
0.37292 0.34687
0.37604 0.39583
0.39062 0.46979
End
0.76562 0.81667
0.80625 0.84583
0.84688 0.91146
End
0.76354 0.11563
0.84479 0.13437
0.89271 0.15729
End
0.93021 0.84479
0.99896 0.87500
0.99583 0.93125
End
0.00000 0.00000
0.00417 0.00625
0.02500 0.06250
End
0.37708 0.49271
0.36458 0.52917
0.38333 0.59375
End
0.73750 0.28125
0.75521 0.38229
0.77708 0.40937
End
0.73542 0.05417
0.73750 0.08125
0.73854 0.12396
End
0.78958 0.26250
0.87396 0.33646
0.95729 0.38646
End
0.78021 0.00000
0.82708 0.02604
0.87917 0.05312
End
0.77292 0.17188
0.79583 0.24479
0.82396 0.31771
End
0.81042 0.83750
0.89687 0.91875
0.91146 0.99792
End
0.00000 0.89375
0.02500 0.94479
0.11563 0.97813
End
0.71979 0.00000
0.75417 0.03229
0.82812 0.07292
End
0.73854 0.25625
0.75313 0.28021
0.77812 0.32292
End
0.09479 0.00937
0.15208 0.00000
0.20312 0.01979
End
0.44896 0.66354
0.47813 0.58750
0.49583 0.57188
End
0.88333 0.00000
0.93229 0.06875
0.97917 0.09688
End
0.00000 0.89479
0.00000 0.92708
0.06146 0.94896
End
0.63854 0.84896
0.67292 0.90417
0.71979 0.95625
End
0.87396 0.08958
0.93333 0.13021
0.98854 0.14583
End
0.00000 0.00000
0.03125 0.00625
0.12604 0.02813
End
0.19896 0.24583
0.22604 0.25625
0.23750 0.26146
End
0.01042 0.00208
0.00208 0.05312
0.05104 0.09479
End
0.81042 0.02708
0.88333 0.08854
0.99375 0.09062
End
0.71771 0.01042
0.74583 0.00000
0.79375 0.00000
End
0.73229 0.15417
0.74271 0.16979
0.76042 0.18854
End
0.93750 0.20104
0.96562 0.25417
0.99896 0.27083
End
0.68542 0.37292
0.70833 0.38229
0.72813 0.39167
End
0.85104 0.21771
0.88750 0.28750
0.95521 0.30833
End
0.79688 0.94479
0.80312 0.96875
0.82292 0.98021
End
0.86771 0.92396
0.93750 0.96354
0.99792 0.98646
End
0.87187 0.21979
0.91042 0.24479
0.95208 0.35625
End
0.76667 0.81667
0.85000 0.86042
0.91042 0.93437
End
0.73854 0.22396
0.74271 0.26354
0.78958 0.31771
End
0.80521 0.24792
0.81354 0.31562
0.87083 0.36562
End
0.87187 0.79375
0.88750 0.81875
0.91875 0.84271
End
0.73021 0.06979
0.77500 0.14479
0.81979 0.19792
End
0.80104 0.19479
0.88854 0.24583
0.92812 0.25729
End
0.00313 0.89583
0.01458 0.91042
0.02292 0.95312
End
0.88646 0.79271
0.89792 0.80729
0.96354 0.85313
End
0.90208 0.19271
0.94375 0.20417
0.97188 0.16979
End
0.88958 0.86250
0.93958 0.91146
0.97604 0.92604
End
0.37812 0.38958
0.38125 0.37083
0.38229 0.34375
End
0.64271 0.83229
0.67396 0.81771
0.67812 0.80521
End
0.63646 0.91771
0.64375 0.86458
0.64479 0.83021
End
0.72917 0.12187
0.76354 0.16146
0.82917 0.19687
End
0.91979 0.98750
0.91667 0.93542
0.92188 0.90000
End
0.00000 0.93542
0.03229 0.96667
0.06563 0.98646
End
0.73438 0.19375
0.82917 0.24375
0.87083 0.30208
End
0.48333 0.57604
0.48229 0.59167
0.50417 0.64479
End
0.78646 0.08958
0.84271 0.15833
0.88646 0.17292
End
0.64896 0.82396
0.71458 0.83542
0.72604 0.86562
End
0.40208 0.78333
0.41458 0.78333
0.42396 0.78021
End
0.74062 0.31250
0.79479 0.30208
0.86146 0.32917
End
0.66146 0.76979
0.71250 0.80312
0.75313 0.82812
End
0.87708 0.24271
0.90208 0.28750
0.95312 0.35000
End
0.48438 0.58958
0.48542 0.57083
0.50521 0.55625
End
0.84375 0.01250
0.93646 0.06667
0.99896 0.08542
End
0.72917 0.03542
0.78125 0.10417
0.80937 0.20833
End
0.00208 0.01875
0.00521 0.05312
0.01354 0.08542
End
0.81458 0.00417
0.89896 0.07187
0.95208 0.14167
End
0.76771 0.10000
0.78854 0.16458
0.83229 0.18333
End
0.72396 0.38854
0.77292 0.40313
0.85417 0.45521
End
0.65938 0.75521
0.72708 0.81146
0.77292 0.83437
End
0.48958 0.57083
0.46875 0.62083
0.51458 0.65104
End
0.73646 0.28229
0.77083 0.29792
0.79271 0.30417
End
0.73438 0.23021
0.81250 0.24271
0.84271 0.31458
End
0.71979 0.01562
0.79063 0.06771
0.84271 0.10625
End
0.91458 0.08646
0.94688 0.15000
0.99271 0.21042
End
0.40208 0.75938
0.40625 0.75521
0.40833 0.75000
End
0.81563 0.84896
0.83646 0.87187
0.89167 0.92708
End
0.73125 0.12917
0.73229 0.15000
0.74583 0.16562
End
0.19375 0.28229
0.20625 0.27396
0.21354 0.26979
End
0.83646 0.08958
0.90833 0.14271
0.97917 0.21042
End
0.44583 0.64479
0.45208 0.65729
0.45521 0.68333
End
0.73021 0.06667
0.81875 0.12812
0.86250 0.16875
End
0.89167 0.78646
0.91042 0.81458
0.94479 0.85104
End
0.06354 0.00104
0.13750 0.00000
0.18021 0.00208
End
0.63542 0.75313
0.65729 0.76042
0.69167 0.80000
End
0.33958 0.57708
0.35208 0.57083
0.39167 0.58750
End
0.85938 0.08229
0.88750 0.14062
0.91979 0.17917
End
0.44896 0.46042
0.48125 0.45208
0.52917 0.51354
End
0.81563 0.00000
0.90625 0.02917
0.93021 0.10833
End
0.84896 0.00208
0.87083 0.04896
0.91042 0.08438
End
0.77604 0.28021
0.81563 0.32083
0.84583 0.38438
End
0.45937 0.45104
0.46146 0.46042
0.48333 0.48229
End
0.63958 0.75000
0.68437 0.75938
0.71146 0.74687
End
0.73229 0.95312
0.75833 0.95833
0.80312 0.98125
End
0.73958 0.15625
0.75313 0.19062
0.77604 0.26875
End
0.36458 0.57083
0.36771 0.54583
0.37292 0.52083
End
0.87292 0.02292
0.91875 0.06979
0.94375 0.12917
End
0.86250 0.94063
0.90312 0.96458
0.93229 0.99583
End
0.34583 0.59375
0.41250 0.65104
0.46979 0.68542
End
0.46458 0.45104
0.50208 0.45208
0.49688 0.53438
End
0.00000 0.00729
0.07917 0.00000
0.11979 0.04792
End
0.84688 0.20208
0.87292 0.24375
0.91250 0.32083
End
0.72813 0.07500
0.77083 0.13333
0.86250 0.19896
End
0.74062 0.24896
0.73646 0.28646
0.75313 0.31771
End
0.51250 0.61458
0.52917 0.60938
0.54688 0.62396
End
0.77292 0.09167
0.87500 0.10833
0.93854 0.13229
End
0.07500 0.60000
0.07917 0.60833
0.09375 0.64687
End
0.87187 0.80208
0.89479 0.79271
0.90625 0.78021
End
0.85104 0.20938
0.90625 0.25625
0.96250 0.32812
End
0.51458 0.61667
0.52292 0.60521
0.53854 0.59896
End
0.03646 0.50208
0.05521 0.48750
0.07500 0.46875
End
0.94792 0.73646
0.95104 0.71250
0.96562 0.68958
End
0.83542 0.43229
0.89792 0.41042
0.96667 0.46146
End
0.76667 0.00104
0.81979 0.00313
0.85521 0.06771
End
0.44062 0.74375
0.45729 0.74792
0.47708 0.74687
End
0.25938 0.77187
0.28021 0.77396
0.31562 0.77812
End
0.64375 0.75938
0.66771 0.76354
0.69063 0.78333
End
0.55937 0.75521
0.58750 0.77083
0.62187 0.77083
End
0.66563 0.80417
0.68125 0.85938
0.74375 0.87187
End
0.82917 0.01562
0.87708 0.00000
0.95625 0.04583
End
0.90312 0.80521
0.91354 0.86562
0.95104 0.93542
End
0.34792 0.55521
0.36354 0.56771
0.42188 0.64896
End
0.55729 0.75938
0.59375 0.76562
0.66250 0.78438
End
0.33854 0.57708
0.36562 0.60417
0.45000 0.65312
End
0.00000 0.00000
0.07917 0.03438
0.11563 0.06250
End
0.72917 0.07083
0.76875 0.11771
0.81979 0.15104
End
0.71146 0.79271
0.75729 0.82500
0.81250 0.85729
End
0.89896 0.03958
0.90625 0.07917
0.94583 0.10833
End
0.82604 0.26875
0.88646 0.30417
0.95312 0.35833
End
0.89167 0.00000
0.94167 0.05000
0.98125 0.12083
End
0.00000 0.00000
0.03958 0.00104
0.07917 0.00313
End
0.08646 0.43438
0.10104 0.42083
0.11146 0.41458
End
0.64375 0.83021
0.64271 0.85521
0.70521 0.89792
End
0.07292 0.00729
0.11042 0.00000
0.18646 0.01771
End
0.63646 0.85417
0.66458 0.89479
0.71146 0.96562
End
0.58958 0.75000
0.67917 0.77812
0.74062 0.82917
End
0.81146 0.22396
0.86875 0.30729
0.96250 0.41563
End
0.52812 0.33854
0.56146 0.34271
0.60208 0.34792
End
0.86562 0.85938
0.89583 0.87604
0.94688 0.89479
End
0.43750 0.73854
0.44896 0.73646
0.46979 0.75833
End
0.45208 0.46563
0.47187 0.45521
0.53438 0.43958
End
0.90104 0.28646
0.92292 0.35417
0.97292 0.39167
End
0.88021 0.02917
0.91250 0.07396
0.95208 0.14583
End
0.08958 0.00000
0.19062 0.00729
0.24479 0.00417
End
0.74792 0.34375
0.79167 0.41146
0.85521 0.44375
End
0.63958 0.83333
0.67188 0.80521
0.70000 0.82083
End
0.73542 0.29688
0.77083 0.34896
0.83229 0.37812
End
0.86458 0.09896
0.86875 0.17188
0.92708 0.25104
End
0.73750 0.25938
0.74479 0.32188
0.78333 0.35938
End
0.86042 0.26979
0.90417 0.32708
0.99896 0.35625
End
0.82604 0.00208
0.89375 0.00000
0.96146 0.03021
End
0.17188 0.29167
0.18021 0.29271
0.20000 0.28646
End
0.84271 0.14167
0.90312 0.19792
0.97188 0.27083
End
0.00000 0.00000
0.00313 0.01458
0.02917 0.05312
End
0.84479 0.20417
0.91042 0.24271
0.95625 0.29583
End
0.34167 0.58125
0.39062 0.63958
0.43854 0.67604
End
0.84167 0.19375
0.89687 0.26979
0.98125 0.32500
End
0.88958 0.82083
0.92708 0.87083
0.97813 0.86667
End
0.91667 0.28750
0.93854 0.35729
0.97500 0.41146
End
0.44792 0.46042
0.47604 0.46042
0.50625 0.50000
End
0.85521 0.08750
0.91563 0.12187
0.95208 0.22396
End
