960 960
0.25104 0.46875
0.29688 0.51562
0.31354 0.53750
End
0.15521 0.39375
0.22500 0.41771
0.29063 0.48125
End
0.12292 0.40625
0.14479 0.43542
0.18021 0.49479
End
0.63542 0.41771
0.66458 0.42083
0.68229 0.38646
End
0.19271 0.46667
0.23958 0.52083
0.27083 0.59792
End
0.08958 0.46458
0.08542 0.50833
0.14688 0.55000
End
0.19687 0.31979
0.26250 0.36458
0.29063 0.40313
End
0.74479 0.59375
0.80312 0.66771
0.85417 0.68437
End
0.61979 0.44688
0.70312 0.47396
0.74896 0.50938
End
0.11458 0.41354
0.19375 0.45729
0.25729 0.51979
End
0.41042 0.51667
0.42500 0.48750
0.43646 0.47500
End
0.16667 0.36042
0.20104 0.34167
0.26979 0.34479
End
0.09688 0.57188
0.15104 0.64271
0.21979 0.70521
End
0.73021 0.52604
0.83021 0.60000
0.87396 0.65000
End
0.61146 0.47604
0.63542 0.51562
0.63646 0.56042
End
0.11979 0.65938
0.15625 0.69375
0.15521 0.71875
End
0.16354 0.34479
0.17604 0.32917
0.18229 0.31562
End
0.22500 0.28750
0.23125 0.29583
0.22604 0.31250
End
0.23854 0.28646
0.26771 0.30000
0.28229 0.34792
End
0.43229 0.75625
0.43542 0.76562
0.46042 0.78229
End
0.10417 0.43125
0.10729 0.47396
0.15833 0.52083
End
0.65104 0.40521
0.67812 0.39687
0.75833 0.42812
End
0.60938 0.44375
0.60729 0.46875
0.65312 0.50104
End
0.21667 0.29375
0.23333 0.30417
0.25104 0.31458
End
0.13021 0.50729
0.14062 0.56667
0.15417 0.61250
End
0.67708 0.38229
0.68646 0.39792
0.73854 0.44792
End
0.72500 0.43750
0.74271 0.48854
0.80312 0.55729
End
0.09062 0.46875
0.11979 0.49167
0.18438 0.51250
End
0.23958 0.27708
0.27917 0.30104
0.34583 0.30208
End
0.59688 0.48750
0.61667 0.50938
0.63750 0.58021
End
0.06771 0.50938
0.08333 0.51979
0.14792 0.53646
End
0.13021 0.47813
0.13750 0.57396
0.16250 0.62083
End
0.23125 0.59583
0.27396 0.66146
0.34375 0.68229
End
0.62187 0.36250
0.66979 0.38125
0.68333 0.41458
End
0.23021 0.29167
0.24583 0.28542
0.30208 0.31667
End
0.24271 0.28437
0.29896 0.28437
0.35521 0.30521
End
0.60833 0.45833
0.62500 0.45417
0.66146 0.47083
End
0.40417 0.58333
0.40937 0.55521
0.42396 0.48646
End
0.74375 0.40937
0.78646 0.46875
0.84271 0.51979
End
0.16146 0.64583
0.23021 0.69479
0.29688 0.74375
End
0.17813 0.45208
0.21563 0.51667
0.26667 0.57188
End
0.74896 0.48021
0.82396 0.55417
0.82188 0.60417
End
0.78958 0.44167
0.80104 0.47604
0.86146 0.51875
End
0.71979 0.45417
0.71042 0.48021
0.74792 0.56458
End
0.41250 0.52083
0.41458 0.57708
0.41979 0.60313
End
0.17396 0.31562
0.17292 0.35729
0.21458 0.45104
End
0.12917 0.45521
0.11667 0.42396
0.15000 0.38438
End
0.09583 0.46563
0.09583 0.54479
0.12604 0.59375
End
0.27500 0.66146
0.28958 0.69896
0.32604 0.75938
End
0.17188 0.39167
0.21667 0.46875
0.31979 0.52500
End
0.40937 0.58750
0.41979 0.53750
0.41250 0.51146
End
0.17396 0.41354
0.21458 0.44792
0.26042 0.44375
End
0.16146 0.37812
0.17917 0.44583
0.17917 0.50104
End
0.65833 0.62396
0.72813 0.63125
0.79896 0.68021
End
0.64583 0.41458
0.66146 0.41458
0.70521 0.40625
End
0.13750 0.61250
0.19479 0.62083
0.28437 0.68021
End
0.17292 0.46458
0.24479 0.50104
0.32396 0.55521
End
0.34271 0.68437
0.37188 0.70729
0.41979 0.72292
End
0.65208 0.40729
0.63854 0.44583
0.66354 0.50938
End
0.16042 0.34896
0.20625 0.39271
0.23333 0.44688
End
0.70208 0.59271
0.71979 0.57604
0.74687 0.57917
End
0.18229 0.41146
0.17708 0.44375
0.18646 0.47187
End
0.42188 0.38542
0.43229 0.36042
0.46042 0.34063
End
0.10104 0.43854
0.10833 0.43333
0.13437 0.43958
End
0.19583 0.49375
0.23646 0.51354
0.23854 0.58958
End
0.19062 0.31667
0.20104 0.35521
0.22917 0.40625
End
0.16875 0.52917
0.22917 0.60938
0.26146 0.67708
End
0.43438 0.75625
0.44062 0.76771
0.45937 0.77083
End
0.60833 0.44375
0.63021 0.43854
0.65208 0.50104
End
0.84167 0.51458
0.91979 0.51771
0.96875 0.54271
End
0.13958 0.38750
0.23229 0.40313
0.29271 0.46771
End
0.45625 0.33854
0.44792 0.35417
0.47187 0.43958
End
0.58854 0.52604
0.59167 0.50208
0.61667 0.46771
End
0.09375 0.50417
0.11146 0.43646
0.12292 0.40625
End
0.09375 0.46146
0.14479 0.50208
0.17292 0.55729
End
0.42604 0.41354
0.43333 0.38125
0.44792 0.34896
End
0.64792 0.45521
0.72396 0.49792
0.77083 0.56146
End
0.62708 0.55104
0.67708 0.60313
0.72917 0.63750
End
0.79063 0.58229
0.81250 0.62708
0.86667 0.65000
End
0.61562 0.66667
0.61875 0.68646
0.64062 0.72708
End
0.43646 0.43854
0.42396 0.39375
0.43750 0.35208
End
0.62187 0.43438
0.62083 0.44583
0.62500 0.46667
End
0.44688 0.43958
0.43229 0.38125
0.45000 0.34583
End
0.62813 0.69271
0.64271 0.67396
0.63229 0.65312
End
0.59479 0.68437
0.62396 0.66146
0.65521 0.66146
End
0.61146 0.48333
0.64896 0.54167
0.63333 0.58646
End
0.72083 0.51146
0.78229 0.55729
0.86042 0.62083
End
0.10833 0.46979
0.12500 0.54688
0.17500 0.59896
End
0.10417 0.44688
0.12187 0.41458
0.12917 0.39792
End
0.22500 0.61667
0.29375 0.66563
0.38333 0.71667
End
0.71146 0.59479
0.73438 0.57604
0.77396 0.54063
End
0.09479 0.46563
0.18854 0.53125
0.26562 0.55417
End
0.27083 0.64167
0.34375 0.69688
0.39687 0.72604
End
0.22396 0.63542
0.26458 0.66771
0.33854 0.71146
End
0.70208 0.38646
0.74687 0.46250
0.77500 0.49792
End
0.42292 0.47396
0.42188 0.51250
0.42917 0.55833
End
0.29688 0.29063
0.30938 0.27917
0.35938 0.28229
End
0.77396 0.47292
0.84062 0.49271
0.90417 0.54271
End
0.41667 0.47917
0.42396 0.49479
0.47396 0.51875
End
0.61875 0.44062
0.69688 0.46250
0.73229 0.50833
End
0.50417 0.71562
0.57292 0.72917
0.62917 0.73542
End
0.69583 0.38438
0.73229 0.42292
0.74583 0.47187
End
0.19479 0.48854
0.24063 0.49479
0.27604 0.51146
End
0.76458 0.41458
0.82083 0.48438
0.88958 0.50938
End
0.73021 0.41250
0.77083 0.43438
0.77604 0.50104
End
0.11042 0.48438
0.10833 0.46354
0.12396 0.41042
End
0.15208 0.36771
0.16562 0.33437
0.18438 0.32500
End
0.71771 0.56979
0.74896 0.57604
0.81354 0.60938
End
0.07083 0.50938
0.09271 0.52604
0.10104 0.55104
End
0.09375 0.47396
0.15313 0.52187
0.21667 0.60729
End
0.80521 0.46563
0.82812 0.49375
0.86667 0.56146
End
0.27396 0.28854
0.27500 0.36979
0.30625 0.44271
End
0.09062 0.51979
0.13750 0.54896
0.17813 0.59792
End
0.08229 0.50521
0.11875 0.55833
0.16354 0.56875
End
0.13437 0.63646
0.17500 0.68750
0.22708 0.72083
End
0.19062 0.56354
0.23958 0.62396
0.29792 0.69271
End
0.65312 0.43438
0.65729 0.39792
0.66875 0.38229
End
0.12708 0.40000
0.11563 0.42917
0.16562 0.47917
End
0.73854 0.46146
0.79688 0.52604
0.87396 0.57604
End
0.15833 0.39896
0.19167 0.44375
0.18958 0.57500
End
0.20938 0.32500
0.27292 0.28958
0.34896 0.31667
End
0.19583 0.73958
0.20938 0.73958
0.23125 0.75104
End
0.25521 0.63125
0.29688 0.66042
0.33750 0.74583
End
0.63021 0.54271
0.65938 0.60313
0.67083 0.65000
End
0.14375 0.38438
0.16979 0.38542
0.23333 0.40937
End
0.72083 0.45833
0.77500 0.49688
0.80521 0.54167
End
0.71979 0.56979
0.72396 0.58229
0.75104 0.63229
End
0.18542 0.31458
0.17813 0.34375
0.23958 0.40729
End
0.63854 0.45937
0.70104 0.48021
0.78438 0.53021
End
0.20104 0.63542
0.25521 0.66250
0.26667 0.71042
End
0.45833 0.71875
0.47292 0.72708
0.51979 0.71354
End
0.62604 0.65417
0.64167 0.65938
0.65729 0.69375
End
0.12083 0.40937
0.13750 0.41354
0.21979 0.43229
End
0.10208 0.54479
0.14062 0.58229
0.15521 0.62813
End
0.16042 0.63542
0.18333 0.68646
0.23646 0.72500
End
0.22396 0.30833
0.24375 0.29375
0.31875 0.32188
End
0.18438 0.49583
0.17188 0.54479
0.19062 0.59375
End
0.40000 0.57604
0.41979 0.59896
0.43958 0.62396
End
0.61771 0.67500
0.63854 0.67083
0.66875 0.66042
End
0.75729 0.48125
0.82396 0.52708
0.86979 0.56146
End
0.60729 0.44479
0.61042 0.48438
0.64062 0.53750
End
0.66563 0.38958
0.70312 0.41875
0.76250 0.45312
End
0.62083 0.54375
0.64687 0.61771
0.68333 0.65104
End
0.82292 0.48958
0.89271 0.50938
0.95937 0.53021
End
0.24583 0.66458
0.29167 0.69583
0.32292 0.73021
End
0.17708 0.34271
0.20521 0.32083
0.27083 0.33437
End
0.62917 0.43438
0.63333 0.46146
0.65000 0.54271
End
0.72500 0.50938
0.76771 0.55521
0.82917 0.61771
End
0.65729 0.60833
0.69479 0.63438
0.75104 0.69063
End
0.59792 0.48750
0.63438 0.54583
0.65104 0.62187
End
0.07292 0.48854
0.07292 0.50104
0.09271 0.51979
End
0.27708 0.65938
0.29479 0.66979
0.35625 0.68333
End
0.41458 0.49896
0.41667 0.52083
0.43646 0.55312
End
0.08542 0.52083
0.12187 0.53646
0.18646 0.59583
End
0.11667 0.54688
0.18646 0.60104
0.22083 0.62292
End
0.60625 0.45417
0.60938 0.47708
0.65625 0.51458
End
0.15729 0.50104
0.20000 0.55625
0.25938 0.61250
End
0.81146 0.47187
0.87604 0.51354
0.92188 0.57604
End
0.15625 0.38438
0.17604 0.41667
0.18854 0.45417
End
0.62396 0.53542
0.66042 0.56667
0.71875 0.61771
End
0.65833 0.39479
0.66563 0.40937
0.67083 0.44167
End
0.27187 0.65833
0.32708 0.70937
0.35000 0.75521
End
0.15937 0.51354
0.18438 0.57396
0.17292 0.61146
End
0.70312 0.58646
0.74271 0.64167
0.80937 0.69479
End
0.67083 0.59896
0.72083 0.62083
0.79271 0.62292
End
0.79792 0.47813
0.85313 0.50313
0.89167 0.56042
End
0.21771 0.35521
0.26042 0.34375
0.27187 0.40000
End
0.71771 0.58021
0.74375 0.62813
0.75208 0.68854
End
0.62813 0.65208
0.62708 0.66146
0.64062 0.73125
End
0.10417 0.52500
0.18958 0.58854
0.19271 0.65208
End
0.10000 0.55104
0.09271 0.58437
0.12187 0.61042
End
0.86146 0.49583
0.89687 0.51562
0.93437 0.52708
End
0.42396 0.47187
0.43542 0.48021
0.47396 0.53229
End
0.18646 0.41250
0.23333 0.44479
0.27813 0.45833
End
0.72083 0.56875
0.71250 0.60417
0.75104 0.64167
End
0.61562 0.67396
0.63438 0.66771
0.67396 0.69688
End
0.80000 0.46146
0.85208 0.49375
0.93229 0.53438
End
0.60313 0.46354
0.62396 0.44896
0.67812 0.44479
End
0.17396 0.32188
0.18021 0.38646
0.25625 0.49583
End
0.42188 0.47813
0.41771 0.51771
0.45625 0.56250
End
0.18333 0.46875
0.24167 0.53125
0.28958 0.55521
End
0.64375 0.43125
0.69271 0.48542
0.71250 0.53333
End
0.43750 0.35313
0.46563 0.33958
0.47083 0.37292
End
0.10104 0.56146
0.09583 0.58437
0.10938 0.62813
End
0.15625 0.35729
0.16979 0.37604
0.20208 0.37188
End
0.14583 0.60938
0.21042 0.69167
0.28125 0.70833
End
0.22917 0.30625
0.21979 0.33021
0.23750 0.36562
End
0.67396 0.60000
0.71250 0.61146
0.77917 0.66771
End
