960 960
0.56042 0.03021
0.58333 0.08229
0.62083 0.12083
End
0.63542 0.30000
0.64271 0.24896
0.63750 0.22604
End
0.06250 0.09896
0.12917 0.06771
0.19375 0.13021
End
0.25729 0.85938
0.28750 0.92708
0.32292 0.97708
End
0.00521 0.21667
0.00313 0.14271
0.02917 0.11771
End
0.00208 0.72500
0.01562 0.68750
0.00417 0.62083
End
0.00000 0.50833
0.00417 0.63125
0.06250 0.71667
End
0.28021 0.15417
0.36979 0.20521
0.42500 0.24375
End
0.32604 0.79063
0.38958 0.83125
0.45729 0.82500
End
0.04063 0.73229
0.09375 0.80312
0.15208 0.84688
End
0.14792 0.04688
0.17188 0.03125
0.24688 0.01354
End
0.41250 0.00313
0.45208 0.05729
0.48958 0.12187
End
0.21563 0.02292
0.27708 0.00208
0.35625 0.00417
End
0.01979 0.19062
0.02396 0.13125
0.04271 0.10417
End
0.08229 0.20729
0.14583 0.21250
0.18750 0.26354
End
0.25208 0.10000
0.27917 0.15521
0.31667 0.23021
End
0.31354 0.18229
0.38333 0.21667
0.39271 0.26667
End
0.01979 0.43646
0.01875 0.47396
0.04583 0.52917
End
0.56875 0.08333
0.61250 0.14167
0.62813 0.22604
End
0.23229 0.81979
0.28542 0.87917
0.33333 0.94792
End
0.00000 0.13958
0.04896 0.12708
0.12500 0.11458
End
0.55937 0.16354
0.61875 0.20625
0.66458 0.23750
End
0.10729 0.07396
0.16250 0.03438
0.19062 0.02604
End
0.17396 0.76562
0.28333 0.79375
0.33958 0.86875
End
0.14688 0.03958
0.20417 0.06771
0.25625 0.08854
End
0.15937 0.07604
0.19792 0.14375
0.26354 0.19062
End
0.37083 0.15729
0.42083 0.21042
0.42812 0.30938
End
0.32292 0.01667
0.38333 0.07083
0.46042 0.10521
End
0.00104 0.34583
0.00000 0.38750
0.01354 0.44688
End
0.38854 0.13021
0.46771 0.13750
0.51250 0.15313
End
0.48125 0.82188
0.53854 0.79896
0.61042 0.78125
End
0.22604 0.90000
0.30625 0.92500
0.32500 0.96458
End
0.53438 0.11250
0.56771 0.14896
0.58542 0.19792
End
0.64167 0.21979
0.64479 0.30104
0.70937 0.38229
End
0.00104 0.25938
0.02813 0.31771
0.05833 0.40104
End
0.11250 0.07187
0.18854 0.02708
0.21458 0.02396
End
0.47917 0.81458
0.49688 0.83021
0.52812 0.85104
End
0.14167 0.74271
0.19375 0.76562
0.28542 0.78229
End
0.25521 0.05729
0.29896 0.10208
0.36979 0.18125
End
0.02708 0.80833
0.10417 0.87813
0.15104 0.93750
End
0.01354 0.76875
0.09062 0.82500
0.15937 0.88542
End
0.09062 0.76458
0.17813 0.79479
0.27917 0.78021
End
0.22396 0.03021
0.28125 0.08333
0.33542 0.11667
End
0.49583 0.81354
0.55937 0.82604
0.62292 0.84167
End
0.43229 0.00521
0.50625 0.00000
0.55729 0.00625
End
0.19792 0.91250
0.21979 0.93750
0.26771 0.96875
End
0.19062 0.76667
0.24479 0.82188
0.28021 0.85313
End
0.59271 0.09062
0.65729 0.20208
0.68333 0.25938
End
0.18021 0.04271
0.21354 0.02917
0.28333 0.02500
End
0.00208 0.60417
0.00417 0.51667
0.01250 0.47500
End
0.43750 0.00000
0.46250 0.00208
0.48958 0.00521
End
0.00625 0.85313
0.06667 0.92604
0.11771 0.96250
End
0.00417 0.47396
0.00000 0.56667
0.05937 0.60729
End
0.30625 0.00000
0.32812 0.02083
0.33958 0.05208
End
0.00104 0.12812
0.00313 0.18646
0.04271 0.24688
End
0.00000 0.18958
0.02396 0.22396
0.07083 0.24688
End
0.49792 0.82917
0.53438 0.84375
0.59792 0.89896
End
0.72917 0.83750
0.74792 0.85521
0.79271 0.86771
End
0.65417 0.19271
0.68646 0.22812
0.72188 0.28333
End
0.00000 0.49792
0.01042 0.56667
0.05833 0.63125
End
0.48646 0.00104
0.53438 0.00208
0.59167 0.08750
End
0.47187 0.81667
0.49375 0.82083
0.50938 0.86771
End
0.00000 0.75938
0.00937 0.81250
0.02917 0.85417
End
0.00000 0.72396
0.00625 0.64687
0.00521 0.62083
End
0.55937 0.77812
0.57812 0.78958
0.59375 0.79792
End
0.61562 0.00729
0.68333 0.00208
0.71042 0.05937
End
0.50938 0.03646
0.58125 0.06667
0.62604 0.11979
End
0.00000 0.40000
0.00000 0.47396
0.04063 0.52187
End
0.08542 0.10521
0.08646 0.08229
0.10625 0.07083
End
0.49896 0.24375
0.57292 0.27917
0.63021 0.31146
End
0.00104 0.76354
0.03438 0.84688
0.05833 0.91979
End
0.11146 0.71458
0.17500 0.75521
0.18646 0.82396
End
0.55000 0.00729
0.65625 0.02708
0.70104 0.06250
End
0.31875 0.80833
0.36667 0.80312
0.45000 0.85104
End
0.40521 0.06146
0.44375 0.10729
0.51042 0.18646
End
0.53958 0.80312
0.59896 0.78021
0.65417 0.79583
End
0.00104 0.13229
0.01667 0.16146
0.04792 0.21667
End
0.25833 0.78021
0.28646 0.84479
0.32188 0.91458
End
0.63958 0.24063
0.68958 0.26771
0.71354 0.31667
End
0.39062 0.81458
0.45625 0.84271
0.49375 0.88125
End
0.31354 0.00000
0.38646 0.05833
0.44583 0.11667
End
0.20208 0.79271
0.23854 0.83646
0.23646 0.90625
End
0.49167 0.01562
0.53854 0.09792
0.60833 0.17292
End
0.54896 0.78646
0.56563 0.78646
0.65938 0.80312
End
0.39792 0.82396
0.42500 0.83750
0.47396 0.83437
End
0.00208 0.63125
0.01562 0.70417
0.09271 0.74896
End
0.00521 0.13333
0.00000 0.16146
0.01771 0.24583
End
0.28542 0.06146
0.38854 0.09688
0.41875 0.17917
End
0.00104 0.41146
0.00313 0.47083
0.02604 0.53438
End
0.34479 0.00208
0.43229 0.00000
0.50938 0.02083
End
0.46354 0.82708
0.48333 0.88229
0.51667 0.95312
End
0.13750 0.73750
0.18646 0.79896
0.22708 0.86771
End
0.55104 0.22917
0.62083 0.28437
0.66771 0.34687
End
0.29896 0.79583
0.33437 0.85208
0.37500 0.93125
End
0.12604 0.73958
0.14896 0.75521
0.16354 0.81042
End
0.01562 0.12500
0.04896 0.11875
0.10208 0.16146
End
0.02708 0.11354
0.04792 0.11146
0.08958 0.12500
End
0.18646 0.75833
0.28750 0.79583
0.38854 0.82812
End
0.14688 0.88229
0.19271 0.90104
0.25417 0.91563
End
0.39167 0.05729
0.38750 0.00313
0.41875 0.00000
End
0.39375 0.00208
0.46458 0.04063
0.49167 0.06875
End
0.09479 0.08333
0.11979 0.06563
0.16875 0.07604
End
0.37917 0.20208
0.43750 0.21875
0.50313 0.30104
End
0.00000 0.13542
0.01146 0.16562
0.04479 0.18229
End
0.04688 0.16042
0.07812 0.20104
0.13437 0.26771
End
0.56458 0.00000
0.58750 0.06771
0.62604 0.10833
End
0.46458 0.82292
0.49375 0.90104
0.55417 0.95937
End
0.71771 0.81771
0.75938 0.88125
0.80000 0.93437
End
0.20625 0.02604
0.24792 0.00729
0.30729 0.04583
End
0.46458 0.86250
0.54063 0.88021
0.56667 0.92083
End
0.58437 0.07083
0.60938 0.12396
0.66146 0.18854
End
0.59062 0.21875
0.64375 0.26771
0.68333 0.32500
End
0.34583 0.88958
0.39375 0.90208
0.46979 0.95208
End
0.14167 0.04896
0.19062 0.02604
0.28229 0.07083
End
0.50104 0.15521
0.54583 0.18542
0.58125 0.23854
End
0.44792 0.86354
0.49688 0.89062
0.50729 0.96667
End
0.27500 0.00313
0.29688 0.07292
0.35313 0.08646
End
0.10104 0.18958
0.11771 0.24375
0.17083 0.27604
End
0.39479 0.82396
0.45208 0.84167
0.51875 0.88542
End
0.55312 0.09792
0.62187 0.12292
0.66771 0.16979
End
0.41875 0.00000
0.49062 0.00208
0.54271 0.06146
End
0.43229 0.83750
0.50208 0.90312
0.54375 0.95417
End
0.25312 0.08646
0.31042 0.11771
0.36771 0.10208
End
0.34063 0.00000
0.39583 0.00417
0.43958 0.01146
End
0.05417 0.10104
0.13958 0.14896
0.21771 0.19583
End
0.50521 0.80625
0.53646 0.81667
0.60104 0.84062
End
0.57708 0.05104
0.64271 0.08438
0.72083 0.12708
End
0.64687 0.00000
0.67292 0.02187
0.69063 0.06771
End
0.00729 0.68437
0.00104 0.61771
0.01042 0.52708
End
0.42708 0.00208
0.50833 0.00625
0.59479 0.02813
End
0.28021 0.00000
0.35625 0.00625
0.40417 0.04583
End
0.12604 0.79896
0.18021 0.85104
0.23333 0.92188
End
0.20000 0.86979
0.23854 0.92083
0.28333 0.95937
End
0.00208 0.60938
0.00833 0.68333
0.02917 0.76667
End
0.47187 0.81771
0.56563 0.86354
0.59479 0.92292
End
0.06771 0.81979
0.08333 0.82812
0.14688 0.88229
End
0.44896 0.18333
0.52604 0.23333
0.59896 0.28958
End
0.23125 0.77396
0.26146 0.78438
0.27500 0.79375
End
0.00208 0.73333
0.00417 0.80521
0.03438 0.90833
End
0.27500 0.00104
0.35104 0.06667
0.36250 0.15208
End
0.27187 0.77500
0.34271 0.83958
0.40104 0.86979
End
0.00313 0.22708
0.00521 0.31042
0.02917 0.37604
End
0.00000 0.17604
0.00313 0.23333
0.02083 0.28125
End
0.04167 0.10729
0.08646 0.11563
0.13021 0.17604
End
0.00000 0.31146
0.00208 0.39583
0.03438 0.47187
End
0.44896 0.00521
0.52083 0.05937
0.56146 0.08854
End
0.35417 0.83125
0.38542 0.84375
0.45000 0.87187
End
0.01667 0.83646
0.06563 0.87292
0.13229 0.96667
End
0.15625 0.03542
0.23125 0.06667
0.28021 0.11250
End
0.14271 0.82917
0.18958 0.89062
0.28021 0.96250
End
0.39896 0.15313
0.44688 0.22604
0.52500 0.29583
End
0.01146 0.63646
0.04375 0.72083
0.11875 0.76562
End
0.13750 0.04167
0.17708 0.08750
0.25104 0.16562
End
0.03958 0.10729
0.10000 0.21042
0.12500 0.32188
End
0.44375 0.83021
0.51250 0.88542
0.57604 0.91458
End
0.75208 0.86042
0.76250 0.89062
0.81979 0.91146
End
0.04167 0.85313
0.07396 0.89792
0.11563 0.92083
End
0.00313 0.48750
0.03333 0.51562
0.05104 0.58021
End
0.50938 0.81771
0.53125 0.88854
0.55000 0.93333
End
0.34063 0.00000
0.43542 0.00521
0.47396 0.00104
End
0.08229 0.82396
0.14688 0.90625
0.15937 0.95417
End
0.00000 0.59792
0.03854 0.63646
0.05417 0.71875
End
0.25208 0.77812
0.32292 0.80104
0.33750 0.86250
End
0.11042 0.89687
0.17813 0.96042
0.20729 0.99271
End
0.59792 0.28542
0.67188 0.29583
0.72083 0.37396
End
0.26667 0.78021
0.34271 0.79479
0.38958 0.84167
End
0.61146 0.23542
0.62917 0.28646
0.62917 0.31979
End
0.29271 0.06354
0.35833 0.11042
0.41667 0.13646
End
0.29375 0.85729
0.35833 0.89479
0.41458 0.97083
End
0.35000 0.01562
0.42917 0.00208
0.52708 0.03229
End
0.54375 0.16458
0.60521 0.23125
0.67292 0.28333
End
0.24375 0.01667
0.29167 0.11667
0.33646 0.19896
End
0.52187 0.79479
0.58542 0.81875
0.61667 0.88646
End
0.00104 0.50313
0.01042 0.57292
0.03542 0.63958
End
0.03542 0.30833
0.05417 0.34063
0.08750 0.42188
End
0.30312 0.00833
0.33021 0.11875
0.37917 0.17604
End
0.25208 0.00208
0.27708 0.01458
0.35729 0.09271
End
0.51875 0.79688
0.55000 0.81458
0.59792 0.88438
End
0.49271 0.81771
0.54167 0.79375
0.62917 0.86042
End
0.36354 0.16354
0.43333 0.18229
0.44583 0.26042
End
0.55833 0.25729
0.59688 0.25312
0.69479 0.26562
End
0.06771 0.86979
0.09062 0.91875
0.10208 0.95833
End
0.00000 0.14062
0.03021 0.11667
0.07708 0.14583
End
0.00208 0.12917
0.02708 0.15833
0.06354 0.19167
End
0.26250 0.77917
0.30625 0.84479
0.41667 0.89583
End
0.14792 0.83958
0.14167 0.93437
0.17083 0.99583
End
0.50313 0.22917
0.60208 0.25417
0.65521 0.30729
End
0.15104 0.04792
0.19271 0.09271
0.21354 0.12812
End
0.19271 0.89583
0.24688 0.91875
0.27604 0.96458
End
0.25000 0.00521
0.35625 0.00729
0.41146 0.05208
End
0.00208 0.80000
0.00313 0.84792
0.06979 0.87813
End
0.46563 0.07396
0.51979 0.10000
0.57917 0.13646
End
0.06563 0.09375
0.12917 0.10312
0.17188 0.11250
End
0.78750 0.87292
0.82083 0.91667
0.85313 0.95937
End
0.17917 0.10625
0.25938 0.16042
0.34583 0.23750
End
0.34167 0.23542
0.37292 0.26875
0.44583 0.28854
End
0.37188 0.00208
0.41979 0.08542
0.48333 0.13646
End
0.20104 0.02187
0.24271 0.02187
0.31042 0.08646
End
0.00104 0.27604
0.05104 0.34479
0.08854 0.41250
End
0.00208 0.64687
0.00000 0.71042
0.07812 0.72708
End
0.14375 0.13021
0.23750 0.18542
0.27187 0.25000
End
0.36667 0.00625
0.43750 0.04271
0.50938 0.07396
End
0.00000 0.62292
0.00417 0.68229
0.03854 0.75313
End
0.44167 0.00729
0.49271 0.00208
0.59896 0.05833
End
0.49271 0.00313
0.54583 0.02083
0.64062 0.07604
End
0.06563 0.93646
0.13542 0.95104
0.15000 0.97813
End
0.00208 0.30938
0.00521 0.39062
0.10312 0.40313
End
0.00104 0.18750
0.02813 0.24792
0.08750 0.33021
End
0.15833 0.03438
0.17917 0.02708
0.21563 0.02604
End
0.53438 0.00521
0.63333 0.02187
0.67812 0.05521
End
0.87917 0.45937
0.87708 0.44375
0.88438 0.43646
End
0.10417 0.07292
0.13750 0.07500
0.17500 0.11771
End
0.29375 0.00000
0.34167 0.00313
0.40729 0.01771
End
0.50104 0.06875
0.54688 0.10312
0.55208 0.13750
End
0.16146 0.87604
0.17604 0.92917
0.21042 0.98750
End
0.48646 0.87604
0.52708 0.93333
0.55729 0.96562
End
0.00104 0.53542
0.00208 0.60938
0.05521 0.69896
End
0.32812 0.00208
0.38021 0.00000
0.45417 0.05104
End
0.04167 0.23958
0.08542 0.29688
0.11771 0.35833
End
0.36042 0.15104
0.41979 0.24167
0.46354 0.28125
End
0.36354 0.23542
0.39375 0.29479
0.40833 0.30625
End
0.00208 0.15417
0.00521 0.18646
0.06458 0.24792
End
0.20938 0.76250
0.25625 0.87396
0.28854 0.93542
End
0.12812 0.13750
0.18229 0.21875
0.25208 0.25625
End
0.43542 0.87708
0.45729 0.95312
0.46563 0.99271
End
0.00208 0.53021
0.02604 0.56979
0.07812 0.62917
End
0.42812 0.95417
0.48021 0.97292
0.50938 0.99167
End
0.29271 0.00313
0.30312 0.04479
0.36667 0.13854
End
0.16667 0.89583
0.19375 0.93333
0.26562 0.98438
End
0.36458 0.02917
0.40417 0.07917
0.44375 0.14792
End
0.49271 0.82292
0.55208 0.78646
0.63021 0.80312
End
0.17396 0.03021
0.24688 0.09167
0.32604 0.09479
End
0.02083 0.78646
0.05000 0.84375
0.15313 0.88854
End
0.46042 0.91667
0.52812 0.95312
0.55104 0.97188
End
0.32500 0.06250
0.34063 0.13333
0.35521 0.18333
End
0.00104 0.72083
0.00417 0.76042
0.05000 0.80833
End
0.37812 0.82188
0.44167 0.82500
0.49792 0.86354
End
0.00208 0.50417
0.00000 0.56875
0.08438 0.65208
End
0.00313 0.24896
0.00000 0.31250
0.01771 0.38021
End
0.03854 0.62396
0.05625 0.67604
0.06354 0.73333
End
0.80833 0.93750
0.83333 0.94375
0.89271 0.97292
End
0.44479 0.10104
0.45729 0.17188
0.48958 0.21458
End
0.07604 0.91354
0.12500 0.94479
0.14896 0.97500
End
0.00208 0.65625
0.04688 0.74896
0.12812 0.83437
End
0.39271 0.88125
0.45000 0.95208
0.53542 1.00000
End
0.00104 0.37396
0.01875 0.38854
0.03021 0.43021
End
0.44896 0.82292
0.47604 0.82604
0.51667 0.89687
End
0.00313 0.22187
0.05208 0.30312
0.12083 0.36667
End
0.39687 0.82604
0.43333 0.82396
0.44792 0.82500
End
0.26250 0.00000
0.33125 0.03854
0.38125 0.08333
End
0.14062 0.12187
0.19479 0.13437
0.26771 0.21979
End
0.00729 0.61042
0.03646 0.69688
0.12083 0.76458
End
0.51458 0.01458
0.55729 0.06563
0.57812 0.12396
End
0.00417 0.12708
0.00000 0.22500
0.03854 0.24688
End
0.10833 0.74271
0.13229 0.78021
0.16354 0.81563
End
0.41042 0.83229
0.48229 0.88750
0.54896 0.97604
End
0.11042 0.12187
0.11771 0.18438
0.14583 0.24896
End
0.29271 0.10625
0.36458 0.15313
0.42188 0.20938
End
0.51875 0.79896
0.56146 0.78542
0.58437 0.78021
End
0.18542 0.77604
0.24271 0.81875
0.32292 0.87292
End
0.40104 0.15313
0.46771 0.21042
0.53229 0.24688
End
0.00104 0.20312
0.03125 0.27500
0.10104 0.30208
End
0.23646 0.96771
0.27604 0.99687
0.34583 0.99583
End
0.10104 0.24063
0.07604 0.18229
0.10938 0.15104
End
0.00000 0.23542
0.04896 0.26354
0.10625 0.30000
End
0.19062 0.85104
0.23333 0.91458
0.29792 0.96979
End
0.00208 0.30417
0.00625 0.36771
0.06458 0.43542
End
0.00000 0.45104
0.00000 0.49062
0.05625 0.56563
End
0.09792 0.74271
0.16354 0.78333
0.21563 0.84062
End
0.43958 0.83021
0.49479 0.82083
0.55625 0.86146
End
0.47292 0.09375
0.54792 0.14583
0.62500 0.17813
End
0.44792 0.25625
0.46979 0.27083
0.51875 0.31979
End
0.42396 0.22083
0.44479 0.26042
0.46875 0.29688
End
0.00313 0.53438
0.02813 0.60938
0.07708 0.67500
End
0.01042 0.63333
0.00313 0.69896
0.06667 0.77708
End
0.02604 0.13750
0.11042 0.18438
0.19583 0.23229
End
0.60208 0.05000
0.65208 0.08229
0.68229 0.14583
End
0.06667 0.09583
0.09167 0.07812
0.15833 0.11458
End
0.41875 0.84583
0.48542 0.90417
0.53333 0.93437
End
0.52917 0.80208
0.56771 0.79792
0.62604 0.80833
End
0.37188 0.09792
0.43958 0.15000
0.49583 0.17917
End
0.53750 0.05208
0.54792 0.12917
0.60208 0.20417
End
0.24583 0.03542
0.30521 0.07083
0.33021 0.15417
End
0.45104 0.82188
0.50208 0.81042
0.53750 0.83646
End
0.35313 0.16979
0.40104 0.26979
0.44792 0.30521
End
0.39167 0.84479
0.47083 0.91250
0.53333 0.96667
End
0.53854 0.84583
0.59167 0.86250
0.60625 0.90000
End
0.32917 0.25000
0.38021 0.25625
0.44167 0.27813
End
0.38333 0.02604
0.46458 0.10104
0.54688 0.17396
End
0.00729 0.20521
0.03333 0.25729
0.12604 0.30312
End
0.44688 0.90833
0.54583 0.92812
0.58854 0.95208
End
0.43333 0.12187
0.52708 0.19271
0.57812 0.31250
End
0.08333 0.07812
0.13229 0.05937
0.17188 0.15313
End
0.27917 0.00313
0.37083 0.01250
0.38333 0.08438
End
0.00000 0.34687
0.01667 0.38021
0.03333 0.44896
End
0.09167 0.07708
0.09479 0.09583
0.10625 0.14479
End
0.40625 0.87500
0.43229 0.92917
0.50313 0.96979
End
0.00313 0.22292
0.00208 0.30625
0.02917 0.39687
End
0.46771 0.85625
0.54375 0.87708
0.55521 0.91146
End
0.50104 0.26042
0.60625 0.29375
0.65312 0.34792
End
0.00521 0.14688
0.08646 0.20000
0.18021 0.23750
End
0.22812 0.11771
0.30625 0.15521
0.34687 0.23125
End
0.13437 0.15833
0.18854 0.19583
0.26979 0.23854
End
0.00208 0.13333
0.07708 0.19271
0.15104 0.20312
End
0.10521 0.06979
0.16042 0.09271
0.21354 0.15417
End
0.38542 0.09271
0.44583 0.17292
0.45521 0.21042
End
0.06667 0.21146
0.06875 0.25104
0.10208 0.30208
End
0.53646 0.88438
0.53646 0.83437
0.56563 0.79375
End
0.56146 0.27813
0.61250 0.26562
0.68229 0.30208
End
0.55417 0.04271
0.58021 0.11458
0.59271 0.17500
End
0.15729 0.03021
0.19479 0.10104
0.22917 0.17396
End
0.00000 0.40937
0.00417 0.49271
0.03021 0.55937
End
0.00729 0.79583
0.01667 0.88021
0.10417 0.94479
End
0.07812 0.08125
0.10625 0.10729
0.15000 0.16146
End
0.00104 0.52604
0.03438 0.59271
0.05625 0.63333
End
0.08646 0.74479
0.13750 0.79271
0.18958 0.84792
End
0.50313 0.14792
0.58646 0.21875
0.60521 0.27292
End
0.33646 0.00000
0.45208 0.01146
0.51667 0.06667
End
0.43438 0.00313
0.51250 0.00000
0.59896 0.02292
End
0.00521 0.74167
0.01354 0.80729
0.01146 0.86562
End
0.44688 0.00000
0.47292 0.07500
0.49375 0.14271
End
0.08438 0.30000
0.09479 0.34167
0.11146 0.37708
End
0.37500 0.84167
0.46563 0.89792
0.44271 0.98333
End
0.00104 0.13229
0.05312 0.20833
0.08125 0.25417
End
0.62604 0.09583
0.67500 0.16875
0.69583 0.21771
End
0.12500 0.71458
0.16458 0.78333
0.16250 0.83646
End
0.41042 0.01771
0.50417 0.08646
0.57604 0.12500
End
0.43646 0.82917
0.47917 0.83750
0.52083 0.89792
End
0.10417 0.76562
0.15104 0.85417
0.20208 0.87708
End
0.47917 0.00104
0.53646 0.00104
0.62187 0.00000
End
0.40729 0.82604
0.46146 0.86250
0.54063 0.93646
End
0.03438 0.17813
0.07500 0.21979
0.16354 0.25521
End
0.52812 0.19583
0.55833 0.26042
0.60521 0.32812
End
0.23229 0.77812
0.27604 0.81875
0.32292 0.87083
End
0.62396 0.09271
0.68229 0.11875
0.70833 0.14583
End
0.06667 0.88646
0.13854 0.88750
0.21875 0.93437
End
0.00313 0.59479
0.08854 0.65729
0.14375 0.71771
End
0.56771 0.03958
0.65938 0.04063
0.72292 0.12917
End
0.21875 0.83646
0.20312 0.80833
0.21979 0.76458
End
0.38021 0.00104
0.44375 0.03229
0.46771 0.09792
End
0.00104 0.67708
0.03333 0.71354
0.05729 0.79063
End
0.55208 0.78542
0.57917 0.78021
0.63542 0.81146
End
0.29792 0.16146
0.35417 0.19896
0.37917 0.25521
End
0.39479 0.18854
0.46458 0.24583
0.46667 0.31875
End
0.12187 0.73021
0.17500 0.77292
0.20104 0.84167
End
0.15104 0.04063
0.16562 0.04271
0.20833 0.04167
End
0.43646 0.00000
0.49896 0.00104
0.53646 0.05312
End
0.00000 0.31875
0.01771 0.39167
0.03021 0.41667
End
0.28125 0.81979
0.31771 0.90312
0.36250 0.94167
End
0.00000 0.59271
0.01458 0.61250
0.07604 0.68854
End
0.33437 0.26146
0.39062 0.28229
0.44792 0.31562
End
0.43438 0.16458
0.49271 0.21042
0.53438 0.28229
End
0.57188 0.08854
0.61250 0.14062
0.65208 0.18854
End
0.60000 0.26458
0.66458 0.32188
0.72813 0.34167
End
0.45104 0.09792
0.43542 0.18229
0.45625 0.23646
End
0.54063 0.79271
0.57604 0.78854
0.65625 0.78750
End
0.47813 0.00000
0.56667 0.00625
0.61979 0.05729
End
0.49062 0.81667
0.52604 0.85000
0.62500 0.87708
End
0.00000 0.16771
0.00104 0.22500
0.07917 0.26667
End
0.00104 0.13125
0.01354 0.14583
0.06563 0.19896
End
0.20625 0.02604
0.22292 0.05625
0.27813 0.06771
End
0.04792 0.10938
0.08438 0.08125
0.17500 0.12917
End
0.54792 0.00104
0.59062 0.01667
0.65000 0.07708
End
0.34687 0.00000
0.40417 0.06146
0.47708 0.09688
End
0.00000 0.13125
0.00000 0.18542
0.01354 0.25312
End
0.30833 0.15104
0.34167 0.21771
0.40000 0.28854
End
0.34271 0.21146
0.41042 0.26146
0.49688 0.31250
End
0.03438 0.18958
0.09583 0.23333
0.12083 0.26354
End
0.75833 0.88438
0.75208 0.90625
0.76354 0.92292
End
0.10521 0.07187
0.11458 0.13646
0.16458 0.22396
End
0.00729 0.82604
0.06875 0.89167
0.12083 0.92292
End
0.57083 0.01458
0.64167 0.10938
0.69375 0.20208
End
0.43125 0.06458
0.53021 0.11250
0.58333 0.16875
End
0.54688 0.20417
0.59062 0.23542
0.65000 0.29271
End
0.29896 0.01667
0.35521 0.09167
0.39896 0.13125
End
0.07917 0.74479
0.15208 0.78125
0.20000 0.79792
End
0.46146 0.82083
0.48646 0.82708
0.53958 0.89687
End
0.36042 0.83125
0.40208 0.87708
0.41979 0.96667
End
0.49375 0.15833
0.53125 0.23542
0.56146 0.30833
End
0.43438 0.00000
0.53021 0.00104
0.61354 0.01771
End
0.49792 0.13542
0.56667 0.15729
0.61458 0.19271
End
0.50313 0.11563
0.57812 0.16562
0.61458 0.18646
End
