0.848472 -0.067890 0.503274
0.848311 -0.067924 0.503279
0.848091 -0.067932 0.503316
0.848090 -0.067919 0.503339
0.848108 -0.067928 0.503349
0.848129 -0.067925 0.503357
0.848129 -0.067928 0.503363
0.848126 -0.067925 0.503364
0.848120 -0.067928 0.503369
0.848117 -0.067926 0.503372
0.848116 -0.067930 0.503375
0.848105 -0.067742 0.503437
0.848050 -0.067544 0.503470
0.847992 -0.067179 0.503563
0.847932 -0.066263 0.503797
0.847663 -0.065272 0.504052
0.846770 -0.063647 0.504458
0.845551 -0.061882 0.504837
0.844336 -0.060080 0.505191
0.843352 -0.058172 0.505603
0.842840 -0.056799 0.505906
0.842256 -0.055007 0.506335
0.841737 -0.053161 0.506767
0.841291 -0.051149 0.507137
0.840969 -0.049266 0.507505
0.840609 -0.047312 0.507844
0.840309 -0.045896 0.508066
0.840021 -0.043895 0.508355
0.839816 -0.041861 0.508589
0.839535 -0.039766 0.508899
0.839268 -0.038519 0.509044
0.838733 -0.036541 0.509230
0.838138 -0.034470 0.509365
0.837379 -0.032141 0.509516
0.836977 -0.030760 0.509606
0.836453 -0.028802 0.509800
0.835858 -0.026812 0.510059
0.835099 -0.024709 0.510283
0.834265 -0.022533 0.510374
0.833412 -0.020287 0.510393
0.833027 -0.018858 0.510405
0.832665 -0.016685 0.510408
0.832457 -0.014538 0.510455
0.832415 -0.012388 0.510513
0.832399 -0.010152 0.510453
0.832401 -0.008652 0.510419
0.832427 -0.006608 0.510328
0.832494 -0.004494 0.510254
0.832631 -0.002169 0.510152
0.832875 0.000008 0.510029
0.833140 0.001770 0.509905
0.833564 0.003748 0.509782
0.833882 0.005915 0.509613
0.834190 0.007992 0.509483
0.834274 0.009330 0.509411
0.834361 0.011657 0.509162
0.834854 0.013770 0.509023
0.835509 0.015735 0.508909
0.836332 0.017847 0.508667
0.836959 0.019163 0.508596
0.837730 0.021305 0.508293
0.838657 0.023251 0.507985
0.839695 0.025266 0.507676
0.840434 0.026783 0.507350
0.841574 0.029039 0.507004
0.842183 0.030478 0.506610
0.843161 0.032489 0.506146
0.843671 0.033791 0.505823
0.844155 0.035775 0.505296
0.844468 0.037099 0.504963
0.845201 0.039182 0.504459
0.846629 0.041768 0.503992
0.846991 0.042592 0.503899
0.847867 0.044118 0.503520
0.849030 0.045458 0.503285
End
0.842299 -0.070481 0.489039
0.843687 -0.070597 0.488967
0.843353 -0.070579 0.488926
0.842974 -0.070548 0.488992
0.843020 -0.070548 0.489026
0.843082 -0.070559 0.489021
0.843096 -0.070553 0.489026
0.843094 -0.070557 0.489026
0.843093 -0.070552 0.489027
0.843091 -0.070557 0.489030
0.843093 -0.070511 0.489046
0.843079 -0.070337 0.489110
0.843007 -0.070133 0.489155
0.842957 -0.069663 0.489311
0.842755 -0.068564 0.489649
0.842309 -0.067595 0.489935
0.841326 -0.065865 0.490359
0.840400 -0.064227 0.490645
0.839519 -0.062516 0.490900
0.838434 -0.060697 0.491242
0.837699 -0.059480 0.491489
0.836524 -0.057659 0.491813
0.835403 -0.055752 0.492096
0.834346 -0.053661 0.492393
0.833751 -0.052377 0.492558
0.832913 -0.050497 0.492773
0.831909 -0.048195 0.493064
0.831092 -0.046229 0.493326
0.830302 -0.044301 0.493571
0.829829 -0.042974 0.493735
0.829254 -0.041008 0.493985
0.828634 -0.039140 0.494169
0.827980 -0.037073 0.494365
0.827084 -0.035118 0.494479
0.826253 -0.033688 0.494546
0.824953 -0.031371 0.494611
0.823985 -0.029173 0.494630
0.823289 -0.026928 0.494657
0.822908 -0.024786 0.494703
0.822652 -0.022679 0.494794
0.822496 -0.021170 0.494854
0.822436 -0.018856 0.494869
0.822502 -0.016627 0.494873
0.822578 -0.014686 0.494903
0.822604 -0.012505 0.494921
0.822611 -0.011087 0.494937
0.822570 -0.009281 0.494927
0.822445 -0.007167 0.494934
0.822215 -0.004905 0.494843
0.822162 -0.002733 0.494803
0.822159 -0.000699 0.494729
0.822243 0.000926 0.494633
0.822951 0.003657 0.494515
0.823398 0.005249 0.494489
0.823612 0.007519 0.494323
0.824063 0.009525 0.494185
0.824426 0.010840 0.494174
0.824565 0.013066 0.493975
0.825089 0.015420 0.493878
0.825913 0.017235 0.493737
0.826346 0.018729 0.493605
0.826970 0.020778 0.493289
0.827858 0.022663 0.493054
0.828526 0.024849 0.492670
0.829083 0.026110 0.492461
0.830035 0.027986 0.492214
0.830845 0.029952 0.491924
0.832002 0.031864 0.491768
0.833363 0.033732 0.491540
0.834684 0.035668 0.491221
0.835507 0.037341 0.490888
0.836493 0.039219 0.490651
0.837810 0.040994 0.490401
0.838934 0.042359 0.490288
0.840509 0.044118 0.489999
0.841771 0.045736 0.489602
0.842501 0.047300 0.489167
0.843314 0.048309 0.488963
End
0.836186 -0.072868 0.472858
0.835708 -0.072852 0.472859
0.835577 -0.072832 0.472863
0.835681 -0.072840 0.472913
0.835725 -0.072847 0.472919
0.835729 -0.072844 0.472921
0.835728 -0.072850 0.472925
0.835728 -0.072846 0.472926
0.835726 -0.072851 0.472933
0.835726 -0.072847 0.472932
0.835728 -0.072726 0.472968
0.835678 -0.072530 0.472991
0.835565 -0.072009 0.473066
0.835509 -0.071454 0.473126
0.835194 -0.070148 0.473322
0.834076 -0.068537 0.473500
0.832673 -0.066817 0.473691
0.831524 -0.065064 0.474010
0.830900 -0.063969 0.474211
0.830145 -0.062469 0.474507
0.829254 -0.060804 0.474801
0.828176 -0.059113 0.475053
0.826845 -0.057063 0.475249
0.826039 -0.055841 0.475385
0.824793 -0.053925 0.475540
0.823478 -0.051855 0.475585
0.822192 -0.049798 0.475623
0.821067 -0.047597 0.475633
0.820279 -0.045611 0.475775
0.819704 -0.043589 0.475939
0.819107 -0.040919 0.476201
0.818783 -0.039682 0.476312
0.818391 -0.038355 0.476442
0.817731 -0.036428 0.476642
0.816935 -0.034385 0.476749
0.816111 -0.032170 0.476751
0.815496 -0.030021 0.476723
0.815209 -0.027928 0.476764
0.815080 -0.025826 0.476770
0.815005 -0.023763 0.476805
0.814943 -0.021690 0.476833
0.814866 -0.019530 0.476796
0.814848 -0.017520 0.476830
0.814748 -0.015981 0.476763
0.814666 -0.013793 0.476686
0.814586 -0.011935 0.476684
0.814402 -0.009663 0.476641
0.814386 -0.007523 0.476637
0.814547 -0.005248 0.476626
0.814774 -0.003291 0.476599
0.814836 -0.001842 0.476589
0.815080 0.000513 0.476538
0.815532 0.002409 0.476471
0.815609 0.004694 0.476410
0.815849 0.006719 0.476383
0.816002 0.008804 0.476317
0.816446 0.010913 0.476252
0.816844 0.012691 0.476155
0.817201 0.014995 0.476002
0.817889 0.016801 0.475859
0.817948 0.018074 0.475701
0.818452 0.020506 0.475475
0.819017 0.022471 0.475358
0.819096 0.024110 0.475143
0.819836 0.026145 0.475107
0.820205 0.028097 0.474986
0.820893 0.030142 0.474905
0.821604 0.031322 0.474823
0.823062 0.033483 0.474729
0.824683 0.035352 0.474614
0.826498 0.037166 0.474474
0.828416 0.038977 0.474170
0.829729 0.040110 0.474092
0.831561 0.042127 0.473817
0.832373 0.043836 0.473489
0.833333 0.045698 0.473269
0.834550 0.047351 0.473060
0.835554 0.048570 0.472912
0.837116 0.050011 0.472790
0.838334 0.050724 0.472741
End
0.831686 -0.073726 0.455253
0.831287 -0.073708 0.455247
0.831285 -0.073710 0.455333
0.831320 -0.073716 0.455340
0.831325 -0.073716 0.455342
0.831335 -0.073716 0.455349
0.831335 -0.073715 0.455350
0.831337 -0.073715 0.455354
0.831337 -0.073719 0.455355
0.831338 -0.073718 0.455358
0.831340 -0.073684 0.455362
0.831336 -0.073519 0.455398
0.831279 -0.073295 0.455420
0.831194 -0.072864 0.455468
0.831115 -0.072316 0.455501
0.830751 -0.071084 0.455608
0.829882 -0.069543 0.455704
0.828720 -0.067865 0.455804
0.827587 -0.066186 0.455820
0.826865 -0.064966 0.455844
0.825768 -0.063113 0.455864
0.824799 -0.061219 0.455936
0.823908 -0.059281 0.456010
0.822957 -0.057447 0.456041
0.822292 -0.056173 0.456064
0.821272 -0.054152 0.456121
0.820447 -0.052109 0.456174
0.819962 -0.050308 0.456295
0.819470 -0.048568 0.456407
0.818798 -0.046750 0.456453
0.818124 -0.045329 0.456464
0.817129 -0.043283 0.456496
0.815954 -0.041049 0.456483
0.815083 -0.038895 0.456538
0.814326 -0.036841 0.456622
0.813835 -0.035397 0.456662
0.813168 -0.033156 0.456718
0.812647 -0.030974 0.456756
0.812303 -0.029051 0.456826
0.811949 -0.027021 0.456834
0.811598 -0.025619 0.456814
0.811038 -0.023540 0.456717
0.810490 -0.021247 0.456680
0.810153 -0.019475 0.456637
0.809969 -0.017343 0.456594
0.809735 -0.015063 0.456567
0.809557 -0.012958 0.456535
0.809456 -0.011330 0.456583
0.809374 -0.009200 0.456544
0.809312 -0.006984 0.456499
0.809286 -0.005392 0.456549
0.809286 -0.003148 0.456559
0.809324 -0.000847 0.456545
0.809560 0.001597 0.456532
0.809655 0.003090 0.456542
0.809912 0.004851 0.456529
0.810329 0.006884 0.456446
0.810402 0.008561 0.456406
0.811033 0.010970 0.456358
0.811985 0.013203 0.456279
0.812588 0.014780 0.456239
0.813573 0.017164 0.456131
0.814261 0.019133 0.456070
0.815268 0.021031 0.456126
0.816017 0.022351 0.456087
0.817114 0.024441 0.456083
0.817812 0.026485 0.455972
0.818508 0.027998 0.455902
0.819759 0.029819 0.455869
0.821063 0.031696 0.455756
0.822341 0.033575 0.455734
0.823144 0.035415 0.455596
0.824031 0.037222 0.455554
0.824433 0.038564 0.455500
0.825183 0.040424 0.455449
0.826238 0.042253 0.455435
0.827330 0.044024 0.455324
0.828688 0.045684 0.455244
0.829881 0.047328 0.455076
0.831276 0.048880 0.455000
0.832754 0.050483 0.454912
0.834203 0.051386 0.454813
End
0.832797 -0.073945 0.436849
0.832656 -0.073931 0.436873
0.832652 -0.073929 0.436907
0.832653 -0.073925 0.436928
0.832654 -0.073922 0.436925
0.832655 -0.073928 0.436940
0.832654 -0.073922 0.436944
0.832653 -0.073928 0.436947
0.832652 -0.073923 0.436950
0.832653 -0.073918 0.436950
0.832654 -0.073759 0.436969
0.832609 -0.073551 0.436968
0.832509 -0.073091 0.436968
0.832418 -0.072244 0.436943
0.832194 -0.071461 0.436853
0.831325 -0.070137 0.436736
0.830138 -0.068744 0.436611
0.828700 -0.067147 0.436546
0.827094 -0.065221 0.436490
0.825464 -0.063342 0.436469
0.824339 -0.062021 0.436463
0.822860 -0.059909 0.436494
0.821527 -0.057555 0.436540
0.820603 -0.055759 0.436494
0.819785 -0.053960 0.436470
0.819204 -0.052836 0.436444
0.818129 -0.050961 0.436359
0.816731 -0.048831 0.436236
0.815809 -0.047116 0.436128
0.814800 -0.044929 0.436170
0.814129 -0.042821 0.436159
0.813493 -0.040795 0.436119
0.812718 -0.038640 0.436021
0.812191 -0.037313 0.435975
0.811307 -0.035114 0.435942
0.810639 -0.033005 0.435935
0.810159 -0.031417 0.435902
0.809729 -0.029259 0.435853
0.809346 -0.027002 0.435800
0.809140 -0.025541 0.435791
0.808918 -0.023546 0.435779
0.808655 -0.021333 0.435781
0.808434 -0.019220 0.435748
0.808254 -0.017385 0.435731
0.808031 -0.015189 0.435702
0.807890 -0.013041 0.435711
0.807782 -0.010931 0.435699
0.807609 -0.008785 0.435696
0.807595 -0.006624 0.435702
0.807591 -0.005299 0.435707
0.807599 -0.003141 0.435703
0.807660 -0.001011 0.435714
0.807843 0.001060 0.435696
0.808134 0.003371 0.435727
0.808513 0.004987 0.435717
0.809038 0.006998 0.435725
0.809555 0.009059 0.435764
0.810197 0.011018 0.435813
0.810636 0.012630 0.435840
0.811427 0.014679 0.435894
0.812206 0.016732 0.435935
0.813119 0.018708 0.435907
0.814259 0.020677 0.435961
0.815333 0.023028 0.436005
0.816091 0.024440 0.435967
0.817234 0.026371 0.436042
0.818232 0.028233 0.436176
0.819207 0.030172 0.436199
0.819847 0.031421 0.436235
0.820977 0.033293 0.436254
0.822192 0.035154 0.436327
0.823689 0.037111 0.436342
0.825187 0.039049 0.436390
0.825859 0.040400 0.436363
0.826800 0.042400 0.436411
0.827757 0.044098 0.436440
0.828777 0.045761 0.436442
0.829471 0.046878 0.436491
0.830801 0.048475 0.436621
0.832450 0.050058 0.436749
0.834160 0.051178 0.436844
End
0.836199 -0.073032 0.419292
0.836150 -0.073005 0.419348
0.836159 -0.073008 0.419363
0.836162 -0.073004 0.419367
0.836163 -0.073005 0.419373
0.836163 -0.073003 0.419380
0.836161 -0.073007 0.419381
0.836162 -0.072987 0.419381
0.836150 -0.072815 0.419388
0.836089 -0.072575 0.419399
0.836021 -0.072112 0.419358
0.835888 -0.071462 0.419270
0.835204 -0.070151 0.419107
0.834105 -0.068503 0.418879
0.832880 -0.066775 0.418727
0.831763 -0.064952 0.418576
0.830835 -0.063156 0.418319
0.830101 -0.061519 0.418123
0.829618 -0.060419 0.417867
0.828912 -0.058777 0.417641
0.828485 -0.057267 0.417536
0.827966 -0.055740 0.417422
0.827208 -0.053975 0.417181
0.826241 -0.052656 0.417012
0.824512 -0.050633 0.416761
0.821914 -0.048287 0.416467
0.819469 -0.045663 0.416452
0.818236 -0.043249 0.416606
0.817836 -0.041452 0.416558
0.817444 -0.039809 0.416439
0.816739 -0.037788 0.416164
0.815855 -0.035662 0.415954
0.815067 -0.033503 0.415916
0.814545 -0.031432 0.415870
0.814140 -0.029356 0.415850
0.813875 -0.027862 0.415790
0.813581 -0.025795 0.415776
0.813387 -0.023638 0.415780
0.813382 -0.021558 0.415763
0.813391 -0.019257 0.415707
0.813396 -0.017155 0.415648
0.813391 -0.015067 0.415605
0.813339 -0.013033 0.415557
0.813211 -0.011023 0.415499
0.813117 -0.009542 0.415507
0.813111 -0.007154 0.415609
0.813342 -0.004860 0.415753
0.813854 -0.002792 0.415738
0.814151 -0.000759 0.415702
0.814221 0.001404 0.415657
0.814173 0.002691 0.415642
0.814099 0.004855 0.415661
0.814060 0.007009 0.415753
0.814186 0.009130 0.415852
0.814673 0.011169 0.415897
0.815104 0.013264 0.415989
0.815668 0.015287 0.416111
0.816031 0.016610 0.416180
0.816597 0.018583 0.416367
0.817438 0.020505 0.416530
0.818151 0.022734 0.416727
0.819064 0.024637 0.416838
0.819732 0.026624 0.416919
0.820637 0.028526 0.417038
0.821562 0.030506 0.417188
0.822479 0.031964 0.417305
0.823793 0.033830 0.417393
0.825173 0.035750 0.417511
0.827083 0.037632 0.417819
0.828371 0.038793 0.417981
0.829702 0.040663 0.418153
0.830386 0.042381 0.418456
0.831468 0.044105 0.418665
0.832759 0.045809 0.418791
0.834137 0.047571 0.418993
0.835133 0.048719 0.419095
0.836634 0.050087 0.419252
0.837786 0.050697 0.419232
End
0.843455 -0.070813 0.403091
0.843459 -0.070804 0.403103
0.843459 -0.070812 0.403110
0.843458 -0.070806 0.403114
0.843457 -0.070813 0.403116
0.843463 -0.070721 0.403110
0.843458 -0.070570 0.403079
0.843411 -0.070322 0.403064
0.843320 -0.069758 0.402913
0.842989 -0.068580 0.402561
0.842579 -0.067599 0.402223
0.841825 -0.066015 0.401839
0.840975 -0.064221 0.401546
0.840104 -0.062567 0.401279
0.839349 -0.061289 0.401036
0.838480 -0.059580 0.400676
0.837804 -0.058022 0.400357
0.837445 -0.056915 0.400210
0.836231 -0.054857 0.399762
0.834479 -0.052861 0.399486
0.832711 -0.050690 0.399243
0.831093 -0.048687 0.398992
0.830334 -0.047408 0.398820
0.829006 -0.045032 0.398544
0.828049 -0.043389 0.398322
0.826904 -0.041090 0.398172
0.826105 -0.038779 0.398181
0.825598 -0.036629 0.398154
0.825206 -0.034423 0.398064
0.824970 -0.033015 0.398003
0.824600 -0.030877 0.397865
0.824215 -0.028960 0.397739
0.823589 -0.026778 0.397635
0.823062 -0.025236 0.397562
0.822510 -0.023016 0.397536
0.822007 -0.020581 0.397550
0.821818 -0.019059 0.397469
0.821570 -0.016808 0.397435
0.821409 -0.015185 0.397443
0.821278 -0.012906 0.397444
0.821208 -0.010431 0.397451
0.821190 -0.008804 0.397434
0.821213 -0.006415 0.397519
0.821231 -0.004548 0.397555
0.821293 -0.002838 0.397617
0.821461 -0.000867 0.397669
0.821584 0.001154 0.397711
0.821775 0.003431 0.397799
0.822011 0.005572 0.397857
0.822216 0.007509 0.397944
0.822696 0.009507 0.398049
0.823184 0.011602 0.398187
0.824078 0.013616 0.398299
0.824518 0.015077 0.398319
0.825494 0.017225 0.398532
0.826439 0.019165 0.398641
0.827233 0.021168 0.398834
0.828378 0.023026 0.399113
0.828738 0.024540 0.399302
0.829542 0.026469 0.399534
0.830141 0.028372 0.399699
0.830863 0.030281 0.400028
0.831836 0.032204 0.400302
0.832938 0.034237 0.400589
0.834030 0.035681 0.400794
0.835438 0.037541 0.401118
0.836817 0.039318 0.401336
0.838054 0.041138 0.401560
0.839339 0.042920 0.401757
0.840270 0.044610 0.402025
0.840812 0.045782 0.402275
0.841641 0.047254 0.402654
0.842285 0.048248 0.402879
End
0.853629 -0.068118 0.388859
0.853629 -0.068112 0.388877
0.853629 -0.068115 0.388883
0.853629 -0.068111 0.388888
0.853629 -0.068107 0.388887
0.853611 -0.067924 0.388865
0.853588 -0.067716 0.388861
0.853536 -0.067451 0.388803
0.853491 -0.066619 0.388611
0.853277 -0.065298 0.388216
0.852805 -0.063823 0.387758
0.852156 -0.062207 0.387280
0.851615 -0.061159 0.386939
0.850619 -0.059489 0.386477
0.849542 -0.057746 0.386017
0.848169 -0.055913 0.385455
0.846755 -0.053892 0.384961
0.845433 -0.051706 0.384639
0.844641 -0.050389 0.384427
0.843510 -0.048285 0.384149
0.842538 -0.046235 0.383818
0.841802 -0.044107 0.383624
0.841263 -0.042119 0.383472
0.840640 -0.040015 0.383245
0.840307 -0.038933 0.383152
0.839656 -0.036496 0.382786
0.839075 -0.034526 0.382559
0.838491 -0.032575 0.382363
0.838065 -0.031229 0.382261
0.837226 -0.028947 0.382103
0.836388 -0.026816 0.382057
0.835774 -0.024656 0.382022
0.835381 -0.022545 0.381976
0.835131 -0.020460 0.381911
0.834934 -0.019005 0.381857
0.834694 -0.016920 0.381801
0.834380 -0.014861 0.381754
0.834194 -0.012669 0.381794
0.834052 -0.010597 0.381803
0.834003 -0.008362 0.381877
0.833975 -0.006306 0.381870
0.833946 -0.004778 0.381867
0.833909 -0.002656 0.381952
0.833902 -0.000509 0.382042
0.833943 0.001621 0.382190
0.834041 0.003151 0.382318
0.834244 0.005400 0.382553
0.834648 0.007451 0.382679
0.834932 0.009572 0.382772
0.835144 0.011627 0.382856
0.835428 0.013733 0.383073
0.835902 0.015086 0.383251
0.836640 0.017044 0.383379
0.837127 0.019180 0.383612
0.837963 0.021161 0.383822
0.838857 0.023158 0.384168
0.839851 0.025088 0.384499
0.840572 0.026571 0.384820
0.841713 0.028629 0.385164
0.842997 0.030424 0.385618
0.844410 0.032293 0.385926
0.845354 0.033463 0.386145
0.846461 0.035285 0.386534
0.847487 0.037072 0.386848
0.848275 0.038883 0.387198
0.848712 0.040661 0.387487
0.848830 0.041988 0.387901
0.849540 0.043860 0.388293
0.850297 0.045105 0.388645
0.850747 0.045782 0.388809
End
0.848771 -0.067876 0.503270
0.848575 -0.067889 0.503253
0.848442 -0.067863 0.503279
0.848481 -0.067873 0.503290
0.848530 -0.067875 0.503304
0.848532 -0.067879 0.503305
0.848531 -0.067878 0.503308
0.848530 -0.067885 0.503308
0.848528 -0.067882 0.503313
0.848527 -0.067884 0.503313
0.848516 -0.067925 0.503208
0.848489 -0.067911 0.503075
0.848479 -0.067900 0.502891
0.848450 -0.068085 0.502409
0.848226 -0.068379 0.501098
0.847852 -0.068620 0.499964
0.847021 -0.068939 0.498259
0.845961 -0.069258 0.496399
0.844789 -0.069539 0.494376
0.843857 -0.069874 0.492324
0.843240 -0.070181 0.490412
0.843131 -0.070585 0.488476
0.843170 -0.071007 0.486847
0.843070 -0.071215 0.485723
0.842654 -0.071597 0.483981
0.842045 -0.072047 0.481972
0.841382 -0.072305 0.480114
0.840530 -0.072544 0.478085
0.839838 -0.072696 0.476711
0.838808 -0.072915 0.474664
0.837747 -0.073118 0.472674
0.836788 -0.073248 0.470636
0.835873 -0.073378 0.468562
0.834749 -0.073449 0.466345
0.833657 -0.073482 0.463874
0.833198 -0.073489 0.462196
0.832924 -0.073613 0.460115
0.832716 -0.073733 0.457957
0.832399 -0.073855 0.455780
0.832187 -0.073916 0.454406
0.831890 -0.074020 0.452247
0.831640 -0.074089 0.450068
0.831657 -0.074158 0.447982
0.831840 -0.074175 0.445947
0.832087 -0.074201 0.443781
0.832258 -0.074153 0.441625
0.832424 -0.074114 0.440095
0.832795 -0.074073 0.437984
0.833334 -0.074032 0.435908
0.833826 -0.073953 0.433787
0.834505 -0.073804 0.431821
0.834979 -0.073819 0.429720
0.835249 -0.073743 0.427522
0.835419 -0.073689 0.426149
0.835808 -0.073539 0.423333
0.836063 -0.073445 0.421950
0.836454 -0.073385 0.420174
0.837167 -0.073239 0.417723
0.837527 -0.073095 0.416345
0.838152 -0.072911 0.414295
0.839055 -0.072755 0.412275
0.840087 -0.072461 0.410130
0.841067 -0.072148 0.408170
0.841695 -0.071955 0.406861
0.842646 -0.071604 0.405076
0.843567 -0.071302 0.403240
0.844374 -0.070846 0.401111
0.844829 -0.070538 0.399847
0.845617 -0.070051 0.398082
0.846638 -0.069762 0.396374
0.847868 -0.069454 0.394603
0.849191 -0.069196 0.392873
0.850657 -0.068822 0.391038
0.851868 -0.068661 0.390133
0.853353 -0.068628 0.389364
End
0.841878 -0.053450 0.506202
0.841767 -0.053480 0.506199
0.841762 -0.053488 0.506220
0.841755 -0.053502 0.506231
0.841743 -0.053505 0.506237
0.841736 -0.053500 0.506241
0.841735 -0.053502 0.506244
0.841735 -0.053505 0.506245
0.841735 -0.053511 0.506242
0.841700 -0.053541 0.506095
0.841692 -0.053503 0.505934
0.841689 -0.053638 0.505631
0.841650 -0.053788 0.505156
0.841242 -0.054153 0.503766
0.840391 -0.054544 0.501775
0.839782 -0.054686 0.500329
0.839422 -0.054937 0.498775
0.839170 -0.055125 0.497556
0.838441 -0.055404 0.495797
0.837434 -0.055770 0.493834
0.836674 -0.055978 0.492526
0.835312 -0.056255 0.490415
0.834416 -0.056428 0.488811
0.832861 -0.056687 0.486195
0.831752 -0.056846 0.484121
0.831056 -0.057035 0.482273
0.830856 -0.057180 0.481329
0.830567 -0.057474 0.479687
0.830188 -0.057811 0.477829
0.829674 -0.058039 0.476403
0.828654 -0.058260 0.474415
0.827172 -0.058452 0.472257
0.825449 -0.058499 0.469890
0.823720 -0.058407 0.467442
0.822865 -0.058355 0.465879
0.822335 -0.058269 0.463671
0.822608 -0.058347 0.461584
0.823001 -0.058492 0.459377
0.823358 -0.058569 0.457147
0.823430 -0.058668 0.455269
0.823315 -0.058699 0.453804
0.823029 -0.058706 0.451618
0.822922 -0.058717 0.449699
0.822926 -0.058805 0.447621
0.822633 -0.058855 0.445645
0.822099 -0.058894 0.443410
0.821553 -0.058814 0.441235
0.821471 -0.058793 0.439194
0.821529 -0.058810 0.437057
0.821601 -0.058780 0.435630
0.821778 -0.058768 0.433311
0.822137 -0.058700 0.431207
0.822602 -0.058638 0.429057
0.823278 -0.058585 0.426912
0.823843 -0.058514 0.425543
0.824675 -0.058527 0.423381
0.825365 -0.058464 0.421061
0.826131 -0.058377 0.419013
0.826873 -0.058359 0.417070
0.827396 -0.058259 0.415242
0.827735 -0.058112 0.413510
0.828319 -0.057854 0.411633
0.829044 -0.057706 0.409718
0.829793 -0.057471 0.407745
0.830239 -0.057283 0.406529
0.830930 -0.057105 0.404533
0.831756 -0.056827 0.402543
0.832593 -0.056615 0.400542
0.833591 -0.056368 0.398803
0.834725 -0.056154 0.397000
0.836401 -0.055909 0.394899
0.837383 -0.055757 0.393757
0.838915 -0.055556 0.391944
0.840624 -0.055243 0.390229
0.841961 -0.055008 0.388572
0.842790 -0.054747 0.387012
0.843441 -0.054569 0.386316
End
0.833594 -0.037258 0.508741
0.835815 -0.037267 0.508837
0.837833 -0.037281 0.508920
0.838857 -0.037309 0.508899
0.838841 -0.037325 0.508899
0.838614 -0.037322 0.508886
0.838550 -0.037345 0.508893
0.838537 -0.037352 0.508910
0.838539 -0.037346 0.508911
0.838540 -0.037354 0.508912
0.838543 -0.037351 0.508912
0.838544 -0.037375 0.508812
0.838514 -0.037360 0.508676
0.838506 -0.037317 0.508541
0.838441 -0.037419 0.508092
0.838231 -0.037538 0.507033
0.837684 -0.037696 0.505549
0.836851 -0.037869 0.503909
0.835674 -0.037988 0.502395
0.834389 -0.038210 0.500573
0.833472 -0.038433 0.499246
0.832060 -0.038709 0.497467
0.830635 -0.039004 0.495556
0.829326 -0.039196 0.493659
0.828464 -0.039289 0.492327
0.827271 -0.039385 0.490325
0.826117 -0.039450 0.488441
0.824787 -0.039526 0.486464
0.823460 -0.039582 0.484271
0.822573 -0.039595 0.482895
0.821052 -0.039705 0.480221
0.820429 -0.039796 0.478748
0.819853 -0.039938 0.477009
0.819253 -0.040129 0.475252
0.818355 -0.040351 0.473276
0.817090 -0.040499 0.471165
0.816286 -0.040506 0.469576
0.815377 -0.040454 0.467130
0.815012 -0.040430 0.464983
0.815004 -0.040493 0.462895
0.815207 -0.040514 0.460557
0.815487 -0.040540 0.459079
0.815775 -0.040626 0.457195
0.815536 -0.040730 0.455363
0.814967 -0.040778 0.453248
0.814331 -0.040766 0.451153
0.813926 -0.040789 0.449043
0.813717 -0.040805 0.446911
0.813580 -0.040778 0.445411
0.813542 -0.040822 0.443405
0.813303 -0.040876 0.441547
0.812497 -0.040893 0.439154
0.812234 -0.040761 0.436871
0.812801 -0.040751 0.434671
0.813420 -0.040775 0.433177
0.813925 -0.040781 0.430838
0.814525 -0.040753 0.428827
0.815272 -0.040749 0.426874
0.815552 -0.040763 0.425366
0.815567 -0.040846 0.423478
0.815542 -0.040731 0.421216
0.815880 -0.040574 0.419068
0.816505 -0.040470 0.417083
0.816948 -0.040422 0.415703
0.817585 -0.040348 0.413707
0.818528 -0.040230 0.411894
0.819588 -0.040172 0.409746
0.820681 -0.040058 0.407686
0.821546 -0.039976 0.406461
0.823118 -0.039866 0.404536
0.823933 -0.039843 0.402807
0.824098 -0.039735 0.400577
0.824612 -0.039622 0.399120
0.825516 -0.039447 0.397282
0.826409 -0.039209 0.395608
0.827602 -0.038982 0.393830
0.828831 -0.038758 0.392078
0.830350 -0.038617 0.390342
0.831504 -0.038533 0.389181
0.833241 -0.038397 0.387331
0.835145 -0.038269 0.385693
0.837117 -0.038197 0.384330
0.838152 -0.038233 0.383536
End
0.832791 -0.020011 0.509979
0.832686 -0.020019 0.509975
0.832476 -0.020000 0.509989
0.832468 -0.019981 0.509997
0.832499 -0.019970 0.510005
0.832506 -0.019971 0.510006
0.832508 -0.019967 0.510006
0.832510 -0.019967 0.510006
0.832519 -0.019971 0.509928
0.832505 -0.019976 0.509807
0.832452 -0.019972 0.509514
0.832402 -0.020013 0.508822
0.832207 -0.020073 0.507682
0.831719 -0.020154 0.506262
0.831025 -0.020210 0.505300
0.829497 -0.020245 0.503518
0.827625 -0.020236 0.501575
0.825639 -0.020273 0.499050
0.824722 -0.020259 0.497643
0.823737 -0.020259 0.495448
0.823512 -0.020278 0.494434
0.823160 -0.020323 0.492882
0.822385 -0.020381 0.491315
0.821120 -0.020447 0.489460
0.819143 -0.020591 0.487141
0.816872 -0.020671 0.484419
0.815812 -0.020646 0.482827
0.814964 -0.020655 0.480835
0.815016 -0.020687 0.478583
0.815329 -0.020703 0.477325
0.815326 -0.020688 0.475605
0.814790 -0.020718 0.473832
0.813616 -0.020758 0.471772
0.812056 -0.020824 0.469324
0.811028 -0.020881 0.467136
0.810820 -0.020918 0.465134
0.810816 -0.020970 0.463885
0.810382 -0.021029 0.461889
0.809913 -0.021000 0.459411
0.810149 -0.021005 0.457296
0.810555 -0.021030 0.455385
0.810465 -0.021066 0.453415
0.809731 -0.021088 0.451153
0.809446 -0.021049 0.448902
0.809594 -0.021067 0.447661
0.809563 -0.021108 0.445528
0.809588 -0.021134 0.443622
0.809508 -0.021198 0.441840
0.808648 -0.021217 0.439399
0.807952 -0.021149 0.437632
0.807990 -0.021118 0.435609
0.808664 -0.021141 0.433466
0.809204 -0.021173 0.431215
0.809534 -0.021150 0.429172
0.809998 -0.021115 0.427113
0.810147 -0.021093 0.425704
0.810323 -0.021084 0.423531
0.810828 -0.021069 0.421348
0.811506 -0.021041 0.419263
0.812286 -0.021005 0.417293
0.812919 -0.021014 0.415879
0.813892 -0.020999 0.413798
0.814724 -0.021005 0.411657
0.815823 -0.021007 0.409715
0.817236 -0.020907 0.407750
0.818077 -0.020876 0.406490
0.818820 -0.020849 0.404461
0.819509 -0.020824 0.402472
0.820180 -0.020803 0.400606
0.820673 -0.020781 0.399014
0.821302 -0.020753 0.397195
0.822081 -0.020727 0.395237
0.822703 -0.020697 0.393974
0.823937 -0.020672 0.392048
0.825311 -0.020665 0.390352
0.826795 -0.020616 0.388768
0.828593 -0.020547 0.387105
0.830507 -0.020494 0.385328
0.831431 -0.020464 0.384210
0.832713 -0.020402 0.382826
0.833286 -0.020400 0.382436
End
0.833034 -0.002171 0.509923
0.833406 -0.002162 0.509866
0.833281 -0.002136 0.509906
0.833173 -0.002160 0.509920
0.832967 -0.002167 0.509936
0.832981 -0.002174 0.509954
0.832994 -0.002174 0.509957
0.833009 -0.002175 0.509959
0.833011 -0.002175 0.509960
0.833012 -0.002173 0.509960
0.833020 -0.002163 0.509892
0.833020 -0.002158 0.509814
0.832976 -0.002230 0.509649
0.832965 -0.002200 0.509444
0.832900 -0.002076 0.508671
0.832801 -0.002003 0.507760
0.832541 -0.001920 0.506802
0.831923 -0.001811 0.505533
0.830889 -0.001658 0.504127
0.829218 -0.001560 0.502345
0.826825 -0.001516 0.499781
0.824794 -0.001582 0.497454
0.823512 -0.001629 0.495813
0.822597 -0.001652 0.494535
0.821754 -0.001634 0.492875
0.821124 -0.001583 0.491212
0.820166 -0.001524 0.489336
0.818675 -0.001466 0.487193
0.817518 -0.001467 0.485361
0.816502 -0.001419 0.483291
0.816209 -0.001399 0.481259
0.816364 -0.001388 0.479803
0.816138 -0.001303 0.478032
0.815285 -0.001285 0.475743
0.814561 -0.001309 0.474015
0.814054 -0.001304 0.472247
0.813723 -0.001263 0.470578
0.812708 -0.001148 0.468540
0.811693 -0.001120 0.467012
0.810334 -0.001177 0.464567
0.809734 -0.001181 0.462348
0.809909 -0.001193 0.460350
0.809896 -0.001178 0.459033
0.809494 -0.001156 0.456707
0.809619 -0.001197 0.454666
0.809883 -0.001202 0.452558
0.810147 -0.001205 0.450440
0.810317 -0.001190 0.448402
0.810084 -0.001159 0.446404
0.809997 -0.001168 0.445204
0.809870 -0.001151 0.443474
0.809103 -0.001104 0.441269
0.807982 -0.001169 0.439134
0.807528 -0.001219 0.436904
0.807868 -0.001235 0.434936
0.808027 -0.001230 0.432805
0.808296 -0.001242 0.430496
0.808834 -0.001251 0.428939
0.809942 -0.001279 0.426860
0.811175 -0.001304 0.424901
0.812634 -0.001341 0.423035
0.812858 -0.001362 0.421422
0.813146 -0.001397 0.418447
0.813417 -0.001416 0.417175
0.814235 -0.001427 0.415212
0.814978 -0.001438 0.412781
0.815445 -0.001451 0.411368
0.816256 -0.001466 0.409417
0.816953 -0.001489 0.408121
0.817926 -0.001514 0.406229
0.818675 -0.001553 0.404441
0.819402 -0.001576 0.402587
0.819996 -0.001626 0.400772
0.820746 -0.001667 0.398840
0.821247 -0.001697 0.397571
0.822079 -0.001772 0.395797
0.823097 -0.001803 0.393797
0.824237 -0.001805 0.391913
0.825526 -0.001798 0.390245
0.826449 -0.001796 0.389168
0.827917 -0.001873 0.387586
0.829663 -0.001911 0.385980
0.831037 -0.001949 0.384249
0.832165 -0.002020 0.382952
0.832750 -0.002020 0.382507
End
0.836674 0.015600 0.508827
0.836619 0.015639 0.508850
0.836467 0.015615 0.508861
0.836244 0.015611 0.508861
0.836277 0.015603 0.508880
0.836309 0.015607 0.508881
0.836318 0.015606 0.508883
0.836317 0.015605 0.508882
0.836316 0.015607 0.508882
0.836323 0.015633 0.508785
0.836294 0.015603 0.508656
0.836255 0.015548 0.508469
0.836236 0.015703 0.507945
0.836051 0.015817 0.506867
0.835764 0.015935 0.505897
0.834846 0.016165 0.504164
0.833769 0.016341 0.502516
0.832646 0.016459 0.501124
0.830691 0.016655 0.498923
0.829330 0.016857 0.497034
0.828076 0.017129 0.494960
0.827385 0.017222 0.493676
0.826481 0.017320 0.491807
0.825791 0.017460 0.490215
0.825275 0.017597 0.488974
0.824078 0.017753 0.487014
0.822474 0.017855 0.484763
0.821122 0.017858 0.482984
0.819461 0.017847 0.480618
0.818394 0.017891 0.478450
0.818194 0.018021 0.476477
0.818378 0.018119 0.475169
0.818339 0.018301 0.473160
0.817917 0.018422 0.471421
0.817151 0.018545 0.469342
0.816101 0.018588 0.467026
0.815578 0.018531 0.465287
0.815413 0.018540 0.463346
0.815433 0.018638 0.461173
0.815256 0.018723 0.459161
0.815081 0.018736 0.457722
0.814889 0.018730 0.455524
0.814869 0.018740 0.453380
0.815172 0.018722 0.451085
0.815260 0.018755 0.449750
0.815046 0.018786 0.447470
0.815101 0.018731 0.445057
0.815218 0.018733 0.443766
0.815153 0.018883 0.441767
0.814553 0.019018 0.439596
0.813877 0.018910 0.437294
0.813733 0.018830 0.435797
0.813778 0.018788 0.433844
0.813782 0.018810 0.431722
0.813724 0.018764 0.429615
0.813967 0.018698 0.427433
0.814284 0.018650 0.425989
0.815255 0.018628 0.423479
0.815866 0.018591 0.421384
0.816053 0.018554 0.420099
0.816302 0.018421 0.417951
0.816881 0.018278 0.416073
0.817656 0.018178 0.414160
0.818508 0.018054 0.412142
0.819569 0.017961 0.410181
0.820236 0.017920 0.408851
0.821130 0.017880 0.406881
0.822392 0.017783 0.404746
0.823766 0.017731 0.402800
0.824661 0.017682 0.401586
0.825641 0.017639 0.399521
0.826462 0.017445 0.397707
0.827104 0.017239 0.395977
0.827706 0.017038 0.394230
0.828215 0.016874 0.393003
0.829104 0.016667 0.391136
0.830252 0.016504 0.389436
0.831642 0.016422 0.387704
0.832931 0.016337 0.386368
0.834604 0.016181 0.384759
0.836260 0.016168 0.383683
End
0.843460 0.031872 0.506231
0.843723 0.031926 0.506216
0.843613 0.031934 0.506218
0.843393 0.031922 0.506221
0.843397 0.031911 0.506236
0.843417 0.031905 0.506229
0.843427 0.031907 0.506234
0.843433 0.031906 0.506233
0.843434 0.031909 0.506232
0.843444 0.031950 0.506124
0.843415 0.031928 0.506012
0.843391 0.031914 0.505835
0.843376 0.032147 0.505297
0.843203 0.032443 0.504222
0.842600 0.032891 0.502866
0.841641 0.033237 0.501286
0.840957 0.033496 0.499997
0.839742 0.033803 0.498269
0.838298 0.034009 0.496260
0.836832 0.034206 0.494037
0.835831 0.034259 0.492580
0.834501 0.034368 0.490411
0.833464 0.034538 0.488425
0.832925 0.034768 0.486681
0.832564 0.035134 0.484912
0.832120 0.035437 0.483178
0.831699 0.035635 0.481839
0.830755 0.035865 0.479950
0.829727 0.036021 0.477807
0.828836 0.036219 0.475701
0.828210 0.036296 0.474075
0.827649 0.036420 0.472170
0.827129 0.036561 0.470035
0.826256 0.036645 0.467899
0.825058 0.036580 0.464737
0.824907 0.036558 0.464210
0.824638 0.036500 0.461831
0.824649 0.036582 0.459808
0.824515 0.036686 0.457753
0.824301 0.036692 0.455539
0.824366 0.036703 0.453316
0.824416 0.036739 0.451906
0.824491 0.036779 0.449882
0.824411 0.036865 0.447654
0.824315 0.036863 0.445539
0.824297 0.036866 0.444186
0.824253 0.036898 0.441995
0.824192 0.036848 0.440006
0.824270 0.036832 0.437921
0.824424 0.036850 0.435759
0.824543 0.036863 0.433826
0.824537 0.036932 0.432097
0.824370 0.036927 0.430048
0.824306 0.036851 0.428002
0.824512 0.036743 0.425895
0.824691 0.036672 0.424443
0.825023 0.036510 0.422335
0.825628 0.036409 0.420182
0.826545 0.036268 0.417859
0.827688 0.036145 0.415922
0.828388 0.036073 0.414576
0.828944 0.035781 0.412435
0.829398 0.035523 0.410548
0.830027 0.035273 0.408652
0.830467 0.035106 0.407403
0.831116 0.034934 0.405334
0.832030 0.034707 0.403399
0.833208 0.034559 0.401527
0.834048 0.034391 0.400203
0.835251 0.034147 0.398460
0.836692 0.033910 0.396582
0.838473 0.033743 0.394719
0.839501 0.033656 0.393409
0.840778 0.033494 0.391610
0.842078 0.033142 0.389872
0.843264 0.032773 0.388274
0.844435 0.032448 0.386734
0.845368 0.032311 0.385991
End
0.847390 0.045947 0.502982
0.849419 0.045915 0.503015
0.850321 0.046057 0.503052
0.850302 0.046115 0.503052
0.850179 0.046105 0.503071
0.849998 0.046094 0.503071
0.849957 0.046089 0.503089
0.849972 0.046082 0.503091
0.849980 0.046086 0.503095
0.849986 0.046082 0.503092
0.849988 0.046086 0.503092
0.849992 0.046089 0.503069
0.849998 0.046117 0.502908
0.849970 0.046077 0.502795
0.849958 0.046148 0.502585
0.849899 0.046330 0.501902
0.849543 0.046715 0.500482
0.849012 0.047073 0.498880
0.848336 0.047405 0.497140
0.847114 0.047776 0.494841
0.846356 0.047966 0.493554
0.845423 0.048278 0.491491
0.845027 0.048511 0.490205
0.844678 0.048907 0.488490
0.844367 0.049317 0.486802
0.843881 0.049745 0.484834
0.843399 0.050135 0.483021
0.842785 0.050486 0.480999
0.842342 0.050632 0.479538
0.841495 0.050812 0.477136
0.840816 0.050973 0.475034
0.840493 0.051090 0.473811
0.839947 0.051297 0.471811
0.839515 0.051543 0.469794
0.839196 0.051697 0.468001
0.838707 0.051881 0.465991
0.837706 0.051961 0.463682
0.836855 0.051979 0.461479
0.836389 0.051994 0.460012
0.835941 0.052026 0.457872
0.835798 0.052056 0.455767
0.835865 0.052134 0.453576
0.836009 0.052206 0.452110
0.836121 0.052269 0.449869
0.836174 0.052351 0.447893
0.836139 0.052384 0.446224
0.836079 0.052348 0.443900
0.836139 0.052344 0.441860
0.836277 0.052347 0.439650
0.836424 0.052285 0.437480
0.836596 0.052212 0.435710
0.836907 0.052085 0.433713
0.837318 0.052000 0.431531
0.837787 0.051866 0.429209
0.838089 0.051784 0.427232
0.838251 0.051762 0.425752
0.838490 0.051634 0.423784
0.838777 0.051555 0.421837
0.839200 0.051422 0.419647
0.839700 0.051202 0.417492
0.840369 0.051020 0.415337
0.840817 0.050892 0.413894
0.841454 0.050751 0.412039
0.842019 0.050545 0.410137
0.842295 0.050231 0.408047
0.842468 0.050037 0.406802
0.842909 0.049664 0.404821
0.843536 0.049212 0.403059
0.844215 0.048888 0.401160
0.845048 0.048345 0.399165
0.845561 0.048090 0.397977
0.846630 0.047705 0.396098
0.847864 0.047457 0.394357
0.849069 0.047201 0.392549
0.850135 0.046897 0.390789
0.850987 0.046725 0.389882
0.851730 0.046668 0.389162
End
