0.847389 -0.068015 0.503117
0.847271 -0.068017 0.503145
0.847279 -0.068010 0.503162
0.847303 -0.068002 0.503178
0.847310 -0.068004 0.503178
0.847311 -0.068006 0.503184
0.847307 -0.068011 0.503187
0.847303 -0.068008 0.503193
0.847302 -0.068014 0.503193
0.847302 -0.067960 0.503226
0.847282 -0.067713 0.503272
0.847218 -0.067477 0.503317
0.847173 -0.066908 0.503465
0.847033 -0.065959 0.503705
0.846473 -0.064276 0.504153
0.845940 -0.063102 0.504444
0.844972 -0.061266 0.504906
0.844244 -0.060011 0.505214
0.842974 -0.057828 0.505684
0.842111 -0.056298 0.505963
0.841076 -0.053984 0.506388
0.840707 -0.052508 0.506707
0.840555 -0.050221 0.507208
0.840304 -0.048560 0.507572
0.840012 -0.047213 0.507754
0.839557 -0.045105 0.508062
0.839348 -0.043123 0.508329
0.839149 -0.041293 0.508566
0.838849 -0.039330 0.508857
0.838474 -0.037945 0.508984
0.837869 -0.035957 0.509143
0.837271 -0.033911 0.509281
0.836694 -0.031856 0.509424
0.836082 -0.029833 0.509580
0.835369 -0.027443 0.509853
0.834949 -0.026097 0.510026
0.834227 -0.024009 0.510187
0.833470 -0.021791 0.510278
0.832744 -0.019571 0.510322
0.832341 -0.018121 0.510313
0.831935 -0.015950 0.510330
0.831756 -0.013760 0.510373
0.831676 -0.011610 0.510388
0.831667 -0.009591 0.510345
0.831669 -0.007368 0.510260
0.831714 -0.005779 0.510170
0.831832 -0.003410 0.510071
0.831932 -0.001268 0.509993
0.832156 0.000954 0.509811
0.832690 0.002953 0.509673
0.833027 0.004341 0.509594
0.833345 0.006455 0.509480
0.833516 0.008416 0.509333
0.833666 0.010578 0.509153
0.833998 0.012678 0.508953
0.834394 0.014228 0.508848
0.835030 0.016277 0.508657
0.835803 0.018221 0.508498
0.836626 0.020281 0.508255
0.837624 0.022299 0.507986
0.838540 0.024185 0.507678
0.839386 0.026122 0.507298
0.840241 0.027956 0.506997
0.841038 0.029898 0.506525
0.842024 0.031751 0.506067
0.842675 0.033142 0.505755
0.843293 0.034836 0.505365
0.843603 0.036682 0.504855
0.844149 0.038577 0.504382
0.845183 0.040287 0.504136
0.845820 0.041436 0.503945
0.846633 0.043310 0.503493
0.847785 0.044865 0.503184
0.848712 0.045591 0.503131
End
0.842235 -0.070590 0.488941
0.843153 -0.070714 0.488854
0.842906 -0.070707 0.488847
0.842582 -0.070686 0.488874
0.842569 -0.070671 0.488902
0.842617 -0.070687 0.488905
0.842648 -0.070680 0.488908
0.842649 -0.070687 0.488904
0.842648 -0.070684 0.488906
0.842647 -0.070686 0.488907
0.842648 -0.070645 0.488919
0.842638 -0.070444 0.488993
0.842581 -0.070275 0.489038
0.842515 -0.069850 0.489178
0.842358 -0.068771 0.489504
0.841790 -0.067476 0.489909
0.840826 -0.065765 0.490305
0.840155 -0.064647 0.490506
0.839123 -0.062898 0.490752
0.838191 -0.061252 0.491053
0.837229 -0.059494 0.491388
0.836093 -0.057651 0.491747
0.835071 -0.055853 0.492003
0.833973 -0.053865 0.492282
0.833221 -0.052469 0.492413
0.832060 -0.050204 0.492690
0.831128 -0.048182 0.492936
0.830551 -0.046635 0.493142
0.829907 -0.044793 0.493418
0.829281 -0.042827 0.493664
0.828629 -0.040875 0.493909
0.828174 -0.039555 0.494039
0.827505 -0.037772 0.494158
0.826736 -0.035891 0.494318
0.825782 -0.033906 0.494485
0.824526 -0.031594 0.494536
0.823367 -0.029279 0.494538
0.822533 -0.026997 0.494504
0.822253 -0.025539 0.494537
0.822053 -0.023483 0.494655
0.821827 -0.021455 0.494743
0.821636 -0.019131 0.494720
0.821690 -0.016983 0.494719
0.821778 -0.014872 0.494748
0.821870 -0.012826 0.494788
0.821872 -0.011459 0.494811
0.821815 -0.009448 0.494825
0.821593 -0.007203 0.494737
0.821456 -0.005084 0.494687
0.821435 -0.002997 0.494665
0.821420 -0.001621 0.494651
0.821492 0.000567 0.494499
0.821855 0.002744 0.494350
0.822587 0.004754 0.494325
0.822929 0.006819 0.494299
0.823221 0.009021 0.494049
0.823679 0.010572 0.494010
0.823954 0.012755 0.493883
0.824363 0.014902 0.493760
0.824840 0.016229 0.493673
0.825545 0.018102 0.493550
0.826061 0.020330 0.493218
0.826911 0.022212 0.492922
0.827682 0.024149 0.492630
0.828474 0.026015 0.492284
0.829170 0.027543 0.492082
0.830015 0.029756 0.491781
0.830738 0.031015 0.491632
0.831984 0.032890 0.491426
0.833397 0.034780 0.491179
0.834646 0.036592 0.490885
0.835409 0.038434 0.490528
0.836594 0.040271 0.490348
0.837536 0.041464 0.490208
0.839026 0.043272 0.489981
0.840568 0.044897 0.489612
0.841685 0.046770 0.489114
0.842273 0.047670 0.488908
0.842978 0.048342 0.488779
End
0.834487 -0.072780 0.472711
0.835569 -0.072954 0.472717
0.835377 -0.072962 0.472704
0.835138 -0.072960 0.472762
0.835177 -0.072958 0.472772
0.835201 -0.072968 0.472772
0.835229 -0.072963 0.472783
0.835231 -0.072972 0.472781
0.835231 -0.072965 0.472782
0.835230 -0.072972 0.472785
0.835231 -0.072969 0.472787
0.835241 -0.072852 0.472809
0.835223 -0.072674 0.472840
0.835142 -0.072385 0.472873
0.835069 -0.071958 0.472934
0.834872 -0.070852 0.473108
0.834263 -0.069481 0.473304
0.833287 -0.067890 0.473507
0.832056 -0.066142 0.473764
0.830830 -0.064425 0.474033
0.829754 -0.062778 0.474346
0.829117 -0.061687 0.474557
0.828153 -0.060073 0.474897
0.827020 -0.058205 0.475091
0.825920 -0.056451 0.475241
0.824527 -0.054199 0.475416
0.823175 -0.052185 0.475528
0.822197 -0.050743 0.475492
0.820907 -0.048542 0.475499
0.819931 -0.046374 0.475543
0.819377 -0.044501 0.475733
0.818830 -0.042508 0.475931
0.818271 -0.040464 0.476097
0.817933 -0.039227 0.476212
0.817331 -0.037313 0.476403
0.816592 -0.035350 0.476573
0.815790 -0.033208 0.476640
0.815080 -0.031024 0.476589
0.814632 -0.028760 0.476581
0.814483 -0.026702 0.476608
0.814447 -0.025310 0.476642
0.814383 -0.023138 0.476650
0.814273 -0.021128 0.476627
0.814265 -0.018934 0.476644
0.814170 -0.016666 0.476651
0.814110 -0.014558 0.476554
0.814093 -0.013087 0.476583
0.813884 -0.010941 0.476525
0.813840 -0.008798 0.476504
0.813840 -0.006804 0.476483
0.814038 -0.004503 0.476464
0.814271 -0.002595 0.476432
0.814256 -0.000302 0.476364
0.814573 0.001868 0.476320
0.814955 0.003122 0.476316
0.815250 0.005240 0.476249
0.815348 0.007453 0.476202
0.815734 0.009566 0.476157
0.816063 0.011488 0.476092
0.816392 0.013681 0.475907
0.816830 0.015015 0.475836
0.817232 0.016820 0.475679
0.817471 0.018983 0.475484
0.818140 0.020853 0.475312
0.818349 0.022829 0.475109
0.818783 0.024766 0.475008
0.819387 0.026801 0.474906
0.819740 0.028338 0.474774
0.820681 0.030273 0.474715
0.821953 0.032152 0.474680
0.823404 0.034095 0.474507
0.825066 0.035884 0.474414
0.826865 0.037663 0.474200
0.828711 0.039340 0.473995
0.829788 0.040672 0.473751
0.831058 0.042434 0.473604
0.831924 0.044079 0.473318
0.832871 0.045597 0.473131
0.834192 0.047244 0.472956
0.835507 0.049000 0.472767
0.836932 0.050136 0.472648
End
0.831450 -0.073908 0.455146
0.831168 -0.073916 0.455167
0.830990 -0.073896 0.455171
0.831020 -0.073887 0.455194
0.831074 -0.073904 0.455197
0.831082 -0.073897 0.455204
0.831081 -0.073903 0.455207
0.831080 -0.073899 0.455209
0.831081 -0.073903 0.455212
0.831080 -0.073898 0.455214
0.831079 -0.073903 0.455216
0.831082 -0.073771 0.455249
0.831043 -0.073570 0.455266
0.830945 -0.073246 0.455303
0.830894 -0.072782 0.455350
0.830516 -0.071503 0.455450
0.829807 -0.070337 0.455561
0.828464 -0.068468 0.455613
0.827654 -0.067243 0.455681
0.826567 -0.065384 0.455719
0.825846 -0.064042 0.455744
0.824629 -0.061776 0.455809
0.823646 -0.059890 0.455838
0.822771 -0.058101 0.455909
0.822293 -0.057109 0.455944
0.821111 -0.054852 0.455939
0.820230 -0.052896 0.456004
0.819573 -0.050790 0.456136
0.819249 -0.049623 0.456234
0.818663 -0.047832 0.456296
0.817912 -0.046010 0.456324
0.816871 -0.044030 0.456336
0.815764 -0.041886 0.456350
0.814729 -0.039716 0.456352
0.814032 -0.037747 0.456452
0.813337 -0.035694 0.456544
0.812828 -0.034244 0.456547
0.812225 -0.031851 0.456579
0.811945 -0.029776 0.456664
0.811712 -0.028400 0.456679
0.811248 -0.026337 0.456668
0.810715 -0.024316 0.456626
0.810169 -0.022150 0.456561
0.809777 -0.020046 0.456510
0.809515 -0.017995 0.456459
0.809291 -0.015940 0.456423
0.809155 -0.014346 0.456401
0.808950 -0.011514 0.456399
0.808916 -0.010257 0.456371
0.808832 -0.008077 0.456400
0.808770 -0.005891 0.456383
0.808766 -0.003859 0.456403
0.808780 -0.001727 0.456389
0.808974 0.000340 0.456368
0.809005 0.002467 0.456368
0.809406 0.004697 0.456368
0.809683 0.006023 0.456320
0.809863 0.008280 0.456257
0.810467 0.010351 0.456194
0.811066 0.012161 0.456113
0.811677 0.014352 0.456056
0.812666 0.016303 0.456017
0.813602 0.018396 0.455965
0.814301 0.019720 0.455966
0.815239 0.021632 0.455945
0.816075 0.023840 0.455920
0.817066 0.025800 0.455836
0.817999 0.027678 0.455766
0.819123 0.029519 0.455727
0.820304 0.031315 0.455679
0.821177 0.032726 0.455626
0.822403 0.034548 0.455530
0.823098 0.036455 0.455416
0.823880 0.038252 0.455364
0.824511 0.040067 0.455291
0.825365 0.041905 0.455284
0.826688 0.043919 0.455219
0.827660 0.045044 0.455146
0.829037 0.046697 0.455004
0.830265 0.048270 0.454871
0.831698 0.049838 0.454794
0.833196 0.051050 0.454748
0.834104 0.051522 0.454665
End
0.832428 -0.074031 0.436703
0.832298 -0.074029 0.436750
0.832285 -0.074016 0.436757
0.832288 -0.074022 0.436777
0.832289 -0.074013 0.436778
0.832287 -0.074023 0.436788
0.832287 -0.074012 0.436793
0.832285 -0.074022 0.436795
0.832285 -0.074016 0.436797
0.832290 -0.073927 0.436808
0.832267 -0.073785 0.436813
0.832217 -0.073530 0.436820
0.832168 -0.073262 0.436814
0.832037 -0.072428 0.436783
0.831562 -0.071242 0.436662
0.830502 -0.069846 0.436515
0.828968 -0.068298 0.436439
0.827864 -0.067112 0.436416
0.826341 -0.065341 0.436417
0.824765 -0.063489 0.436358
0.823162 -0.061418 0.436346
0.821790 -0.059364 0.436415
0.820813 -0.057413 0.436429
0.820273 -0.056200 0.436403
0.819292 -0.054355 0.436332
0.818366 -0.052564 0.436311
0.817270 -0.050748 0.436170
0.816150 -0.048986 0.436074
0.815047 -0.046861 0.436030
0.814220 -0.044744 0.436043
0.813620 -0.042779 0.436028
0.812965 -0.040718 0.435963
0.812549 -0.039404 0.435917
0.811781 -0.037416 0.435825
0.810940 -0.035058 0.435786
0.810471 -0.033671 0.435811
0.809860 -0.031545 0.435759
0.809392 -0.029458 0.435697
0.809079 -0.027336 0.435670
0.808811 -0.025128 0.435651
0.808595 -0.023145 0.435595
0.808442 -0.021695 0.435604
0.808176 -0.019456 0.435574
0.807924 -0.017366 0.435579
0.807693 -0.015221 0.435519
0.807533 -0.013375 0.435507
0.807366 -0.011167 0.435504
0.807264 -0.009809 0.435491
0.807183 -0.007709 0.435512
0.807146 -0.005352 0.435514
0.807111 -0.003119 0.435505
0.807092 -0.000980 0.435516
0.807153 0.000436 0.435524
0.807484 0.002622 0.435551
0.807859 0.004862 0.435532
0.808541 0.007136 0.435621
0.808825 0.008443 0.435607
0.809359 0.010586 0.435662
0.810156 0.012565 0.435684
0.810643 0.014756 0.435707
0.811253 0.016147 0.435798
0.812291 0.018094 0.435819
0.813211 0.020143 0.435799
0.814398 0.022111 0.435827
0.815421 0.024290 0.435775
0.816247 0.025676 0.435851
0.817339 0.027758 0.435972
0.818345 0.029704 0.435988
0.819028 0.030914 0.436076
0.819954 0.032758 0.436038
0.821244 0.034658 0.436112
0.822630 0.036504 0.436194
0.824141 0.038457 0.436264
0.825181 0.040279 0.436196
0.826129 0.042139 0.436256
0.826746 0.043320 0.436247
0.827818 0.045158 0.436270
0.828897 0.046859 0.436354
0.830153 0.048419 0.436469
0.831261 0.049524 0.436477
0.832949 0.050794 0.436622
0.834396 0.051432 0.436679
End
0.835713 -0.072995 0.419332
0.835958 -0.073093 0.419197
0.835771 -0.073123 0.419169
0.835674 -0.073096 0.419195
0.835696 -0.073099 0.419207
0.835700 -0.073102 0.419216
0.835701 -0.073100 0.419218
0.835700 -0.073102 0.419225
0.835699 -0.073101 0.419229
0.835700 -0.073104 0.419230
0.835705 -0.072952 0.419236
0.835678 -0.072782 0.419238
0.835592 -0.072479 0.419237
0.835442 -0.071730 0.419170
0.835006 -0.070407 0.418982
0.833971 -0.068856 0.418755
0.832647 -0.067078 0.418570
0.831751 -0.065707 0.418484
0.830628 -0.063922 0.418276
0.829867 -0.062245 0.418034
0.829324 -0.060763 0.417780
0.828539 -0.059059 0.417497
0.827720 -0.057414 0.417326
0.826705 -0.055812 0.417194
0.825469 -0.054510 0.416968
0.823760 -0.052554 0.416798
0.821676 -0.050421 0.416550
0.819424 -0.047729 0.416523
0.818405 -0.045566 0.416610
0.818125 -0.044316 0.416549
0.817642 -0.042444 0.416413
0.816978 -0.040477 0.416220
0.816237 -0.038516 0.416088
0.815443 -0.036477 0.415883
0.814641 -0.034192 0.415737
0.814276 -0.032819 0.415728
0.813836 -0.030691 0.415712
0.813541 -0.028519 0.415652
0.813249 -0.026339 0.415615
0.813065 -0.024160 0.415587
0.812999 -0.022046 0.415552
0.812999 -0.019924 0.415532
0.813004 -0.018446 0.415513
0.812995 -0.016409 0.415452
0.812963 -0.014336 0.415400
0.812820 -0.012317 0.415340
0.812706 -0.010244 0.415346
0.812704 -0.007893 0.415440
0.812820 -0.005717 0.415551
0.813137 -0.004258 0.415570
0.813593 -0.002220 0.415557
0.813754 -0.000038 0.415527
0.813710 0.001867 0.415494
0.813605 0.004076 0.415507
0.813582 0.006182 0.415584
0.813612 0.007735 0.415646
0.813977 0.009886 0.415731
0.814455 0.011941 0.415759
0.814956 0.013980 0.415854
0.815562 0.016102 0.416005
0.815887 0.017505 0.416110
0.816724 0.019431 0.416269
0.817347 0.021414 0.416430
0.818207 0.023296 0.416679
0.819026 0.025207 0.416683
0.819556 0.026819 0.416813
0.820568 0.028787 0.416934
0.821520 0.030775 0.417020
0.822756 0.032720 0.417155
0.824076 0.034533 0.417286
0.825652 0.036469 0.417460
0.827470 0.038174 0.417799
0.828650 0.039341 0.417859
0.829367 0.041066 0.418090
0.830292 0.042834 0.418351
0.831531 0.044645 0.418607
0.832751 0.046352 0.418715
0.833747 0.047582 0.418793
0.835167 0.049235 0.418977
0.836621 0.050277 0.419071
End
0.842755 -0.070911 0.402925
0.842755 -0.070899 0.402932
0.842754 -0.070908 0.402944
0.842754 -0.070903 0.402946
0.842754 -0.070908 0.402947
0.842759 -0.070755 0.402925
0.842744 -0.070593 0.402914
0.842662 -0.070261 0.402845
0.842572 -0.069687 0.402695
0.842165 -0.068291 0.402271
0.841571 -0.067017 0.401849
0.840782 -0.065502 0.401535
0.839888 -0.063903 0.401257
0.838672 -0.062055 0.400959
0.837566 -0.060312 0.400637
0.837078 -0.059532 0.400503
0.835819 -0.057387 0.400045
0.834863 -0.056040 0.399870
0.833361 -0.053999 0.399685
0.831943 -0.052061 0.399459
0.830721 -0.050107 0.399205
0.829569 -0.048242 0.398884
0.828284 -0.046185 0.398578
0.827426 -0.044752 0.398406
0.826431 -0.042662 0.398268
0.825768 -0.040524 0.398186
0.825292 -0.038403 0.398082
0.824890 -0.036197 0.397997
0.824512 -0.034083 0.397944
0.824180 -0.032106 0.397790
0.823810 -0.030121 0.397646
0.823436 -0.028735 0.397598
0.822821 -0.026695 0.397473
0.822278 -0.024699 0.397433
0.821744 -0.022528 0.397374
0.821438 -0.020393 0.397392
0.821216 -0.018274 0.397358
0.821063 -0.016472 0.397337
0.820911 -0.014083 0.397304
0.820822 -0.011938 0.397298
0.820772 -0.009875 0.397303
0.820767 -0.008414 0.397326
0.820786 -0.006316 0.397388
0.820855 -0.004136 0.397468
0.821025 -0.001986 0.397506
0.821150 0.000052 0.397541
0.821303 0.002212 0.397624
0.821513 0.004256 0.397672
0.821757 0.006426 0.397770
0.822044 0.007829 0.397823
0.822500 0.009903 0.397937
0.823255 0.011986 0.398044
0.823949 0.014005 0.398123
0.824912 0.016133 0.398243
0.825802 0.018051 0.398384
0.826637 0.020110 0.398570
0.827681 0.021917 0.398834
0.828215 0.023372 0.398970
0.828990 0.025332 0.399190
0.829513 0.027258 0.399421
0.830241 0.029124 0.399734
0.831112 0.031008 0.399980
0.832143 0.032935 0.400323
0.832987 0.034199 0.400562
0.834347 0.036018 0.400703
0.835815 0.037858 0.401016
0.837071 0.039662 0.401238
0.838264 0.041461 0.401472
0.839509 0.043415 0.401682
0.840081 0.044550 0.401885
0.841011 0.046246 0.402239
0.841881 0.047655 0.402616
0.842357 0.048278 0.402747
End
0.853091 -0.068270 0.388659
0.853089 -0.068274 0.388663
0.853086 -0.068275 0.388670
0.853086 -0.068273 0.388673
0.853083 -0.068155 0.388656
0.853045 -0.067960 0.388653
0.853013 -0.067733 0.388619
0.852957 -0.067442 0.388532
0.852904 -0.066707 0.388359
0.852624 -0.065470 0.388045
0.852243 -0.064473 0.387715
0.851490 -0.062861 0.387255
0.850420 -0.061053 0.386789
0.849729 -0.059937 0.386443
0.848623 -0.058245 0.386029
0.847295 -0.056431 0.385443
0.845838 -0.054456 0.385051
0.844327 -0.052153 0.384609
0.843522 -0.050781 0.384411
0.842492 -0.048700 0.384105
0.841604 -0.046628 0.383846
0.840882 -0.044509 0.383610
0.840316 -0.042354 0.383376
0.839956 -0.040920 0.383208
0.839520 -0.039006 0.382991
0.838999 -0.037093 0.382716
0.838397 -0.035128 0.382472
0.837704 -0.033022 0.382311
0.837221 -0.031612 0.382167
0.836464 -0.029557 0.382037
0.835732 -0.027313 0.382005
0.835130 -0.025169 0.381930
0.834792 -0.023102 0.381870
0.834542 -0.021460 0.381827
0.834250 -0.019357 0.381747
0.833941 -0.017234 0.381688
0.833652 -0.015077 0.381699
0.833570 -0.013722 0.381686
0.833477 -0.011498 0.381690
0.833481 -0.009439 0.381740
0.833471 -0.007363 0.381744
0.833425 -0.005136 0.381742
0.833404 -0.003076 0.381823
0.833430 -0.001272 0.381922
0.833474 0.000836 0.382031
0.833689 0.002885 0.382195
0.834002 0.005007 0.382386
0.834336 0.007053 0.382506
0.834596 0.008472 0.382561
0.834812 0.010390 0.382604
0.835027 0.012633 0.382848
0.835647 0.014760 0.383040
0.836343 0.016766 0.383236
0.836867 0.018319 0.383399
0.837563 0.020449 0.383584
0.838445 0.022433 0.383907
0.839442 0.024393 0.384270
0.840070 0.025651 0.384526
0.841223 0.027614 0.384898
0.842421 0.029480 0.385276
0.843765 0.031317 0.385635
0.845249 0.033166 0.386032
0.846321 0.035012 0.386331
0.846957 0.036179 0.386524
0.847965 0.038103 0.386920
0.848298 0.039810 0.387202
0.848726 0.041693 0.387697
0.849376 0.043527 0.388165
0.849873 0.044579 0.388399
0.850548 0.045493 0.388622
End
0.847661 -0.068011 0.503118
0.847481 -0.067989 0.503149
0.847494 -0.067997 0.503156
0.847515 -0.067988 0.503171
0.847532 -0.067996 0.503174
0.847534 -0.067994 0.503178
0.847533 -0.067998 0.503179
0.847533 -0.067996 0.503181
0.847534 -0.068003 0.503181
0.847534 -0.068015 0.503150
0.847534 -0.068038 0.502984
0.847498 -0.068003 0.502820
0.847475 -0.068168 0.502470
0.847400 -0.068263 0.501935
0.847081 -0.068593 0.500584
0.846390 -0.068947 0.499005
0.845510 -0.069294 0.497282
0.844466 -0.069559 0.495380
0.843413 -0.069874 0.493316
0.842565 -0.070088 0.491130
0.842329 -0.070379 0.489638
0.842493 -0.070832 0.487956
0.842537 -0.071252 0.486368
0.842068 -0.071708 0.484485
0.841589 -0.071989 0.483145
0.840796 -0.072368 0.481260
0.840002 -0.072590 0.479294
0.839097 -0.072810 0.477346
0.838157 -0.073015 0.475348
0.837301 -0.073220 0.473583
0.836509 -0.073374 0.471945
0.835532 -0.073505 0.469938
0.834325 -0.073582 0.467695
0.833039 -0.073559 0.465063
0.832354 -0.073536 0.462903
0.832198 -0.073632 0.461522
0.832103 -0.073831 0.459503
0.831903 -0.073958 0.457463
0.831522 -0.074072 0.455312
0.831045 -0.074125 0.453157
0.830720 -0.074135 0.451300
0.830570 -0.074186 0.449234
0.830635 -0.074275 0.447122
0.830883 -0.074283 0.444977
0.831061 -0.074296 0.443550
0.831379 -0.074263 0.441390
0.831723 -0.074218 0.439332
0.832138 -0.074194 0.437237
0.832592 -0.074171 0.435135
0.833184 -0.074088 0.432860
0.833834 -0.073972 0.430820
0.834151 -0.073930 0.429405
0.834429 -0.073856 0.427241
0.834686 -0.073749 0.425217
0.834960 -0.073655 0.423169
0.835353 -0.073534 0.420990
0.835677 -0.073442 0.419680
0.836193 -0.073351 0.417680
0.836766 -0.073205 0.415590
0.837523 -0.072973 0.413641
0.838480 -0.072828 0.411629
0.839291 -0.072636 0.410093
0.840273 -0.072300 0.408144
0.841125 -0.071995 0.406249
0.842067 -0.071685 0.404479
0.843004 -0.071332 0.402602
0.843695 -0.070893 0.400644
0.844153 -0.070534 0.399394
0.845100 -0.070068 0.397580
0.846229 -0.069796 0.395789
0.847495 -0.069466 0.394044
0.848459 -0.069340 0.392756
0.849990 -0.068988 0.390970
0.851768 -0.068793 0.389714
End
0.841200 -0.053647 0.506121
0.841187 -0.053662 0.506116
0.841157 -0.053678 0.506134
0.841127 -0.053675 0.506141
0.841126 -0.053680 0.506143
0.841125 -0.053680 0.506149
0.841126 -0.053685 0.506149
0.841128 -0.053687 0.506148
0.841108 -0.053730 0.506009
0.841089 -0.053711 0.505876
0.841070 -0.053767 0.505603
0.840882 -0.054062 0.504641
0.840247 -0.054431 0.503111
0.839552 -0.054710 0.501256
0.839048 -0.054891 0.499748
0.838794 -0.055095 0.498668
0.838179 -0.055359 0.497040
0.837338 -0.055682 0.495288
0.836105 -0.056013 0.493413
0.834762 -0.056272 0.491450
0.833944 -0.056397 0.490152
0.832769 -0.056560 0.488184
0.831650 -0.056745 0.485931
0.830868 -0.056942 0.484014
0.830434 -0.057203 0.482203
0.830007 -0.057543 0.480372
0.829284 -0.057834 0.478538
0.828620 -0.058044 0.477253
0.827750 -0.058247 0.475454
0.826584 -0.058458 0.473429
0.825061 -0.058590 0.471185
0.823308 -0.058545 0.468822
0.822310 -0.058399 0.467202
0.821663 -0.058302 0.464947
0.821853 -0.058411 0.462930
0.822126 -0.058545 0.460916
0.822370 -0.058568 0.458822
0.822685 -0.058683 0.456676
0.822619 -0.058779 0.454651
0.822454 -0.058824 0.453132
0.822270 -0.058794 0.451073
0.822229 -0.058849 0.448712
0.822142 -0.058928 0.446822
0.821785 -0.058985 0.444793
0.821134 -0.058980 0.442574
0.820815 -0.058906 0.441070
0.820755 -0.058913 0.438370
0.820815 -0.058906 0.436798
0.820933 -0.058870 0.434856
0.821150 -0.058803 0.432686
0.821545 -0.058773 0.430676
0.822058 -0.058751 0.428455
0.822741 -0.058701 0.426347
0.823610 -0.058650 0.424208
0.824028 -0.058617 0.422970
0.824633 -0.058563 0.420834
0.825367 -0.058491 0.418802
0.826163 -0.058493 0.416516
0.826649 -0.058376 0.414450
0.826977 -0.058268 0.413128
0.827554 -0.057973 0.411253
0.828308 -0.057797 0.409320
0.829118 -0.057553 0.407550
0.829790 -0.057423 0.405474
0.830534 -0.057085 0.403635
0.831348 -0.056906 0.401797
0.832239 -0.056632 0.399955
0.833097 -0.056481 0.398470
0.834187 -0.056252 0.396604
0.835678 -0.055991 0.394840
0.837221 -0.055855 0.393097
0.838810 -0.055578 0.391258
0.839945 -0.055405 0.390138
0.841243 -0.055103 0.388433
0.842051 -0.054831 0.386912
0.842654 -0.054678 0.386160
End
0.838305 -0.037432 0.508745
0.838141 -0.037444 0.508732
0.838010 -0.037454 0.508743
0.837860 -0.037469 0.508762
0.837826 -0.037475 0.508761
0.837834 -0.037463 0.508764
0.837859 -0.037473 0.508771
0.837873 -0.037474 0.508768
0.837887 -0.037499 0.508689
0.837884 -0.037480 0.508553
0.837855 -0.037456 0.508435
0.837789 -0.037520 0.508059
0.837572 -0.037673 0.507120
0.836943 -0.037858 0.505674
0.835424 -0.038121 0.503405
0.834976 -0.038183 0.502814
0.833543 -0.038333 0.501034
0.832027 -0.038603 0.499216
0.830647 -0.038901 0.497405
0.829338 -0.039205 0.495596
0.828511 -0.039342 0.494330
0.827246 -0.039459 0.492345
0.825996 -0.039572 0.490243
0.825226 -0.039636 0.488968
0.823950 -0.039694 0.487020
0.822499 -0.039702 0.484823
0.821147 -0.039670 0.482747
0.820222 -0.039719 0.480563
0.819751 -0.039867 0.478906
0.819413 -0.040008 0.477609
0.818694 -0.040244 0.475803
0.817548 -0.040479 0.473709
0.816256 -0.040614 0.471595
0.815196 -0.040594 0.469317
0.814561 -0.040541 0.467059
0.814454 -0.040564 0.465715
0.814339 -0.040634 0.463621
0.814442 -0.040621 0.461284
0.814842 -0.040664 0.459168
0.815117 -0.040734 0.457760
0.814972 -0.040874 0.455895
0.814352 -0.040895 0.453815
0.813757 -0.040899 0.451607
0.813293 -0.040913 0.449504
0.813059 -0.040917 0.447320
0.812961 -0.040931 0.445902
0.812917 -0.040952 0.443849
0.812741 -0.041006 0.441951
0.812018 -0.041064 0.439795
0.811496 -0.040893 0.437171
0.811866 -0.040828 0.435587
0.812718 -0.040906 0.433482
0.813208 -0.040884 0.431214
0.813543 -0.040887 0.429825
0.814344 -0.040865 0.427715
0.814848 -0.040873 0.425878
0.814856 -0.040970 0.423870
0.814793 -0.040844 0.421598
0.814999 -0.040758 0.420297
0.815459 -0.040647 0.418072
0.816256 -0.040535 0.415832
0.816929 -0.040456 0.413938
0.817499 -0.040414 0.412593
0.818478 -0.040337 0.410608
0.819583 -0.040223 0.408760
0.820931 -0.040121 0.406726
0.822460 -0.040002 0.404861
0.823229 -0.040003 0.403521
0.823400 -0.039896 0.401344
0.823989 -0.039772 0.399481
0.824834 -0.039614 0.397721
0.825798 -0.039387 0.395731
0.826567 -0.039226 0.394509
0.827759 -0.038966 0.392859
0.829089 -0.038790 0.391184
0.830712 -0.038669 0.389403
0.832429 -0.038549 0.387647
0.833645 -0.038448 0.386513
0.835904 -0.038318 0.384670
0.837290 -0.038336 0.383610
End
0.832111 -0.019999 0.509886
0.831919 -0.020014 0.509894
0.831916 -0.020015 0.509908
0.831942 -0.020017 0.509922
0.831948 -0.020020 0.509922
0.831949 -0.020020 0.509923
0.831950 -0.020022 0.509924
0.831951 -0.020022 0.509924
0.831962 -0.020032 0.509810
0.831923 -0.020054 0.509646
0.831837 -0.020051 0.509121
0.831621 -0.020119 0.508049
0.831233 -0.020213 0.506869
0.830266 -0.020320 0.505375
0.829044 -0.020385 0.504113
0.826940 -0.020346 0.501996
0.824832 -0.020299 0.499607
0.823630 -0.020323 0.497614
0.823226 -0.020355 0.495772
0.823187 -0.020379 0.494819
0.822720 -0.020437 0.493204
0.821573 -0.020484 0.491455
0.819661 -0.020612 0.489359
0.817366 -0.020714 0.486903
0.816005 -0.020684 0.485299
0.814878 -0.020706 0.483334
0.814637 -0.020748 0.481274
0.815020 -0.020755 0.479480
0.815002 -0.020821 0.477515
0.814342 -0.020819 0.475513
0.813788 -0.020829 0.474216
0.812735 -0.020890 0.472215
0.811534 -0.020927 0.469953
0.810745 -0.020962 0.467818
0.810529 -0.021020 0.465949
0.810178 -0.021109 0.464010
0.809694 -0.021114 0.462241
0.809383 -0.021073 0.460157
0.809611 -0.021110 0.457962
0.809849 -0.021116 0.455984
0.809985 -0.021180 0.454152
0.809312 -0.021187 0.451755
0.808959 -0.021154 0.450249
0.808945 -0.021130 0.448216
0.808947 -0.021146 0.446184
0.808842 -0.021167 0.444139
0.808716 -0.021238 0.442293
0.808076 -0.021311 0.440192
0.807283 -0.021235 0.437761
0.807418 -0.021204 0.436388
0.808113 -0.021206 0.434282
0.808452 -0.021252 0.432005
0.808810 -0.021235 0.429779
0.809299 -0.021224 0.428397
0.809546 -0.021191 0.426354
0.809680 -0.021178 0.424265
0.810083 -0.021169 0.422038
0.810708 -0.021145 0.419962
0.811437 -0.021119 0.418106
0.812013 -0.021118 0.416617
0.813054 -0.021109 0.414696
0.813936 -0.021108 0.412534
0.814963 -0.021102 0.410394
0.816192 -0.021061 0.408378
0.817177 -0.021012 0.406977
0.818168 -0.020973 0.405168
0.818745 -0.020942 0.403228
0.819345 -0.020927 0.401439
0.819777 -0.020916 0.400136
0.820477 -0.020872 0.398134
0.821171 -0.020871 0.396099
0.822096 -0.020822 0.394168
0.822867 -0.020799 0.392918
0.824190 -0.020789 0.391073
0.825704 -0.020771 0.389395
0.826969 -0.020724 0.388163
0.828952 -0.020652 0.386448
0.830512 -0.020615 0.384756
0.831768 -0.020557 0.383198
0.832768 -0.020531 0.382437
End
0.832805 -0.002214 0.509803
0.832676 -0.002235 0.509817
0.832478 -0.002242 0.509832
0.832488 -0.002250 0.509845
0.832508 -0.002249 0.509859
0.832521 -0.002249 0.509857
0.832523 -0.002247 0.509858
0.832524 -0.002248 0.509857
0.832528 -0.002243 0.509836
0.832533 -0.002244 0.509702
0.832482 -0.002303 0.509538
0.832447 -0.002191 0.509132
0.832296 -0.002134 0.508403
0.832162 -0.002070 0.507501
0.831618 -0.001978 0.506305
0.830564 -0.001822 0.504810
0.828821 -0.001709 0.503009
0.826518 -0.001666 0.500818
0.824425 -0.001719 0.498820
0.822606 -0.001782 0.496533
0.821669 -0.001778 0.494564
0.821437 -0.001753 0.493473
0.821178 -0.001722 0.491978
0.820193 -0.001657 0.490240
0.818468 -0.001578 0.488038
0.816722 -0.001592 0.485712
0.815727 -0.001528 0.483689
0.815476 -0.001470 0.481794
0.815806 -0.001473 0.479956
0.815850 -0.001438 0.478763
0.815072 -0.001361 0.476668
0.813976 -0.001396 0.474137
0.813539 -0.001374 0.472351
0.813295 -0.001348 0.471264
0.812460 -0.001292 0.469440
0.810995 -0.001252 0.467167
0.809524 -0.001283 0.464685
0.809053 -0.001270 0.462612
0.809353 -0.001269 0.460712
0.809359 -0.001245 0.458744
0.808881 -0.001250 0.456245
0.808959 -0.001275 0.454830
0.809367 -0.001282 0.452750
0.809633 -0.001275 0.450589
0.809829 -0.001229 0.448586
0.809585 -0.001218 0.446363
0.809384 -0.001238 0.444691
0.809145 -0.001212 0.443487
0.808085 -0.001198 0.441000
0.807034 -0.001282 0.438670
0.807184 -0.001299 0.436605
0.807476 -0.001296 0.434656
0.807405 -0.001283 0.432784
0.807714 -0.001304 0.430607
0.808643 -0.001320 0.428596
0.809712 -0.001337 0.426522
0.811003 -0.001366 0.424412
0.812147 -0.001410 0.422469
0.812391 -0.001429 0.420281
0.812523 -0.001444 0.418914
0.812958 -0.001477 0.416940
0.813810 -0.001493 0.415046
0.814492 -0.001505 0.412883
0.815229 -0.001512 0.410714
0.816066 -0.001527 0.408764
0.817171 -0.001564 0.406841
0.817754 -0.001586 0.405597
0.818464 -0.001616 0.403699
0.819154 -0.001635 0.401863
0.819749 -0.001707 0.400066
0.820544 -0.001739 0.398188
0.821308 -0.001801 0.396339
0.822281 -0.001845 0.394253
0.823112 -0.001866 0.393010
0.824377 -0.001857 0.391109
0.825655 -0.001851 0.389558
0.827172 -0.001890 0.387978
0.828792 -0.001942 0.386389
0.829995 -0.001990 0.385193
0.830983 -0.002031 0.383540
0.832070 -0.002120 0.382577
End
0.836129 0.015540 0.508699
0.836021 0.015557 0.508702
0.835737 0.015534 0.508706
0.835735 0.015529 0.508718
0.835765 0.015525 0.508728
0.835782 0.015530 0.508727
0.835787 0.015531 0.508729
0.835789 0.015531 0.508729
0.835793 0.015539 0.508694
0.835797 0.015548 0.508575
0.835750 0.015510 0.508423
0.835704 0.015523 0.508124
0.835562 0.015667 0.507240
0.835329 0.015772 0.506416
0.834484 0.015996 0.504713
0.833090 0.016217 0.502845
0.831692 0.016320 0.501358
0.829747 0.016457 0.499268
0.828404 0.016644 0.497344
0.827314 0.016904 0.495341
0.826768 0.017061 0.494175
0.825905 0.017185 0.492332
0.825170 0.017317 0.490716
0.824262 0.017477 0.488978
0.823392 0.017595 0.487681
0.821469 0.017713 0.485283
0.819649 0.017641 0.482775
0.818547 0.017628 0.480635
0.818263 0.017725 0.479308
0.818260 0.017876 0.477441
0.817957 0.018071 0.475198
0.817629 0.018142 0.473679
0.817443 0.018255 0.471901
0.817047 0.018418 0.469989
0.815899 0.018529 0.467619
0.815201 0.018468 0.465994
0.814839 0.018413 0.463869
0.814973 0.018496 0.461934
0.814865 0.018610 0.459744
0.814614 0.018662 0.457540
0.814475 0.018665 0.455869
0.814439 0.018654 0.453852
0.814642 0.018643 0.451647
0.814750 0.018680 0.449747
0.814593 0.018730 0.448145
0.814535 0.018666 0.445700
0.814708 0.018650 0.443765
0.814680 0.018767 0.441858
0.814372 0.018853 0.440482
0.813513 0.018836 0.438138
0.813206 0.018691 0.435724
0.813286 0.018666 0.434294
0.813292 0.018695 0.432203
0.813278 0.018674 0.430017
0.813439 0.018618 0.427876
0.813889 0.018559 0.425865
0.814721 0.018541 0.423748
0.815207 0.018526 0.422418
0.815536 0.018459 0.420299
0.815778 0.018369 0.418054
0.816372 0.018208 0.416190
0.816961 0.018147 0.414692
0.817716 0.017994 0.412785
0.818745 0.017885 0.410858
0.819798 0.017868 0.408817
0.820730 0.017783 0.406812
0.821794 0.017705 0.404903
0.822673 0.017652 0.403544
0.824205 0.017615 0.401584
0.825234 0.017552 0.399737
0.825930 0.017401 0.397826
0.826459 0.017266 0.396471
0.827105 0.017021 0.394644
0.827802 0.016740 0.392997
0.828628 0.016615 0.391147
0.829765 0.016421 0.389397
0.830831 0.016377 0.388251
0.832351 0.016244 0.386532
0.834367 0.016106 0.384737
0.835955 0.016073 0.383613
0.836202 0.016082 0.383278
End
0.843295 0.031865 0.506074
0.843112 0.031852 0.506074
0.843042 0.031839 0.506090
0.843072 0.031837 0.506104
0.843081 0.031838 0.506103
0.843081 0.031838 0.506103
0.843082 0.031837 0.506104
0.843083 0.031845 0.506085
0.843071 0.031875 0.505945
0.843039 0.031840 0.505799
0.843024 0.031882 0.505655
0.842957 0.032083 0.505159
0.842658 0.032452 0.504071
0.841740 0.032906 0.502563
0.840542 0.033260 0.500775
0.839131 0.033539 0.498964
0.838214 0.033679 0.497717
0.836748 0.033875 0.495666
0.835266 0.033984 0.493537
0.834150 0.034100 0.491583
0.833360 0.034261 0.489611
0.832900 0.034521 0.487872
0.832439 0.034823 0.486081
0.831733 0.035167 0.484161
0.831134 0.035365 0.482808
0.830177 0.035606 0.480764
0.829284 0.035803 0.478813
0.828494 0.035963 0.476761
0.828031 0.036101 0.475437
0.827487 0.036228 0.473534
0.826818 0.036378 0.471462
0.825794 0.036454 0.468980
0.825217 0.036450 0.467571
0.824547 0.036452 0.465366
0.824148 0.036389 0.462952
0.824126 0.036405 0.461606
0.824088 0.036509 0.459491
0.823883 0.036582 0.457250
0.823774 0.036571 0.455087
0.823828 0.036620 0.453106
0.823832 0.036665 0.450854
0.823855 0.036692 0.448842
0.823800 0.036735 0.447385
0.823747 0.036752 0.445413
0.823679 0.036776 0.443254
0.823624 0.036763 0.441022
0.823659 0.036753 0.438944
0.823667 0.036737 0.437506
0.823830 0.036698 0.435493
0.823969 0.036753 0.433516
0.823889 0.036801 0.431262
0.823767 0.036782 0.429175
0.823753 0.036696 0.427769
0.823953 0.036600 0.425685
0.824276 0.036457 0.423444
0.824899 0.036343 0.421357
0.825590 0.036235 0.419267
0.826313 0.036173 0.417800
0.827476 0.036092 0.415673
0.828226 0.035933 0.413631
0.828654 0.035609 0.411589
0.828996 0.035443 0.410322
0.829639 0.035170 0.408382
0.830277 0.034916 0.406420
0.831073 0.034759 0.404397
0.831844 0.034650 0.402962
0.833033 0.034432 0.401081
0.834246 0.034182 0.399349
0.835562 0.033930 0.397457
0.836605 0.033808 0.396287
0.838337 0.033634 0.394372
0.839702 0.033493 0.392517
0.840903 0.033214 0.390776
0.842230 0.032917 0.389075
0.843098 0.032635 0.387910
0.844326 0.032287 0.386396
0.845104 0.032230 0.385803
End
0.849289 0.045972 0.502911
0.849976 0.046134 0.502959
0.849995 0.046160 0.502925
0.849896 0.046153 0.502938
0.849689 0.046147 0.502970
0.849695 0.046137 0.502964
0.849715 0.046131 0.502967
0.849722 0.046136 0.502967
0.849723 0.046131 0.502967
0.849724 0.046133 0.502968
0.849725 0.046132 0.502966
0.849732 0.046173 0.502847
0.849703 0.046152 0.502689
0.849677 0.046176 0.502454
0.849559 0.046361 0.501796
0.849100 0.046710 0.500270
0.848556 0.046977 0.499060
0.847676 0.047315 0.497162
0.846478 0.047559 0.495257
0.845458 0.047889 0.493197
0.844780 0.048198 0.491286
0.844478 0.048458 0.490027
0.844192 0.048962 0.488174
0.843753 0.049374 0.486211
0.843254 0.049707 0.484552
0.842870 0.049987 0.483186
0.842169 0.050336 0.481240
0.841480 0.050522 0.479108
0.840769 0.050659 0.477046
0.840201 0.050817 0.475124
0.839684 0.051065 0.473066
0.839216 0.051266 0.471074
0.838905 0.051429 0.469622
0.838364 0.051643 0.467463
0.837717 0.051766 0.465461
0.836972 0.051873 0.463286
0.836262 0.051910 0.461113
0.835872 0.051940 0.459707
0.835492 0.051960 0.457590
0.835334 0.051993 0.455450
0.835366 0.052061 0.453375
0.835504 0.052144 0.451284
0.835569 0.052211 0.449097
0.835558 0.052244 0.447640
0.835538 0.052262 0.445532
0.835562 0.052250 0.443406
0.835645 0.052224 0.441150
0.835729 0.052171 0.438963
0.835857 0.052160 0.437562
0.836109 0.052107 0.435368
0.836442 0.051993 0.433143
0.836915 0.051824 0.431024
0.837396 0.051747 0.429119
0.837686 0.051689 0.427391
0.837932 0.051636 0.425405
0.838162 0.051559 0.423215
0.838406 0.051402 0.421178
0.838750 0.051212 0.419238
0.839326 0.051099 0.417161
0.839973 0.050948 0.415131
0.840400 0.050817 0.413846
0.841049 0.050673 0.411705
0.841603 0.050396 0.409728
0.841876 0.050073 0.407840
0.842193 0.049828 0.405886
0.842565 0.049546 0.404643
0.843201 0.049148 0.402806
0.843854 0.048738 0.400990
0.844552 0.048314 0.399096
0.845374 0.047824 0.397276
0.846506 0.047526 0.395556
0.847487 0.047341 0.394275
0.848759 0.047115 0.392486
0.849913 0.046767 0.390494
0.850768 0.046589 0.389597
0.851560 0.046565 0.388990
End
