0 1356996643.208000000 1356996652.904000000
1 1356996664.693000000 1356996674.897000000
2 1356996686.397000000 1356996696.814000000
3 1356996708.116000000 1356996718.690000000
4 1356996729.796000000 1356996740.304000000
5 1356996751.599000000 1356996761.902000000
6 1356996773.991000000 1356996783.605000000
7 1356996796.014000000 1356996805.302000000
8 1356996817.995000000 1356996827.707000000
9 1356996840.022000000 1356996849.946000000
10 1356996861.407000000 1356996871.722000000
11 1356996882.899000000 1356996893.190000000
12 1356996904.414000000 1356996914.799000000
13 1356996926.192000000 1356996936.615000000
14 1356996948.499000000 1356996958.515000000
15 1356996971.414000000 1356996981.295000000
